0 0.589844 0.581250 0.029687 0.021875
0 0.595313 0.543750 0.031250 0.031250
0 0.666406 0.601562 0.026562 0.015625
0 0.625781 0.598437 0.017188 0.025000
0 0.337500 0.392188 0.015625 0.018750
0 0.540625 0.514062 0.018750 0.009375
0 0.538281 0.558594 0.010937 0.014063
0 0.225781 0.924219 0.020313 0.026562
0 0.324219 0.830469 0.026562 0.032813
0 0.239063 0.195312 0.028125 0.028125
0 0.193750 0.189844 0.025000 0.026562
0 0.470313 0.412500 0.018750 0.018750
0 0.476562 0.450781 0.034375 0.014063
0 0.664062 0.228125 0.025000 0.028125
0 0.650000 0.170313 0.015625 0.031250
0 0.195312 0.848437 0.040625 0.037500
0 0.498437 0.580469 0.015625 0.010937
0 0.458594 0.867188 0.007812 0.018750
0 0.436719 0.831250 0.014063 0.012500
0 0.718750 0.515625 0.006250 0.012500
0 0.472656 0.557031 0.014063 0.023438
0 0.482812 0.510156 0.043750 0.045312
0 0.308594 0.785937 0.035937 0.034375
0 0.297656 0.744531 0.017188 0.014063
0 0.294531 0.700000 0.017188 0.028125
0 0.554688 0.453125 0.015625 0.018750
0 0.325781 0.885938 0.010937 0.015625
0 0.759375 0.568750 0.009375 0.015625
0 0.904687 0.572656 0.028125 0.023438
0 0.869531 0.571094 0.010937 0.020313
