0 0.487109 0.273296 0.005469 0.018081
0 0.522656 0.256606 0.020313 0.040334
0 0.480078 0.440195 0.010156 0.018081
0 0.781250 0.468011 0.004687 0.015299
0 0.769531 0.296245 0.018750 0.022253
0 0.552734 0.380389 0.022656 0.034771
0 0.517188 0.391516 0.021875 0.015299
0 0.341406 0.306676 0.004687 0.012517
0 0.679688 0.431850 0.004687 0.020862
0 0.633984 0.444367 0.024219 0.043115
0 0.608984 0.290682 0.007031 0.011127
0 0.573047 0.317107 0.011719 0.022253
0 0.677344 0.363700 0.010937 0.023644
0 0.584375 0.402643 0.006250 0.012517
0 0.430859 0.464534 0.014844 0.011127
0 0.503125 0.338665 0.012500 0.020862
0 0.403516 0.365786 0.007031 0.016690
0 0.428125 0.394298 0.025000 0.043115
0 0.750000 0.401947 0.015625 0.022253
0 0.774219 0.386648 0.021875 0.038943
0 0.669922 0.252434 0.014844 0.031989
0 0.573828 0.246871 0.007031 0.009736
0 0.756250 0.255216 0.010937 0.029207
0 0.435937 0.254520 0.015625 0.016690
0 0.413281 0.235744 0.017188 0.026426
