0 0.978125 0.185938 0.006250 0.012500
0 0.525781 0.739062 0.014063 0.006250
0 0.496875 0.742188 0.015625 0.012500
0 0.753125 0.678906 0.018750 0.010937
0 0.715625 0.674219 0.021875 0.026562
0 0.709375 0.734375 0.031250 0.025000
0 0.762500 0.739844 0.028125 0.023438
0 0.760156 0.710938 0.017188 0.015625
0 0.710156 0.631250 0.017188 0.015625
0 0.661719 0.731250 0.010937 0.012500
0 0.642188 0.697656 0.018750 0.020313
0 0.590625 0.704688 0.012500 0.031250
0 0.426563 0.672656 0.028125 0.029687
0 0.536719 0.640625 0.023438 0.015625
0 0.407031 0.634375 0.017188 0.021875
0 0.430469 0.637500 0.010937 0.009375
0 0.627344 0.645312 0.017188 0.015625
0 0.624219 0.675000 0.014063 0.009375
0 0.650781 0.671094 0.020313 0.017188
0 0.540625 0.702344 0.031250 0.029687
0 0.504687 0.671094 0.009375 0.014063
0 0.561719 0.670312 0.014063 0.015625
0 0.427344 0.707812 0.017188 0.021875
0 0.462500 0.700000 0.028125 0.025000
0 0.415625 0.737500 0.021875 0.021875
0 0.471875 0.737500 0.021875 0.015625
