0 0.438000 0.377155 0.009333 0.034483
0 0.345333 0.411638 0.016000 0.021552
0 0.534667 0.406250 0.008000 0.010776
0 0.493333 0.455819 0.005333 0.019397
0 0.481333 0.346983 0.016000 0.021552
0 0.458667 0.346983 0.013333 0.021552
0 0.533333 0.375000 0.013333 0.030172
0 0.512000 0.381466 0.016000 0.025862
0 0.424667 0.448276 0.020000 0.034483
0 0.507333 0.340517 0.012000 0.017241
0 0.370667 0.378233 0.016000 0.032328
0 0.341333 0.370690 0.013333 0.021552
0 0.486667 0.413793 0.016000 0.012931
0 0.463333 0.412716 0.012000 0.019397
0 0.488667 0.387931 0.009333 0.017241
0 0.382667 0.349138 0.010667 0.008621
0 0.346000 0.341595 0.009333 0.010776
0 0.374667 0.443966 0.005333 0.017241
0 0.411333 0.337284 0.012000 0.019397
0 0.520667 0.442888 0.025333 0.019397
0 0.424667 0.413793 0.012000 0.017241
0 0.397333 0.406250 0.008000 0.010776
