0 0.565625 0.645833 0.031250 0.025000
0 0.276562 0.187500 0.015625 0.033333
0 0.312500 0.214583 0.012500 0.029167
0 0.450000 0.412500 0.012500 0.016667
0 0.415625 0.412500 0.018750 0.016667
0 0.700000 0.489583 0.012500 0.045833
0 0.276562 0.256250 0.015625 0.037500
0 0.306250 0.437500 0.012500 0.016667
0 0.343750 0.433333 0.012500 0.016667
0 0.142187 0.383333 0.015625 0.016667
0 0.181250 0.379167 0.012500 0.016667
0 0.682813 0.597917 0.015625 0.037500
0 0.642188 0.612500 0.009375 0.016667
0 0.210938 0.208333 0.021875 0.025000
0 0.581250 0.541667 0.012500 0.025000
0 0.143750 0.214583 0.031250 0.037500
0 0.109375 0.227083 0.012500 0.012500
0 0.115625 0.418750 0.018750 0.020833
0 0.589063 0.585417 0.021875 0.020833
0 0.143750 0.312500 0.012500 0.016667
0 0.115625 0.314583 0.012500 0.020833
0 0.143750 0.275000 0.018750 0.025000
0 0.646875 0.506250 0.012500 0.020833
0 0.175000 0.410417 0.018750 0.012500
0 0.820312 0.654167 0.015625 0.041667
0 0.784375 0.662500 0.012500 0.025000
0 0.246875 0.456250 0.012500 0.020833
0 0.271875 0.437500 0.012500 0.016667
0 0.206250 0.435417 0.012500 0.020833
0 0.178125 0.266667 0.012500 0.016667
