0 0.355469 0.611328 0.023438 0.011719
0 0.405273 0.602539 0.037109 0.021484
0 0.221680 0.497070 0.021484 0.013672
0 0.357422 0.572266 0.019531 0.027344
0 0.383789 0.565430 0.017578 0.013672
0 0.521484 0.507812 0.042969 0.046875
0 0.455078 0.508789 0.015625 0.021484
0 0.361328 0.517578 0.031250 0.031250
0 0.405273 0.497070 0.013672 0.013672
0 0.598633 0.503906 0.033203 0.035156
0 0.638672 0.505859 0.015625 0.015625
0 0.371094 0.666992 0.050781 0.052734
0 0.433594 0.665039 0.011719 0.013672
0 0.272461 0.610352 0.041016 0.044922
0 0.221680 0.594727 0.009766 0.013672
0 0.296875 0.549805 0.027344 0.017578
0 0.499023 0.566406 0.021484 0.019531
0 0.503906 0.620117 0.035156 0.029297
0 0.585938 0.661133 0.039062 0.037109
0 0.466797 0.683594 0.019531 0.011719
0 0.641602 0.622070 0.044922 0.033203
0 0.589844 0.616211 0.027344 0.025391
0 0.587891 0.567383 0.039062 0.033203
0 0.629883 0.576172 0.013672 0.019531
0 0.219727 0.661133 0.037109 0.033203
