0 0.643750 0.777344 0.015625 0.017188
0 0.453906 0.817187 0.014063 0.012500
0 0.420312 0.813281 0.012500 0.017188
0 0.684375 0.792969 0.009375 0.014063
0 0.865625 0.575000 0.006250 0.012500
0 0.840625 0.575000 0.028125 0.028125
0 0.800000 0.423438 0.021875 0.012500
0 0.766406 0.410156 0.032813 0.035937
0 0.596094 0.759375 0.007812 0.012500
0 0.510156 0.667188 0.023438 0.025000
0 0.479687 0.667969 0.015625 0.017188
0 0.489844 0.565625 0.007812 0.015625
0 0.410156 0.616406 0.035937 0.017188
0 0.630469 0.482031 0.029687 0.023438
0 0.620313 0.556250 0.028125 0.018750
0 0.689063 0.813281 0.015625 0.014063
0 0.685937 0.759375 0.031250 0.015625
0 0.778125 0.471875 0.037500 0.015625
0 0.769531 0.832812 0.026562 0.018750
0 0.775000 0.864844 0.012500 0.004687
0 0.314844 0.557813 0.035937 0.037500
0 0.552344 0.778125 0.014063 0.015625
0 0.403125 0.681250 0.018750 0.012500
0 0.361719 0.676562 0.017188 0.012500
0 0.317969 0.816406 0.017188 0.014063
0 0.628906 0.730469 0.014063 0.017188
0 0.860156 0.529687 0.010937 0.015625
0 0.771094 0.757031 0.039062 0.026562
0 0.729688 0.749219 0.012500 0.014063
0 0.588281 0.564063 0.014063 0.012500
