0 0.223633 0.765625 0.021484 0.019531
0 0.973633 0.457031 0.044922 0.042969
0 0.809570 0.603516 0.029297 0.027344
0 0.840820 0.586914 0.013672 0.017578
0 0.048828 0.496094 0.035156 0.035156
0 0.054688 0.449219 0.027344 0.019531
0 0.966797 0.387695 0.035156 0.037109
0 0.949219 0.331055 0.019531 0.029297
0 0.254883 0.841797 0.013672 0.007812
0 0.266602 0.704102 0.021484 0.025391
0 0.129883 0.559570 0.013672 0.009766
0 0.197266 0.556641 0.011719 0.015625
0 0.255859 0.810547 0.015625 0.011719
0 0.139648 0.476562 0.041016 0.039062
0 0.120117 0.441406 0.029297 0.015625
0 0.296875 0.780273 0.019531 0.017578
0 0.886719 0.595703 0.011719 0.019531
0 0.043945 0.412109 0.017578 0.023438
0 0.076172 0.354492 0.015625 0.013672
0 0.328125 0.578125 0.031250 0.039062
0 0.388672 0.591797 0.015625 0.019531
0 0.175781 0.671875 0.046875 0.046875
0 0.160156 0.623047 0.023438 0.015625
0 0.885742 0.749023 0.037109 0.044922
0 0.332031 0.631836 0.011719 0.009766
0 0.348633 0.360352 0.033203 0.041016
0 0.783203 0.413086 0.015625 0.021484
0 0.761719 0.330078 0.042969 0.031250
0 0.294922 0.875000 0.031250 0.042969
0 0.333984 0.787109 0.023438 0.019531
