0 0.810547 0.768555 0.027344 0.029297
0 0.820312 0.920898 0.011719 0.009766
0 0.772461 0.875000 0.025391 0.023438
0 0.842773 0.783203 0.017578 0.027344
0 0.774414 0.905273 0.009766 0.017578
0 0.772461 0.926758 0.017578 0.009766
0 0.873047 0.906250 0.011719 0.019531
0 0.842773 0.859375 0.033203 0.027344
0 0.846680 0.884766 0.013672 0.007812
0 0.843750 0.824219 0.023438 0.027344
0 0.773438 0.824219 0.031250 0.027344
0 0.879883 0.770508 0.029297 0.025391
0 0.768555 0.758789 0.021484 0.013672
0 0.765625 0.790039 0.015625 0.009766
0 0.810547 0.816406 0.023438 0.027344
0 0.879883 0.823242 0.025391 0.025391
0 0.882812 0.872070 0.023438 0.029297
0 0.803711 0.860352 0.009766 0.013672
0 0.850586 0.907227 0.017578 0.013672
