0 0.424805 0.330078 0.044922 0.050781
0 0.594727 0.180664 0.021484 0.021484
0 0.542969 0.199219 0.027344 0.031250
0 0.460938 0.407227 0.031250 0.017578
0 0.208984 0.398438 0.015625 0.035156
0 0.257812 0.394531 0.031250 0.019531
0 0.539062 0.382812 0.019531 0.019531
0 0.770508 0.371094 0.025391 0.023438
0 0.710938 0.395508 0.027344 0.021484
0 0.674805 0.395508 0.025391 0.017578
0 0.291992 0.329102 0.013672 0.013672
0 0.366211 0.223633 0.013672 0.009766
0 0.298828 0.212891 0.019531 0.019531
0 0.243164 0.318359 0.029297 0.023438
0 0.180664 0.331055 0.009766 0.013672
0 0.751953 0.443359 0.035156 0.019531
0 0.811523 0.437500 0.013672 0.015625
0 0.591797 0.375000 0.015625 0.015625
0 0.509766 0.392578 0.023438 0.015625
0 0.561523 0.417969 0.013672 0.019531
0 0.601562 0.416992 0.023438 0.017578
0 0.216797 0.207031 0.042969 0.046875
0 0.500000 0.441406 0.023438 0.023438
0 0.643555 0.415039 0.013672 0.013672
0 0.808594 0.396484 0.015625 0.019531
0 0.785156 0.401367 0.015625 0.009766
0 0.642578 0.373047 0.015625 0.019531
0 0.689453 0.369141 0.039062 0.015625
0 0.750000 0.413086 0.015625 0.009766
0 0.701172 0.438477 0.007812 0.013672
