0 0.289548 0.688380 0.025424 0.024648
0 0.324859 0.691901 0.011299 0.010563
0 0.293785 0.343310 0.011299 0.017606
0 0.307910 0.382042 0.016949 0.024648
0 0.299435 0.853873 0.033898 0.031690
0 0.375706 0.850352 0.016949 0.024648
0 0.460452 0.792254 0.016949 0.021127
0 0.242938 0.681338 0.016949 0.024648
0 0.367232 0.360915 0.022599 0.024648
0 0.338983 0.389085 0.011299 0.024648
0 0.378531 0.663732 0.022599 0.024648
0 0.358757 0.811620 0.011299 0.017606
0 0.398305 0.786972 0.011299 0.024648
0 0.214689 0.732394 0.022599 0.028169
0 0.464689 0.459507 0.025424 0.038732
0 0.370056 0.753521 0.016949 0.014085
0 0.360169 0.720070 0.025424 0.024648
0 0.347458 0.566901 0.022599 0.014085
0 0.368644 0.524648 0.014124 0.014085
0 0.242938 0.875000 0.011299 0.017606
0 0.214689 0.860915 0.022599 0.031690
0 0.392655 0.404930 0.016949 0.028169
0 0.395480 0.345070 0.011299 0.021127
0 0.354520 0.480634 0.031073 0.038732
0 0.312147 0.589789 0.025424 0.031690
0 0.347458 0.660211 0.011299 0.010563
0 0.370056 0.628521 0.016949 0.017606
0 0.230226 0.823944 0.025424 0.014085
0 0.257062 0.790493 0.011299 0.024648
0 0.401130 0.575704 0.016949 0.031690
