0 0.882031 0.776563 0.014063 0.037500
0 0.926562 0.775781 0.018750 0.010937
0 0.896875 0.864844 0.012500 0.017188
0 0.903125 0.765625 0.012500 0.012500
0 0.900781 0.782813 0.010937 0.009375
0 0.524219 0.517188 0.039062 0.040625
0 0.927344 0.901563 0.023438 0.018750
0 0.478125 0.496875 0.034375 0.043750
0 0.474219 0.536719 0.029687 0.023438
0 0.457813 0.384375 0.021875 0.021875
0 0.524219 0.664844 0.023438 0.020313
0 0.521094 0.714844 0.042188 0.017188
0 0.412500 0.432031 0.031250 0.029687
0 0.882031 0.903906 0.014063 0.014063
0 0.873437 0.925781 0.018750 0.017188
0 0.358594 0.387500 0.010937 0.012500
0 0.371875 0.428906 0.018750 0.039062
0 0.951562 0.812500 0.025000 0.025000
0 0.949219 0.837500 0.017188 0.012500
0 0.460156 0.675781 0.014063 0.010937
0 0.460938 0.713281 0.021875 0.023438
0 0.918750 0.818750 0.009375 0.012500
0 0.876563 0.820312 0.025000 0.021875
0 0.954688 0.767969 0.015625 0.017188
0 0.421094 0.485156 0.045312 0.048438
0 0.430469 0.587500 0.026562 0.021875
0 0.399219 0.609375 0.010937 0.009375
0 0.518750 0.603906 0.015625 0.020313
0 0.471875 0.586719 0.021875 0.035937
0 0.473438 0.625781 0.012500 0.010937
