0 0.216797 0.597656 0.015625 0.011719
0 0.203125 0.641602 0.027344 0.029297
0 0.384766 0.720703 0.019531 0.023438
0 0.707031 0.772461 0.031250 0.033203
0 0.758789 0.789062 0.013672 0.027344
0 0.225586 0.760742 0.021484 0.009766
0 0.263672 0.761719 0.019531 0.015625
0 0.934570 0.628906 0.017578 0.015625
0 0.364258 0.862305 0.025391 0.041016
0 0.648438 0.784180 0.023438 0.021484
0 0.649414 0.813477 0.017578 0.021484
0 0.872070 0.435547 0.013672 0.015625
0 0.778320 0.378906 0.033203 0.019531
0 0.798828 0.322266 0.035156 0.035156
0 0.586914 0.879883 0.021484 0.021484
0 0.641602 0.417969 0.025391 0.027344
0 0.213867 0.717773 0.025391 0.033203
0 0.464844 0.680664 0.027344 0.033203
0 0.322266 0.685547 0.050781 0.050781
0 0.505859 0.842773 0.015625 0.005859
0 0.590820 0.791016 0.025391 0.023438
0 0.591797 0.822266 0.023438 0.019531
0 0.622070 0.742188 0.021484 0.023438
0 0.622070 0.716797 0.013672 0.007812
0 0.176758 0.806641 0.025391 0.019531
0 0.135742 0.791992 0.025391 0.017578
0 0.580078 0.328125 0.027344 0.039062
0 0.546875 0.825195 0.011719 0.009766
0 0.535156 0.847656 0.015625 0.015625
0 0.415039 0.843750 0.029297 0.019531
