0 0.237500 0.707031 0.009375 0.010937
0 0.160938 0.622656 0.043750 0.029687
0 0.057813 0.630469 0.025000 0.035937
0 0.103906 0.662500 0.026562 0.028125
0 0.039062 0.753906 0.021875 0.029687
0 0.072656 0.757812 0.017188 0.015625
0 0.216406 0.627344 0.035937 0.035937
0 0.169531 0.717969 0.029687 0.035937
0 0.142969 0.721094 0.007812 0.020313
0 0.100000 0.767188 0.025000 0.021875
0 0.093750 0.744531 0.012500 0.010937
0 0.114062 0.714844 0.021875 0.032813
0 0.119531 0.619531 0.014063 0.010937
0 0.230469 0.764062 0.035937 0.025000
0 0.071875 0.672656 0.012500 0.014063
0 0.044531 0.672656 0.010937 0.014063
0 0.034375 0.717187 0.015625 0.018750
0 0.244531 0.667969 0.010937 0.014063
0 0.169531 0.749219 0.014063 0.014063
0 0.163281 0.672656 0.029687 0.029687
0 0.189844 0.686719 0.007812 0.014063
