0 0.954688 0.097656 0.031250 0.023438
0 0.069531 0.553125 0.029687 0.025000
0 0.841406 0.120313 0.029687 0.018750
0 0.077344 0.657031 0.014063 0.014063
0 0.057031 0.679688 0.007812 0.012500
0 0.203906 0.603125 0.014063 0.012500
0 0.117188 0.554688 0.040625 0.031250
0 0.126562 0.664844 0.021875 0.032813
0 0.100000 0.671094 0.015625 0.023438
0 0.919531 0.132031 0.020313 0.026562
0 0.160938 0.629687 0.034375 0.034375
0 0.883594 0.021875 0.026562 0.018750
0 0.104688 0.589844 0.015625 0.010937
0 0.125000 0.589844 0.009375 0.020313
0 0.889062 0.088281 0.018750 0.017188
0 0.866406 0.097656 0.007812 0.014063
0 0.075781 0.596094 0.017188 0.014063
0 0.915625 0.092969 0.015625 0.014063
0 0.915625 0.069531 0.015625 0.014063
0 0.177344 0.674219 0.017188 0.014063
0 0.849219 0.060937 0.023438 0.021875
0 0.175000 0.560937 0.009375 0.012500
0 0.153125 0.553906 0.018750 0.017188
0 0.965625 0.057813 0.021875 0.025000
0 0.215625 0.667969 0.031250 0.035937
0 0.200000 0.628906 0.015625 0.014063
0 0.223438 0.632031 0.012500 0.020313
0 0.921094 0.028125 0.035937 0.031250
0 0.894531 0.125781 0.010937 0.014063
0 0.891406 0.062500 0.014063 0.021875
