0 0.680664 0.801758 0.013672 0.013672
0 0.809570 0.629883 0.025391 0.009766
0 0.527344 0.862305 0.011719 0.013672
0 0.637695 0.860352 0.021484 0.021484
0 0.485352 0.836914 0.025391 0.025391
0 0.445312 0.841797 0.011719 0.015625
0 0.374023 0.843750 0.013672 0.011719
0 0.612305 0.832031 0.017578 0.015625
0 0.754883 0.740234 0.025391 0.035156
0 0.754883 0.708008 0.013672 0.009766
0 0.849609 0.602539 0.019531 0.021484
0 0.894531 0.691406 0.015625 0.027344
0 0.924805 0.692383 0.013672 0.009766
0 0.761719 0.670898 0.015625 0.005859
0 0.755859 0.905273 0.023438 0.021484
0 0.708008 0.965820 0.013672 0.009766
0 0.925781 0.805664 0.031250 0.029297
0 0.738281 0.311523 0.031250 0.033203
0 0.738281 0.353516 0.027344 0.019531
0 0.373047 0.897461 0.035156 0.009766
0 0.424805 0.886719 0.013672 0.007812
0 0.705078 0.729492 0.011719 0.013672
0 0.780273 0.719727 0.009766 0.017578
0 0.836914 0.655273 0.017578 0.021484
0 0.752930 0.390625 0.017578 0.015625
0 0.742188 0.650391 0.023438 0.019531
0 0.468750 0.916992 0.007812 0.013672
0 0.786133 0.441406 0.037109 0.039062
0 0.784180 0.396484 0.017578 0.027344
0 0.725586 0.700195 0.017578 0.013672
