0 0.570000 0.891720 0.010000 0.012739
0 0.648333 0.880573 0.020000 0.015924
0 0.655000 0.912420 0.006667 0.015924
0 0.625833 0.541401 0.011667 0.025478
0 0.606667 0.541401 0.013333 0.025478
0 0.580833 0.519108 0.018333 0.012739
0 0.633333 0.590764 0.010000 0.015924
0 0.557500 0.751592 0.008333 0.019108
0 0.695833 0.570064 0.015000 0.025478
0 0.586667 0.568471 0.010000 0.028662
0 0.670000 0.573248 0.010000 0.019108
0 0.649167 0.570064 0.008333 0.012739
0 0.653333 0.512739 0.013333 0.025478
0 0.688333 0.711783 0.006667 0.015924
0 0.613333 0.735669 0.010000 0.044586
0 0.670000 0.544586 0.010000 0.012739
0 0.565833 0.597134 0.015000 0.028662
0 0.803333 0.783439 0.006667 0.019108
0 0.675833 0.820064 0.021667 0.047771
0 0.714167 0.888535 0.018333 0.019108
0 0.705000 0.538217 0.010000 0.012739
0 0.788333 0.939490 0.010000 0.012739
0 0.667500 0.971338 0.008333 0.019108
0 0.882500 0.882166 0.018333 0.038217
0 0.602500 0.576433 0.005000 0.012739
0 0.851667 0.957006 0.013333 0.022293
0 0.712500 0.813694 0.011667 0.041401
0 0.670000 0.601911 0.010000 0.012739
0 0.720000 0.597134 0.010000 0.015924
0 0.690000 0.603503 0.006667 0.015924
