0 0.730469 0.902344 0.023438 0.015625
0 0.475586 0.885742 0.009766 0.013672
0 0.572266 0.902344 0.015625 0.015625
0 0.605469 0.903320 0.015625 0.013672
0 0.406250 0.871094 0.015625 0.015625
0 0.455078 0.872070 0.011719 0.009766
0 0.481445 0.855469 0.013672 0.015625
0 0.684570 0.855469 0.021484 0.015625
0 0.744141 0.854492 0.011719 0.013672
0 0.425781 0.901367 0.011719 0.009766
0 0.453125 0.901367 0.019531 0.013672
0 0.533203 0.871094 0.011719 0.015625
0 0.526367 0.902344 0.013672 0.015625
0 0.501953 0.902344 0.015625 0.015625
0 0.576172 0.871094 0.015625 0.015625
0 0.605469 0.870117 0.011719 0.013672
0 0.631836 0.884766 0.017578 0.011719
0 0.641602 0.856445 0.009766 0.013672
0 0.691406 0.886719 0.015625 0.015625
0 0.670898 0.886719 0.009766 0.015625
0 0.716797 0.872070 0.011719 0.009766
