0 0.450000 0.561719 0.018750 0.017188
0 0.364063 0.329688 0.018750 0.015625
0 0.365625 0.805469 0.015625 0.020313
0 0.392969 0.796094 0.014063 0.014063
0 0.820312 0.451562 0.025000 0.025000
0 0.787500 0.528125 0.015625 0.006250
0 0.345313 0.469531 0.040625 0.048438
0 0.346094 0.417969 0.014063 0.017188
0 0.606250 0.264844 0.025000 0.020313
0 0.510938 0.586719 0.028125 0.029687
0 0.656250 0.551562 0.012500 0.006250
0 0.721875 0.543750 0.034375 0.034375
0 0.460156 0.594531 0.032813 0.029687
0 0.480469 0.564844 0.014063 0.014063
0 0.703906 0.761719 0.026562 0.026562
0 0.696875 0.796094 0.018750 0.017188
0 0.670312 0.687500 0.018750 0.012500
0 0.700781 0.865625 0.020313 0.015625
0 0.689063 0.897656 0.021875 0.014063
0 0.340625 0.541406 0.021875 0.029687
0 0.792969 0.707812 0.029687 0.021875
0 0.523438 0.497656 0.018750 0.020313
0 0.485156 0.500000 0.014063 0.025000
0 0.380469 0.506250 0.010937 0.012500
0 0.682813 0.426563 0.018750 0.015625
0 0.692187 0.474219 0.015625 0.017188
0 0.464062 0.524219 0.012500 0.014063
0 0.439844 0.504687 0.007812 0.012500
0 0.631250 0.749219 0.046875 0.042188
0 0.300000 0.247656 0.018750 0.020313
