0 0.447619 0.308399 0.022857 0.097113
0 0.630476 0.611549 0.011429 0.015748
0 0.820952 0.538058 0.011429 0.010499
0 0.820000 0.586614 0.020952 0.023622
0 0.816190 0.502625 0.017143 0.013123
0 0.332381 0.803150 0.009524 0.015748
0 0.374286 0.804462 0.017143 0.028871
0 0.510476 0.492126 0.026667 0.034121
0 0.822857 0.463255 0.022857 0.018373
0 0.283810 0.762467 0.022857 0.023622
0 0.760000 0.622047 0.022857 0.031496
0 0.803810 0.645669 0.026667 0.031496
0 0.555238 0.627297 0.020952 0.020997
0 0.380000 0.502625 0.017143 0.028871
0 0.396190 0.706037 0.007619 0.015748
0 0.194286 0.751969 0.019048 0.018373
0 0.420000 0.758530 0.028571 0.026247
0 0.457143 0.757218 0.022857 0.023622
0 0.847619 0.712598 0.019048 0.034121
0 0.788571 0.607612 0.011429 0.018373
0 0.321905 0.690289 0.019048 0.010499
0 0.376190 0.721785 0.013333 0.015748
0 0.539048 0.486877 0.007619 0.013123
0 0.607619 0.640420 0.011429 0.010499
0 0.262857 0.715223 0.015238 0.023622
0 0.145714 0.694226 0.017143 0.018373
0 0.196190 0.696850 0.007619 0.018373
0 0.760000 0.552493 0.011429 0.039370
0 0.784762 0.532808 0.022857 0.020997
0 0.378095 0.649606 0.017143 0.013123
0 0.356190 0.674541 0.015238 0.010499
