0 0.611719 0.322353 0.032813 0.037647
0 0.641406 0.343529 0.007812 0.017255
0 0.468750 0.826275 0.025000 0.027451
0 0.325781 0.223922 0.017188 0.019608
0 0.291016 0.220784 0.019531 0.016471
0 0.662109 0.861569 0.014844 0.018039
0 0.601562 0.412157 0.031250 0.030588
0 0.502734 0.456863 0.028906 0.019608
0 0.201172 0.645882 0.035156 0.040000
0 0.141797 0.596078 0.021094 0.029804
0 0.534766 0.685490 0.028906 0.029804
0 0.552344 0.654118 0.028125 0.025098
0 0.320703 0.254510 0.022656 0.022745
0 0.457813 0.674118 0.015625 0.008627
0 0.757422 0.366275 0.024219 0.015686
0 0.518359 0.921176 0.036719 0.022745
0 0.521875 0.943529 0.020313 0.009412
0 0.190234 0.250588 0.022656 0.021176
0 0.523047 0.744706 0.044531 0.044706
0 0.546484 0.791765 0.019531 0.018039
0 0.125000 0.227843 0.018750 0.022745
0 0.143750 0.228627 0.010937 0.011765
0 0.505859 0.431765 0.019531 0.018039
0 0.537109 0.431765 0.019531 0.019608
0 0.181641 0.310980 0.013281 0.008627
0 0.193359 0.221569 0.014844 0.008627
0 0.171094 0.227059 0.014063 0.008627
0 0.799219 0.273725 0.017188 0.018824
0 0.185547 0.522353 0.032031 0.031373
0 0.491797 0.385098 0.033594 0.036078
