0 0.779583 0.520000 0.025833 0.020000
0 0.775417 0.549444 0.014167 0.014444
0 0.490000 0.468333 0.011667 0.016667
0 0.513333 0.497222 0.008333 0.023333
0 0.536667 0.497778 0.016667 0.022222
0 0.780833 0.641667 0.021667 0.027778
0 0.818750 0.345000 0.019167 0.038889
0 0.807917 0.286111 0.012500 0.032222
0 0.686250 0.489444 0.010833 0.007778
0 0.665833 0.468333 0.005000 0.012222
0 0.614583 0.446667 0.010833 0.013333
0 0.723333 0.402778 0.013333 0.027778
0 0.750000 0.383889 0.008333 0.021111
0 0.517083 0.468889 0.015833 0.020000
0 0.687917 0.659444 0.022500 0.043333
0 0.831250 0.601667 0.015833 0.025556
0 0.830000 0.670000 0.010000 0.015556
0 0.831250 0.492778 0.020833 0.014444
0 0.807917 0.532222 0.010833 0.020000
0 0.437083 0.446111 0.017500 0.025556
0 0.611667 0.476667 0.006667 0.015556
0 0.585833 0.472222 0.015000 0.024444
0 0.780000 0.338889 0.020000 0.024444
0 0.433750 0.525000 0.015833 0.025556
0 0.474167 0.522222 0.026667 0.020000
0 0.594167 0.525000 0.018333 0.025556
0 0.638750 0.521111 0.014167 0.020000
0 0.725417 0.442222 0.012500 0.015556
0 0.484167 0.495556 0.008333 0.017778
0 0.727083 0.481667 0.022500 0.014444
