0 0.263672 0.579102 0.011719 0.009766
0 0.333008 0.523438 0.013672 0.011719
0 0.231445 0.403320 0.025391 0.025391
0 0.405273 0.557617 0.037109 0.033203
0 0.400391 0.787109 0.023438 0.023438
0 0.715820 0.613281 0.013672 0.011719
0 0.752930 0.635742 0.033203 0.025391
0 0.543945 0.313477 0.041016 0.044922
0 0.479492 0.316406 0.025391 0.019531
0 0.752930 0.195312 0.017578 0.015625
0 0.723633 0.203125 0.009766 0.015625
0 0.596680 0.516602 0.029297 0.017578
0 0.659180 0.510742 0.017578 0.009766
0 0.842773 0.173828 0.021484 0.019531
0 0.880859 0.179688 0.019531 0.011719
0 0.427734 0.411133 0.011719 0.009766
0 0.100586 0.417969 0.037109 0.027344
0 0.639648 0.786133 0.017578 0.009766
0 0.647461 0.821289 0.017578 0.021484
0 0.635742 0.764648 0.009766 0.013672
0 0.644531 0.738281 0.015625 0.007812
0 0.769531 0.735352 0.011719 0.013672
0 0.289062 0.650391 0.042969 0.039062
0 0.333984 0.653320 0.031250 0.037109
0 0.770508 0.681641 0.021484 0.023438
0 0.719727 0.688477 0.041016 0.044922
0 0.644531 0.473633 0.046875 0.048828
0 0.589844 0.458984 0.027344 0.027344
0 0.882812 0.688477 0.019531 0.021484
0 0.852539 0.675781 0.021484 0.019531
