0 0.870313 0.625781 0.028125 0.035937
0 0.862500 0.589844 0.015625 0.020313
0 0.471875 0.785156 0.021875 0.032813
0 0.510938 0.789062 0.018750 0.018750
0 0.872656 0.854688 0.014063 0.009375
0 0.870313 0.832031 0.018750 0.023438
0 0.902344 0.691406 0.014063 0.023438
0 0.810937 0.696094 0.009375 0.020313
0 0.725000 0.696875 0.018750 0.018750
0 0.542188 0.747656 0.015625 0.014063
0 0.481250 0.739062 0.018750 0.018750
0 0.901563 0.610156 0.021875 0.020313
0 0.909375 0.639062 0.012500 0.015625
0 0.906250 0.660937 0.015625 0.012500
0 0.725781 0.785937 0.032813 0.031250
0 0.455469 0.697656 0.017188 0.020313
0 0.497656 0.705469 0.026562 0.029687
0 0.921875 0.735938 0.009375 0.012500
0 0.225781 0.766406 0.042188 0.029687
0 0.321094 0.615625 0.023438 0.028125
0 0.378125 0.634375 0.018750 0.021875
0 0.938281 0.827344 0.014063 0.010937
0 0.410156 0.668750 0.042188 0.034375
0 0.462500 0.664062 0.012500 0.015625
0 0.964063 0.850781 0.031250 0.023438
0 0.875781 0.757812 0.010937 0.009375
0 0.875781 0.777344 0.017188 0.010937
0 0.425000 0.753906 0.018750 0.039062
0 0.427344 0.802344 0.014063 0.017188
0 0.450000 0.834375 0.037500 0.025000
