0 0.771875 0.125000 0.021875 0.028125
0 0.755469 0.159375 0.014063 0.012500
0 0.789844 0.297656 0.010937 0.014063
0 0.811719 0.276562 0.014063 0.012500
0 0.799219 0.178906 0.017188 0.014063
0 0.810937 0.212500 0.015625 0.021875
0 0.769531 0.204687 0.029687 0.031250
0 0.731250 0.124219 0.012500 0.017188
0 0.731250 0.292969 0.028125 0.032813
0 0.727344 0.260937 0.014063 0.015625
0 0.730469 0.360156 0.017188 0.014063
0 0.739062 0.322656 0.006250 0.010937
0 0.694531 0.134375 0.023438 0.025000
0 0.814844 0.145313 0.010937 0.018750
0 0.810156 0.344531 0.014063 0.014063
0 0.696094 0.287500 0.026562 0.031250
0 0.735938 0.212500 0.025000 0.021875
0 0.734375 0.180469 0.012500 0.014063
0 0.690625 0.362500 0.025000 0.028125
0 0.777344 0.368750 0.014063 0.018750
0 0.764062 0.260156 0.018750 0.017188
0 0.764844 0.296875 0.020313 0.015625
0 0.693750 0.228125 0.025000 0.012500
0 0.705469 0.179688 0.014063 0.015625
