0 0.517578 0.646484 0.007812 0.019531
0 0.489258 0.619141 0.021484 0.015625
0 0.667969 0.464844 0.035156 0.039062
0 0.680664 0.510742 0.013672 0.009766
0 0.519531 0.317383 0.031250 0.029297
0 0.622070 0.346680 0.021484 0.029297
0 0.635742 0.516602 0.041016 0.041016
0 0.380859 0.456055 0.015625 0.013672
0 0.619141 0.427734 0.042969 0.027344
0 0.516602 0.505859 0.025391 0.027344
0 0.482422 0.485352 0.023438 0.017578
0 0.882812 0.623047 0.011719 0.019531
0 0.875977 0.575195 0.029297 0.033203
0 0.602539 0.576172 0.029297 0.015625
0 0.604492 0.460938 0.017578 0.023438
0 0.594727 0.322266 0.013672 0.011719
0 0.766602 0.500977 0.021484 0.025391
0 0.730469 0.504883 0.023438 0.033203
0 0.797852 0.447266 0.021484 0.023438
0 0.731445 0.436523 0.017578 0.017578
0 0.594727 0.498047 0.025391 0.027344
0 0.421875 0.386719 0.039062 0.027344
0 0.386719 0.383789 0.011719 0.029297
0 0.589844 0.381836 0.035156 0.025391
0 0.906250 0.753906 0.019531 0.019531
0 0.486328 0.416992 0.019531 0.013672
0 0.630859 0.389648 0.023438 0.021484
0 0.705078 0.503906 0.011719 0.015625
0 0.668945 0.342773 0.009766 0.017578
0 0.811523 0.566406 0.029297 0.027344
