0 0.916016 0.472656 0.035156 0.039062
0 0.965820 0.477539 0.017578 0.013672
0 0.676758 0.541992 0.029297 0.029297
0 0.743164 0.541992 0.029297 0.033203
0 0.602539 0.635742 0.025391 0.021484
0 0.570312 0.637695 0.011719 0.013672
0 0.129883 0.441406 0.041016 0.042969
0 0.177734 0.450195 0.035156 0.037109
0 0.267578 0.443359 0.031250 0.031250
0 0.250977 0.477539 0.017578 0.009766
0 0.166992 0.500977 0.029297 0.037109
0 0.701172 0.493164 0.011719 0.009766
0 0.098633 0.401367 0.013672 0.013672
0 0.141602 0.383789 0.017578 0.025391
0 0.539062 0.535156 0.023438 0.015625
0 0.502930 0.371094 0.021484 0.027344
0 0.531250 0.366211 0.011719 0.017578
0 0.758789 0.625977 0.009766 0.013672
0 0.696289 0.643555 0.021484 0.041016
0 0.532227 0.568359 0.013672 0.023438
0 0.843750 0.640625 0.019531 0.027344
0 0.260742 0.520508 0.033203 0.041016
0 0.223633 0.492188 0.013672 0.019531
0 0.390625 0.321289 0.011719 0.013672
0 0.411133 0.333008 0.013672 0.013672
0 0.479492 0.593750 0.025391 0.019531
0 0.492188 0.629883 0.027344 0.025391
0 0.833984 0.484375 0.046875 0.042969
0 0.785156 0.478516 0.011719 0.027344
0 0.943359 0.581055 0.031250 0.037109
