0 0.022459 0.394550 0.021277 0.026066
0 0.483452 0.726303 0.016548 0.011848
0 0.446809 0.721564 0.014184 0.016588
0 0.093381 0.430095 0.016548 0.026066
0 0.044917 0.425355 0.014184 0.011848
0 0.330969 0.431280 0.018913 0.033175
0 0.290780 0.431280 0.033097 0.033175
0 0.470449 0.510664 0.033097 0.040284
0 0.421986 0.486967 0.040189 0.045024
0 0.309693 0.722749 0.028369 0.014218
0 0.345154 0.650474 0.009456 0.016588
0 0.380615 0.472749 0.014184 0.016588
0 0.336879 0.509479 0.026005 0.014218
0 0.834515 0.161137 0.028369 0.023697
0 0.689125 0.292654 0.035461 0.021327
0 0.546099 0.739336 0.023641 0.014218
0 0.583924 0.721564 0.033097 0.026066
0 0.400709 0.432464 0.035461 0.035545
0 0.460993 0.438389 0.028369 0.014218
0 0.479905 0.654028 0.014184 0.009479
0 0.339243 0.542654 0.016548 0.014218
0 0.395981 0.796209 0.035461 0.023697
0 0.526005 0.657583 0.026005 0.021327
0 0.691489 0.139810 0.021277 0.014218
0 0.793144 0.167062 0.016548 0.021327
0 0.635934 0.543839 0.018913 0.011848
0 0.684397 0.565166 0.011820 0.016588
0 0.736407 0.489336 0.030733 0.040284
0 0.732861 0.236967 0.023641 0.028436
0 0.735225 0.334123 0.028369 0.033175
