0 0.800761 0.732984 0.053299 0.052356
0 0.908629 0.740838 0.035533 0.041885
0 0.895939 0.700262 0.010152 0.018325
0 0.381980 0.119110 0.038071 0.028796
0 0.345178 0.155759 0.015228 0.013089
0 0.845178 0.649215 0.020305 0.010471
0 0.373096 0.252618 0.015228 0.018325
0 0.973350 0.535340 0.027919 0.039267
0 0.375635 0.323298 0.040609 0.044503
0 0.706853 0.410995 0.017766 0.015707
0 0.741117 0.422775 0.010152 0.018325
0 0.902284 0.367801 0.022843 0.034031
0 0.715736 0.357330 0.040609 0.049738
0 0.814721 0.574607 0.020305 0.018325
0 0.784264 0.583770 0.015228 0.010471
0 0.407360 0.672775 0.043147 0.041885
0 0.406091 0.606021 0.015228 0.018325
0 0.766497 0.547120 0.015228 0.036649
0 0.427665 0.379581 0.022843 0.026178
0 0.414975 0.437173 0.038071 0.041885
0 0.779188 0.295812 0.015228 0.010471
0 0.794416 0.319372 0.010152 0.015707
0 0.848985 0.571990 0.027919 0.028796
0 0.847716 0.460733 0.030457 0.020942
0 0.857868 0.431937 0.020305 0.010471
0 0.530457 0.366492 0.030457 0.015707
0 0.555838 0.400524 0.020305 0.031414
0 0.706853 0.297120 0.043147 0.044503
0 0.920051 0.569372 0.022843 0.023560
0 0.917513 0.522251 0.012690 0.028796
