0 0.503906 0.778320 0.035156 0.025391
0 0.447266 0.553711 0.023438 0.017578
0 0.417969 0.542969 0.007812 0.015625
0 0.425781 0.609375 0.039062 0.042969
0 0.306641 0.788086 0.023438 0.021484
0 0.311523 0.754883 0.033203 0.029297
0 0.803711 0.510742 0.021484 0.021484
0 0.826172 0.487305 0.011719 0.009766
0 0.385742 0.859375 0.029297 0.015625
0 0.343750 0.596680 0.015625 0.017578
0 0.349609 0.633789 0.031250 0.029297
0 0.575195 0.504883 0.021484 0.025391
0 0.394531 0.733398 0.011719 0.017578
0 0.389648 0.770508 0.029297 0.029297
0 0.807617 0.663086 0.041016 0.017578
0 0.610352 0.661133 0.013672 0.017578
0 0.578125 0.632812 0.035156 0.035156
0 0.457031 0.365234 0.019531 0.015625
0 0.432617 0.414062 0.037109 0.042969
0 0.880859 0.488281 0.035156 0.035156
0 0.845703 0.479492 0.011719 0.017578
0 0.664062 0.496094 0.042969 0.039062
0 0.645508 0.724609 0.013672 0.023438
0 0.626953 0.725586 0.007812 0.013672
0 0.346680 0.846680 0.025391 0.021484
0 0.749023 0.578125 0.017578 0.011719
0 0.322266 0.373047 0.019531 0.023438
0 0.305664 0.597656 0.021484 0.019531
0 0.314453 0.633789 0.019531 0.021484
0 0.541992 0.776367 0.021484 0.025391
