0 0.403320 0.267595 0.029297 0.039589
0 0.096191 0.531525 0.012695 0.024927
0 0.428223 0.760997 0.006836 0.017595
0 0.125000 0.439150 0.013672 0.033724
0 0.131348 0.475806 0.008789 0.013196
0 0.494629 0.492669 0.030273 0.041056
0 0.472656 0.532258 0.009766 0.017595
0 0.426270 0.326246 0.008789 0.019062
0 0.067871 0.573314 0.010742 0.008798
0 0.071289 0.524194 0.021484 0.027859
0 0.453613 0.688416 0.006836 0.013196
0 0.692871 0.593842 0.010742 0.014663
0 0.344238 0.372434 0.016602 0.026393
0 0.357910 0.340176 0.010742 0.014663
0 0.740234 0.670821 0.013672 0.013196
0 0.465332 0.749267 0.020508 0.032258
0 0.445801 0.722874 0.008789 0.014663
0 0.489258 0.269062 0.009766 0.016129
0 0.506836 0.258065 0.007812 0.017595
0 0.804688 0.576246 0.017578 0.041056
0 0.389648 0.340909 0.029297 0.042522
0 0.395508 0.381965 0.023438 0.013196
0 0.773438 0.593842 0.025391 0.023460
0 0.420898 0.608504 0.033203 0.049853
0 0.447266 0.285924 0.025391 0.029326
0 0.427246 0.245601 0.004883 0.013196
0 0.459473 0.593109 0.006836 0.019062
0 0.099121 0.608504 0.026367 0.035191
0 0.101074 0.645161 0.020508 0.026393
0 0.071777 0.343842 0.020508 0.036657
