0 0.287109 0.450195 0.031250 0.033203
0 0.659180 0.441406 0.017578 0.042969
0 0.158203 0.520508 0.042969 0.041016
0 0.697266 0.362305 0.019531 0.021484
0 0.695312 0.320312 0.011719 0.015625
0 0.359375 0.722656 0.042969 0.046875
0 0.428711 0.701172 0.009766 0.019531
0 0.703125 0.662109 0.019531 0.023438
0 0.919922 0.585938 0.019531 0.015625
0 0.213867 0.565430 0.013672 0.021484
0 0.203125 0.602539 0.015625 0.009766
0 0.695312 0.220703 0.019531 0.023438
0 0.697266 0.270508 0.027344 0.029297
0 0.531250 0.087891 0.015625 0.023438
0 0.502930 0.056641 0.009766 0.011719
0 0.432617 0.270508 0.017578 0.017578
0 0.457031 0.313477 0.015625 0.009766
0 0.283203 0.658203 0.023438 0.027344
0 0.843750 0.692383 0.023438 0.013672
0 0.529297 0.322266 0.035156 0.031250
0 0.598633 0.427734 0.033203 0.042969
0 0.679688 0.606445 0.015625 0.009766
0 0.726562 0.592773 0.019531 0.025391
0 0.179688 0.640625 0.019531 0.023438
0 0.731445 0.207031 0.013672 0.019531
0 0.733398 0.244141 0.017578 0.015625
0 0.363281 0.590820 0.035156 0.033203
0 0.427734 0.617188 0.023438 0.031250
0 0.596680 0.212891 0.009766 0.019531
0 0.448242 0.103516 0.044922 0.039062
