0 0.439063 0.232222 0.028125 0.042222
0 0.516406 0.337778 0.007812 0.017778
0 0.521094 0.287778 0.014063 0.020000
0 0.492188 0.267778 0.012500 0.015556
0 0.488281 0.215556 0.014063 0.017778
0 0.550781 0.167778 0.026562 0.037778
0 0.616406 0.238889 0.020313 0.028889
0 0.575000 0.313333 0.012500 0.008889
0 0.572656 0.216667 0.017188 0.020000
0 0.521094 0.092222 0.007812 0.020000
0 0.485938 0.082222 0.018750 0.017778
0 0.630469 0.083333 0.029687 0.028889
0 0.598437 0.106667 0.018750 0.031111
0 0.450781 0.174444 0.014063 0.015556
0 0.458594 0.105556 0.017188 0.037778
0 0.497656 0.156667 0.014063 0.015556
0 0.596094 0.185556 0.014063 0.015556
0 0.562500 0.080000 0.028125 0.040000
0 0.538281 0.084444 0.007812 0.013333
0 0.456250 0.343333 0.009375 0.006667
0 0.627344 0.298889 0.017188 0.028889
