0 0.273047 0.685039 0.008594 0.018898
0 0.410547 0.850394 0.011719 0.028346
0 0.380078 0.837008 0.017969 0.026772
0 0.193750 0.714961 0.014063 0.028346
0 0.222266 0.703150 0.016406 0.026772
0 0.321484 0.633071 0.005469 0.012598
0 0.200000 0.579528 0.010937 0.025197
0 0.221484 0.580315 0.010156 0.033071
0 0.451953 0.600787 0.014844 0.026772
0 0.467578 0.566142 0.013281 0.020472
0 0.222266 0.832283 0.008594 0.014173
0 0.432812 0.692913 0.017188 0.034646
0 0.471875 0.678740 0.020313 0.037795
0 0.117578 0.520472 0.008594 0.007874
0 0.135547 0.538583 0.013281 0.025197
0 0.298828 0.888976 0.016406 0.023622
0 0.330078 0.880315 0.010156 0.025197
0 0.541406 0.160630 0.010937 0.025197
0 0.483203 0.164567 0.016406 0.029921
0 0.396875 0.201575 0.007812 0.012598
0 0.368750 0.194488 0.014063 0.029921
0 0.494531 0.803150 0.009375 0.025197
0 0.441016 0.799213 0.019531 0.045669
0 0.244922 0.620472 0.007031 0.031496
0 0.136719 0.499213 0.015625 0.028346
0 0.430078 0.129134 0.010156 0.025197
0 0.395703 0.576378 0.007031 0.009449
0 0.438281 0.159843 0.004687 0.017323
0 0.751953 0.194488 0.008594 0.029921
0 0.769141 0.202362 0.007031 0.017323
