0 0.670312 0.242188 0.009375 0.028125
0 0.857031 0.538281 0.017188 0.020313
0 0.589844 0.835156 0.014063 0.017188
0 0.746875 0.458594 0.043750 0.026562
0 0.853906 0.453906 0.020313 0.014063
0 0.665625 0.541406 0.015625 0.023438
0 0.624219 0.519531 0.039062 0.032813
0 0.857031 0.856250 0.023438 0.015625
0 0.492188 0.965625 0.028125 0.025000
0 0.717969 0.927344 0.014063 0.014063
0 0.745313 0.920312 0.021875 0.037500
0 0.567187 0.591406 0.018750 0.014063
0 0.721875 0.887500 0.009375 0.015625
0 0.767188 0.871875 0.040625 0.046875
0 0.805469 0.400781 0.032813 0.017188
0 0.810937 0.424219 0.015625 0.007812
0 0.630469 0.465625 0.020313 0.021875
0 0.592969 0.453906 0.010937 0.014063
0 0.744531 0.815625 0.014063 0.018750
0 0.703125 0.828125 0.034375 0.034375
0 0.456250 0.932813 0.012500 0.015625
0 0.751563 0.407031 0.018750 0.017188
0 0.711719 0.519531 0.032813 0.042188
0 0.746875 0.532813 0.018750 0.015625
0 0.646094 0.958594 0.014063 0.017188
0 0.567187 0.957031 0.040625 0.014063
0 0.849219 0.926562 0.039062 0.031250
0 0.642188 0.585938 0.040625 0.031250
0 0.442969 0.811719 0.020313 0.026562
0 0.531250 0.517969 0.012500 0.014063
0 0.547656 0.539844 0.029687 0.014063
