0 0.777344 0.550781 0.039062 0.035156
0 0.744141 0.544922 0.011719 0.023438
0 0.477539 0.399414 0.017578 0.021484
0 0.446289 0.397461 0.017578 0.021484
0 0.845703 0.589844 0.039062 0.039062
0 0.805664 0.586914 0.013672 0.013672
0 0.437500 0.338867 0.019531 0.029297
0 0.494141 0.334961 0.015625 0.017578
0 0.975586 0.552734 0.021484 0.023438
0 0.846680 0.540039 0.021484 0.013672
0 0.815430 0.554688 0.017578 0.015625
0 0.904297 0.500977 0.015625 0.013672
0 0.782227 0.503906 0.013672 0.015625
0 0.749023 0.513672 0.009766 0.019531
0 0.208008 0.402344 0.017578 0.019531
0 0.390625 0.340820 0.023438 0.025391
0 0.274414 0.302734 0.021484 0.011719
0 0.298828 0.336914 0.015625 0.017578
0 0.270508 0.342773 0.017578 0.021484
0 0.814453 0.473633 0.019531 0.033203
0 0.850586 0.471680 0.029297 0.029297
0 0.324219 0.365234 0.007812 0.015625
0 0.260742 0.370117 0.017578 0.013672
0 0.211914 0.334961 0.025391 0.017578
0 0.180664 0.334961 0.017578 0.017578
0 0.879883 0.482422 0.013672 0.011719
0 0.405273 0.396484 0.017578 0.023438
0 0.342773 0.365234 0.013672 0.007812
0 0.409180 0.370117 0.009766 0.013672
0 0.348633 0.312500 0.009766 0.015625
