0 0.070000 0.235625 0.021667 0.033750
0 0.089583 0.248125 0.005833 0.016250
0 0.610417 0.531875 0.024167 0.043750
0 0.335000 0.945625 0.020000 0.033750
0 0.363750 0.941875 0.017500 0.018750
0 0.391667 0.705000 0.023333 0.022500
0 0.616250 0.666875 0.012500 0.023750
0 0.582500 0.660625 0.030000 0.041250
0 0.172917 0.238125 0.004167 0.013750
0 0.153750 0.231250 0.020833 0.035000
0 0.422500 0.667500 0.018333 0.030000
0 0.425417 0.783750 0.012500 0.017500
0 0.478333 0.401250 0.011667 0.012500
0 0.524583 0.409375 0.017500 0.026250
0 0.535833 0.715000 0.026667 0.025000
0 0.104167 0.111250 0.006667 0.012500
0 0.581250 0.415000 0.014167 0.015000
0 0.602917 0.610625 0.034167 0.048750
0 0.646250 0.601250 0.020833 0.035000
0 0.523750 0.954375 0.009167 0.013750
0 0.036667 0.202500 0.008333 0.012500
0 0.555417 0.543750 0.010833 0.037500
0 0.117083 0.220625 0.019167 0.011250
0 0.119167 0.250000 0.018333 0.017500
0 0.445000 0.650000 0.008333 0.015000
0 0.559583 0.469375 0.015833 0.018750
0 0.563750 0.500000 0.012500 0.020000
0 0.642083 0.508750 0.015833 0.025000
0 0.609583 0.459375 0.010833 0.016250
0 0.509583 0.766875 0.020833 0.036250
