0 0.416406 0.419531 0.014063 0.020313
0 0.416406 0.443750 0.020313 0.015625
0 0.333594 0.576562 0.010937 0.012500
0 0.365625 0.552344 0.012500 0.020313
0 0.353906 0.576562 0.014063 0.012500
0 0.421875 0.328125 0.028125 0.037500
0 0.282031 0.543750 0.010937 0.015625
0 0.257812 0.514062 0.025000 0.025000
0 0.419531 0.504687 0.029687 0.031250
0 0.412500 0.466406 0.015625 0.014063
0 0.396875 0.418750 0.012500 0.006250
0 0.514844 0.530469 0.042188 0.042188
0 0.328906 0.414062 0.014063 0.012500
0 0.328125 0.439063 0.012500 0.021875
0 0.357031 0.446875 0.020313 0.012500
0 0.361719 0.427344 0.020313 0.014063
0 0.360156 0.498437 0.026562 0.037500
0 0.275781 0.309375 0.029687 0.021875
0 0.302344 0.315625 0.010937 0.009375
0 0.386719 0.402344 0.014063 0.014063
0 0.416406 0.551562 0.023438 0.034375
0 0.359375 0.628906 0.021875 0.017188
0 0.362500 0.599219 0.028125 0.010937
0 0.276562 0.399219 0.009375 0.014063
0 0.359375 0.396875 0.021875 0.021875
0 0.322656 0.386719 0.014063 0.014063
0 0.333594 0.600000 0.014063 0.012500
0 0.332031 0.635938 0.020313 0.018750
0 0.329688 0.464844 0.018750 0.017188
0 0.381250 0.455469 0.012500 0.004687
