0 0.373047 0.852539 0.156250 0.244141
0 0.694336 0.612305 0.021484 0.029297
0 0.623047 0.173828 0.023438 0.019531
0 0.618164 0.205078 0.017578 0.015625
0 0.592773 0.297852 0.029297 0.033203
0 0.163086 0.920898 0.017578 0.013672
0 0.743164 0.694336 0.041016 0.037109
0 0.799805 0.731445 0.021484 0.025391
0 0.743164 0.649414 0.029297 0.033203
0 0.689453 0.746094 0.019531 0.027344
0 0.192383 0.915039 0.017578 0.017578
0 0.748047 0.736328 0.019531 0.015625
0 0.594727 0.363281 0.021484 0.015625
0 0.598633 0.329102 0.017578 0.013672
0 0.837891 0.609375 0.019531 0.031250
0 0.835938 0.702148 0.019531 0.021484
0 0.696289 0.647461 0.017578 0.021484
0 0.530273 0.341797 0.025391 0.015625
0 0.240234 0.914062 0.023438 0.027344
0 0.239258 0.866211 0.009766 0.013672
0 0.184570 0.861328 0.013672 0.015625
0 0.800781 0.694336 0.011719 0.029297
0 0.635742 0.286133 0.013672 0.013672
0 0.186523 0.834961 0.021484 0.017578
0 0.783203 0.616211 0.027344 0.029297
0 0.156250 0.833984 0.007812 0.019531
0 0.568359 0.366211 0.011719 0.009766
0 0.554688 0.199219 0.019531 0.015625
0 0.559570 0.167969 0.021484 0.011719
0 0.625000 0.337891 0.015625 0.027344
0 0.161133 0.865234 0.009766 0.011719
