0 0.714063 0.497656 0.012500 0.020313
0 0.598437 0.493750 0.021875 0.018750
0 0.169531 0.844531 0.023438 0.032813
0 0.128906 0.701562 0.020313 0.018750
0 0.616406 0.453125 0.035937 0.021875
0 0.568750 0.423438 0.025000 0.025000
0 0.716406 0.385937 0.020313 0.018750
0 0.086719 0.707812 0.029687 0.034375
0 0.123438 0.765625 0.037500 0.018750
0 0.216406 0.841406 0.026562 0.020313
0 0.165625 0.752344 0.031250 0.026562
0 0.625781 0.422656 0.020313 0.023438
0 0.132812 0.789844 0.021875 0.014063
0 0.123438 0.816406 0.025000 0.014063
0 0.128125 0.843750 0.012500 0.021875
0 0.123438 0.864844 0.025000 0.007812
0 0.079687 0.765625 0.015625 0.021875
0 0.664062 0.491406 0.018750 0.017188
0 0.567969 0.494531 0.023438 0.029687
0 0.178906 0.717969 0.017188 0.023438
0 0.207031 0.812500 0.014063 0.012500
0 0.671875 0.460938 0.018750 0.015625
0 0.078906 0.840625 0.032813 0.034375
0 0.716406 0.417187 0.017188 0.009375
0 0.691406 0.426563 0.014063 0.018750
0 0.650781 0.383594 0.026562 0.014063
0 0.573438 0.455469 0.015625 0.017188
0 0.069531 0.808594 0.014063 0.014063
0 0.607031 0.394531 0.026562 0.020313
0 0.558594 0.385937 0.020313 0.021875
