0 0.396484 0.708984 0.035156 0.031250
0 0.397461 0.678711 0.029297 0.013672
0 0.350586 0.899414 0.017578 0.009766
0 0.841797 0.810547 0.015625 0.007812
0 0.360352 0.703125 0.021484 0.019531
0 0.337891 0.706055 0.007812 0.013672
0 0.269531 0.850586 0.035156 0.037109
0 0.285156 0.812500 0.015625 0.015625
0 0.797852 0.859375 0.025391 0.027344
0 0.751953 0.859375 0.039062 0.031250
0 0.399414 0.896484 0.017578 0.015625
0 0.403320 0.931641 0.021484 0.011719
0 0.304688 0.716797 0.015625 0.015625
0 0.321289 0.681641 0.021484 0.019531
0 0.690430 0.815430 0.029297 0.017578
0 0.661133 0.809570 0.013672 0.013672
0 0.844727 0.852539 0.041016 0.017578
0 0.883789 0.869141 0.009766 0.015625
0 0.860352 0.902344 0.033203 0.031250
0 0.829102 0.908203 0.013672 0.019531
0 0.594727 0.937500 0.025391 0.015625
0 0.627930 0.938477 0.009766 0.021484
0 0.306641 0.884766 0.015625 0.015625
0 0.315430 0.929688 0.017578 0.015625
0 0.324219 0.766602 0.019531 0.021484
0 0.326172 0.797852 0.011719 0.005859
0 0.601562 0.816406 0.023438 0.023438
0 0.705078 0.903320 0.027344 0.033203
0 0.398438 0.846680 0.035156 0.025391
0 0.408203 0.819336 0.011719 0.009766
