0 0.350000 0.103906 0.015625 0.014063
0 0.312500 0.103125 0.015625 0.015625
0 0.810156 0.419531 0.023438 0.020313
0 0.807813 0.445312 0.037500 0.018750
0 0.222656 0.076563 0.010937 0.012500
0 0.201563 0.075000 0.006250 0.012500
0 0.314063 0.712500 0.034375 0.028125
0 0.525781 0.707031 0.045312 0.045312
0 0.227344 0.051562 0.023438 0.021875
0 0.198437 0.050000 0.012500 0.015625
0 0.807813 0.566406 0.031250 0.039062
0 0.260937 0.052344 0.021875 0.026562
0 0.290625 0.053906 0.015625 0.007812
0 0.271875 0.950781 0.012500 0.026562
0 0.310937 0.916406 0.021875 0.029687
0 0.848437 0.573438 0.037500 0.028125
0 0.853906 0.435937 0.032813 0.034375
0 0.851562 0.389844 0.012500 0.007812
0 0.529687 0.951562 0.018750 0.018750
0 0.287500 0.107813 0.009375 0.012500
0 0.760156 0.521094 0.017188 0.017188
0 0.767188 0.477344 0.025000 0.014063
0 0.756250 0.586719 0.021875 0.035937
0 0.753906 0.541406 0.029687 0.010937
0 0.543750 0.589063 0.018750 0.021875
0 0.156250 0.080469 0.025000 0.026562
0 0.184375 0.078125 0.012500 0.006250
0 0.710156 0.488281 0.039062 0.042188
0 0.411719 0.432031 0.029687 0.032813
0 0.407031 0.479687 0.017188 0.018750
