0 0.387957 0.524482 0.016768 0.039548
0 0.352896 0.522599 0.016768 0.035782
0 0.759146 0.271186 0.012195 0.018832
0 0.387195 0.481168 0.015244 0.020716
0 0.358232 0.470810 0.021341 0.026365
0 0.481707 0.754237 0.012195 0.016949
0 0.922256 0.397363 0.024390 0.026365
0 0.930640 0.356874 0.013720 0.013183
0 0.201220 0.538606 0.024390 0.015066
0 0.354421 0.836158 0.007622 0.015066
0 0.336890 0.781544 0.024390 0.033898
0 0.834604 0.382298 0.013720 0.033898
0 0.759146 0.403955 0.021341 0.028249
0 0.711128 0.625235 0.013720 0.011299
0 0.627287 0.566855 0.035061 0.030132
0 0.441311 0.541431 0.007622 0.013183
0 0.502287 0.535782 0.010671 0.020716
0 0.944360 0.252354 0.028963 0.033898
0 0.959604 0.293785 0.025915 0.033898
0 0.461128 0.462335 0.019817 0.028249
0 0.682927 0.532957 0.012195 0.022599
0 0.648628 0.518832 0.032012 0.035782
0 0.307927 0.454802 0.012195 0.013183
0 0.337652 0.375706 0.016768 0.016949
0 0.520579 0.682674 0.028963 0.032015
0 0.685213 0.458569 0.013720 0.032015
0 0.650152 0.467043 0.022866 0.030132
0 0.458079 0.586629 0.013720 0.020716
0 0.521341 0.558380 0.012195 0.016949
0 0.506098 0.406780 0.021341 0.033898
