0 0.708984 0.522461 0.031250 0.029297
0 0.824219 0.405273 0.015625 0.037109
0 0.793945 0.401367 0.017578 0.021484
0 0.361328 0.531250 0.019531 0.031250
0 0.449219 0.399414 0.035156 0.029297
0 0.422852 0.362305 0.021484 0.021484
0 0.062500 0.376953 0.035156 0.015625
0 0.067383 0.406250 0.009766 0.019531
0 0.542969 0.780273 0.011719 0.017578
0 0.503906 0.756836 0.015625 0.017578
0 0.413086 0.823242 0.017578 0.009766
0 0.554688 0.406250 0.023438 0.027344
0 0.516602 0.413086 0.017578 0.017578
0 0.506836 0.838867 0.017578 0.017578
0 0.430664 0.651367 0.044922 0.048828
0 0.318359 0.356445 0.015625 0.005859
0 0.427734 0.694336 0.023438 0.013672
0 0.625000 0.654297 0.027344 0.019531
0 0.655273 0.663086 0.017578 0.025391
0 0.630859 0.516602 0.019531 0.033203
0 0.663086 0.522461 0.009766 0.013672
0 0.042969 0.450195 0.035156 0.044922
0 0.083984 0.484375 0.019531 0.023438
0 0.533203 0.444336 0.019531 0.029297
0 0.572266 0.442383 0.015625 0.017578
0 0.720703 0.403320 0.027344 0.033203
0 0.540039 0.516602 0.037109 0.033203
0 0.576172 0.516602 0.019531 0.029297
0 0.626953 0.408203 0.019531 0.019531
0 0.666016 0.398438 0.015625 0.011719
