0 0.832031 0.667969 0.011719 0.015625
0 0.466797 0.158203 0.031250 0.039062
0 0.562500 0.166992 0.031250 0.033203
0 0.230469 0.357422 0.019531 0.011719
0 0.256836 0.246094 0.017578 0.019531
0 0.283203 0.291016 0.042969 0.039062
0 0.274414 0.157227 0.041016 0.029297
0 0.279297 0.193359 0.027344 0.023438
0 0.509766 0.624023 0.007812 0.013672
0 0.438477 0.328125 0.037109 0.031250
0 0.446289 0.369141 0.021484 0.027344
0 0.704102 0.638672 0.013672 0.011719
0 0.334961 0.132812 0.017578 0.019531
0 0.334961 0.192383 0.021484 0.021484
0 0.284180 0.434570 0.052734 0.052734
0 0.308594 0.482422 0.015625 0.015625
0 0.431641 0.475586 0.035156 0.037109
0 0.396484 0.483398 0.011719 0.009766
0 0.470703 0.225586 0.027344 0.041016
0 0.474609 0.270508 0.015625 0.005859
0 0.821289 0.625977 0.013672 0.021484
0 0.774414 0.629883 0.033203 0.029297
0 0.551758 0.299805 0.017578 0.029297
0 0.576172 0.305664 0.015625 0.017578
0 0.816406 0.552734 0.027344 0.019531
0 0.770508 0.551758 0.029297 0.025391
0 0.689453 0.592773 0.035156 0.037109
0 0.522461 0.595703 0.013672 0.015625
0 0.336914 0.489258 0.021484 0.021484
0 0.348633 0.437500 0.052734 0.050781
