0 0.088281 0.324219 0.026562 0.070312
0 0.466406 0.661719 0.039062 0.023438
0 0.346094 0.657031 0.014063 0.014063
0 0.101562 0.540625 0.021875 0.012500
0 0.101562 0.512500 0.021875 0.025000
0 0.326562 0.227344 0.025000 0.017188
0 0.289062 0.687500 0.028125 0.025000
0 0.321875 0.269531 0.012500 0.014063
0 0.297656 0.263281 0.014063 0.017188
0 0.369531 0.341406 0.020313 0.023438
0 0.360156 0.312500 0.010937 0.009375
0 0.415625 0.354687 0.043750 0.043750
0 0.289062 0.239844 0.006250 0.014063
0 0.248438 0.637500 0.021875 0.012500
0 0.289062 0.635938 0.021875 0.021875
0 0.153906 0.592969 0.023438 0.014063
0 0.577344 0.196094 0.020313 0.014063
0 0.475781 0.198437 0.026562 0.018750
0 0.510156 0.202344 0.017188 0.023438
0 0.179688 0.631250 0.021875 0.025000
0 0.099219 0.602344 0.020313 0.017188
0 0.096875 0.575781 0.012500 0.017188
0 0.156250 0.714063 0.015625 0.018750
0 0.181250 0.711719 0.021875 0.020313
0 0.471875 0.637500 0.006250 0.012500
0 0.431250 0.203906 0.031250 0.029687
0 0.397656 0.202344 0.010937 0.017188
0 0.149219 0.682031 0.014063 0.010937
0 0.507031 0.316406 0.020313 0.026562
0 0.475000 0.283594 0.025000 0.014063
0 0.360156 0.164062 0.023438 0.031250
