0 0.277344 0.335938 0.020313 0.018750
0 0.516406 0.338281 0.035937 0.039062
0 0.506250 0.303906 0.015625 0.017188
0 0.755469 0.693750 0.026562 0.037500
0 0.787500 0.698438 0.009375 0.025000
0 0.527344 0.410156 0.032813 0.026562
0 0.491406 0.384375 0.014063 0.012500
0 0.442188 0.473438 0.031250 0.034375
0 0.827344 0.231250 0.017188 0.015625
0 0.830469 0.260937 0.026562 0.025000
0 0.856250 0.690625 0.021875 0.021875
0 0.641406 0.414062 0.029687 0.018750
0 0.623437 0.438281 0.018750 0.007812
0 0.417969 0.394531 0.029687 0.035937
0 0.456250 0.407031 0.021875 0.032813
0 0.713281 0.592969 0.017188 0.014063
0 0.736719 0.420312 0.026562 0.028125
0 0.684375 0.396094 0.021875 0.032813
0 0.892969 0.645312 0.045312 0.043750
0 0.683594 0.748437 0.035937 0.034375
0 0.725000 0.739062 0.015625 0.009375
0 0.812500 0.432031 0.025000 0.020313
0 0.788281 0.394531 0.014063 0.017188
0 0.759375 0.642188 0.015625 0.015625
0 0.510156 0.242188 0.017188 0.021875
0 0.500000 0.272656 0.025000 0.023438
0 0.882812 0.742188 0.009375 0.028125
0 0.606250 0.332031 0.012500 0.010937
0 0.846875 0.348438 0.034375 0.028125
0 0.891406 0.270313 0.035937 0.025000
