0 0.449219 0.888672 0.015625 0.039062
0 0.443359 0.930664 0.019531 0.041016
0 0.409180 0.951172 0.017578 0.039062
0 0.016602 0.948242 0.025391 0.041016
0 0.385742 0.963867 0.017578 0.041016
0 0.364258 0.959961 0.021484 0.044922
0 0.535156 0.919922 0.015625 0.039062
0 0.340820 0.960938 0.021484 0.039062
0 0.102539 0.971680 0.044922 0.056641
0 0.174805 0.976562 0.029297 0.046875
0 0.434570 0.694336 0.025391 0.013672
0 0.455078 0.724609 0.027344 0.015625
0 0.250000 0.690430 0.031250 0.029297
0 0.208984 0.689453 0.011719 0.015625
0 0.365234 0.308594 0.023438 0.015625
0 0.474609 0.873047 0.011719 0.015625
0 0.495117 0.833008 0.021484 0.017578
0 0.467773 0.644531 0.029297 0.027344
0 0.403320 0.658203 0.017578 0.023438
0 0.591797 0.534180 0.011719 0.005859
0 0.577148 0.566406 0.009766 0.011719
0 0.294922 0.521484 0.050781 0.042969
0 0.292969 0.481445 0.015625 0.013672
0 0.932617 0.605469 0.025391 0.015625
0 0.935547 0.641602 0.019531 0.021484
0 0.342773 0.701172 0.025391 0.027344
0 0.911133 0.530273 0.017578 0.017578
0 0.953125 0.465820 0.031250 0.025391
0 0.910156 0.451172 0.027344 0.027344
0 0.374023 0.616211 0.033203 0.029297
0 0.312500 0.395508 0.050781 0.048828
0 0.315430 0.444336 0.021484 0.017578
0 0.541992 0.839844 0.013672 0.023438
0 0.535156 0.728516 0.035156 0.027344
0 0.519531 0.687500 0.023438 0.011719
0 0.477539 0.698242 0.009766 0.013672
0 0.490234 0.750977 0.011719 0.009766
0 0.879883 0.347656 0.017578 0.019531
0 0.877930 0.382812 0.017578 0.019531
0 0.662109 0.790039 0.031250 0.033203
