0 0.513021 0.738426 0.011458 0.016975
0 0.250521 0.412037 0.021875 0.027778
0 0.544271 0.737654 0.013542 0.027778
0 0.559375 0.746142 0.008333 0.010802
0 0.650000 0.547068 0.016667 0.029321
0 0.599479 0.508488 0.023958 0.029321
0 0.216146 0.541667 0.009375 0.015432
0 0.180208 0.456790 0.018750 0.027778
0 0.494792 0.483025 0.022917 0.024691
0 0.583854 0.729167 0.017708 0.026235
0 0.583854 0.757716 0.005208 0.015432
0 0.547396 0.677469 0.019792 0.037037
0 0.556250 0.706790 0.008333 0.006173
0 0.704167 0.731481 0.014583 0.021605
0 0.727604 0.731481 0.011458 0.015432
0 0.100521 0.742284 0.019792 0.033951
0 0.116667 0.772377 0.012500 0.013889
0 0.580208 0.616512 0.029167 0.044753
0 0.244271 0.460648 0.017708 0.023148
0 0.128125 0.470679 0.025000 0.021605
0 0.125000 0.358796 0.022917 0.035494
0 0.556771 0.777006 0.009375 0.010802
0 0.198958 0.657407 0.012500 0.027778
0 0.543229 0.629630 0.013542 0.021605
0 0.550521 0.597222 0.015625 0.012346
0 0.211979 0.818673 0.021875 0.029321
0 0.165625 0.355710 0.010417 0.016975
0 0.177604 0.410494 0.030208 0.040123
0 0.543750 0.557870 0.014583 0.023148
0 0.144271 0.870370 0.019792 0.033951
