0 0.481111 0.789916 0.011111 0.021008
0 0.505000 0.782563 0.007778 0.014706
0 0.447222 0.688025 0.025556 0.052521
0 0.782222 0.231092 0.008889 0.016807
0 0.301111 0.677521 0.013333 0.023109
0 0.310556 0.860294 0.018889 0.035714
0 0.430000 0.827731 0.008889 0.021008
0 0.523889 0.841387 0.018889 0.031513
0 0.497222 0.865546 0.018889 0.021008
0 0.481111 0.693277 0.015556 0.033613
0 0.513333 0.690126 0.011111 0.018908
0 0.814444 0.150210 0.013333 0.031513
0 0.707778 0.112395 0.022222 0.023109
0 0.665000 0.115546 0.016667 0.033613
0 0.363333 0.676471 0.011111 0.012605
0 0.872778 0.218487 0.016667 0.025210
0 0.847778 0.221639 0.004444 0.010504
0 0.835000 0.115546 0.014444 0.033613
0 0.887778 0.108193 0.004444 0.014706
0 0.793889 0.191176 0.012222 0.025210
0 0.305000 0.775210 0.010000 0.012605
0 0.322778 0.789916 0.012222 0.016807
0 0.867222 0.158613 0.010000 0.018908
0 0.900556 0.147059 0.010000 0.016807
0 0.706667 0.221639 0.020000 0.035714
0 0.517222 0.919118 0.007778 0.023109
0 0.460556 0.742647 0.010000 0.010504
0 0.790000 0.118697 0.022222 0.027311
0 0.812222 0.118697 0.006667 0.006303
0 0.398889 0.913866 0.020000 0.033613
