0 0.250977 0.526367 0.017578 0.025391
0 0.474609 0.475586 0.035156 0.029297
0 0.522461 0.483398 0.021484 0.021484
0 0.398438 0.585938 0.015625 0.007812
0 0.352539 0.474609 0.021484 0.027344
0 0.401367 0.477539 0.025391 0.033203
0 0.485352 0.605469 0.025391 0.027344
0 0.524414 0.581055 0.013672 0.009766
0 0.505859 0.545898 0.039062 0.037109
0 0.436523 0.544922 0.013672 0.031250
0 0.104492 0.588867 0.033203 0.029297
0 0.264648 0.595703 0.041016 0.042969
0 0.511719 0.426758 0.039062 0.044922
0 0.443359 0.429688 0.031250 0.027344
0 0.154297 0.541016 0.011719 0.011719
0 0.150391 0.440430 0.027344 0.033203
0 0.088867 0.445312 0.017578 0.015625
0 0.319336 0.421875 0.037109 0.031250
0 0.380859 0.549805 0.027344 0.033203
0 0.333984 0.539062 0.031250 0.035156
0 0.233398 0.473633 0.013672 0.021484
0 0.282227 0.486328 0.029297 0.035156
0 0.125000 0.478516 0.031250 0.027344
0 0.067383 0.493164 0.017578 0.017578
0 0.185547 0.447266 0.011719 0.019531
