0 0.944336 0.551948 0.005859 0.017316
0 0.949219 0.523810 0.011719 0.021645
0 0.960449 0.589827 0.010742 0.041126
0 0.980957 0.594156 0.014648 0.032468
0 0.862305 0.536797 0.005859 0.017316
0 0.877441 0.547619 0.010742 0.030303
0 0.901367 0.544372 0.005859 0.006494
0 0.912598 0.549784 0.008789 0.017316
0 0.901367 0.638528 0.005859 0.008658
0 0.941895 0.589827 0.010742 0.028139
0 0.899414 0.591991 0.019531 0.045455
0 0.917480 0.585498 0.008789 0.015152
0 0.861328 0.638528 0.007812 0.012987
0 0.969727 0.649351 0.013672 0.017316
0 0.983398 0.634199 0.005859 0.008658
0 0.976074 0.698052 0.020508 0.049784
0 0.928711 0.627706 0.011719 0.021645
0 0.875488 0.692641 0.020508 0.047619
0 0.897461 0.681818 0.003906 0.012987
0 0.911133 0.687229 0.015625 0.032468
0 0.879395 0.600649 0.012695 0.019481
0 0.866699 0.582251 0.004883 0.021645
0 0.970703 0.546537 0.013672 0.019481
0 0.938965 0.706710 0.016602 0.032468
