0 0.440430 0.458984 0.037109 0.027344
0 0.536133 0.139648 0.021484 0.025391
0 0.521484 0.196289 0.035156 0.037109
0 0.451172 0.415039 0.027344 0.029297
0 0.404297 0.360352 0.015625 0.013672
0 0.262695 0.506836 0.033203 0.029297
0 0.212891 0.470703 0.011719 0.011719
0 0.341797 0.250977 0.031250 0.033203
0 0.224609 0.356445 0.039062 0.025391
0 0.274414 0.420898 0.025391 0.013672
0 0.550781 0.326172 0.019531 0.015625
0 0.341797 0.351562 0.027344 0.035156
0 0.401367 0.289062 0.025391 0.042969
0 0.488281 0.414062 0.019531 0.015625
0 0.522461 0.354492 0.017578 0.017578
0 0.243164 0.245117 0.017578 0.009766
0 0.494141 0.512695 0.011719 0.013672
0 0.314453 0.176758 0.011719 0.013672
0 0.349609 0.458984 0.015625 0.011719
0 0.311523 0.519531 0.013672 0.011719
0 0.226562 0.210938 0.015625 0.011719
0 0.458984 0.164062 0.023438 0.019531
