0 0.860099 0.554545 0.014901 0.018182
0 0.711093 0.459091 0.028146 0.036364
0 0.741722 0.476136 0.006623 0.011364
0 0.625828 0.151136 0.006623 0.015909
0 0.644040 0.137500 0.016556 0.015909
0 0.113411 0.529545 0.018212 0.018182
0 0.088576 0.538636 0.008278 0.022727
0 0.577815 0.098864 0.013245 0.015909
0 0.553808 0.111364 0.011589 0.013636
0 0.762417 0.570455 0.024834 0.045455
0 0.781457 0.472727 0.006623 0.013636
0 0.780629 0.443182 0.011589 0.013636
0 0.576987 0.193182 0.021523 0.027273
0 0.814570 0.462500 0.009934 0.038636
0 0.836921 0.459091 0.008278 0.013636
0 0.277318 0.468182 0.024834 0.031818
0 0.264073 0.510227 0.011589 0.011364
0 0.686258 0.261364 0.021523 0.040909
0 0.295530 0.544318 0.031457 0.043182
0 0.264073 0.553409 0.014901 0.020455
0 0.170530 0.507955 0.013245 0.015909
0 0.501656 0.343182 0.009934 0.009091
0 0.820364 0.418182 0.014901 0.009091
0 0.812086 0.390909 0.014901 0.018182
0 0.127483 0.662500 0.013245 0.011364
0 0.819536 0.585227 0.009934 0.006818
0 0.834437 0.560227 0.019868 0.020455
0 0.819536 0.504545 0.016556 0.018182
0 0.261589 0.598864 0.013245 0.015909
0 0.288907 0.632955 0.028146 0.020455
