0 0.747070 0.277344 0.009766 0.015625
0 0.416992 0.317383 0.025391 0.021484
0 0.760742 0.228516 0.021484 0.023438
0 0.364258 0.371094 0.044922 0.035156
0 0.320312 0.367188 0.023438 0.023438
0 0.569336 0.355469 0.013672 0.019531
0 0.405273 0.239258 0.009766 0.021484
0 0.426758 0.231445 0.009766 0.013672
0 0.713867 0.491211 0.017578 0.017578
0 0.527344 0.359375 0.015625 0.015625
0 0.491211 0.381836 0.033203 0.013672
0 0.684570 0.315430 0.029297 0.021484
0 0.786133 0.186523 0.017578 0.009766
0 0.791992 0.251953 0.013672 0.015625
0 0.756836 0.530273 0.025391 0.025391
0 0.749023 0.472656 0.013672 0.015625
0 0.683594 0.173828 0.027344 0.023438
0 0.686523 0.215820 0.033203 0.033203
0 0.525391 0.231445 0.019531 0.017578
0 0.340820 0.234375 0.017578 0.011719
0 0.371094 0.237305 0.023438 0.029297
0 0.584961 0.314453 0.013672 0.015625
0 0.797852 0.427734 0.021484 0.027344
0 0.339844 0.317383 0.019531 0.017578
0 0.716797 0.412109 0.011719 0.023438
0 0.723633 0.380859 0.033203 0.023438
0 0.681641 0.479492 0.019531 0.009766
0 0.693359 0.413086 0.007812 0.017578
0 0.719727 0.336914 0.025391 0.029297
0 0.531250 0.289062 0.031250 0.023438
