0 0.883562 0.858469 0.013699 0.018561
0 0.898402 0.827146 0.020548 0.020882
0 0.722603 0.497680 0.038813 0.030162
0 0.682648 0.497680 0.013699 0.016241
0 0.541096 0.516241 0.013699 0.011601
0 0.839041 0.541763 0.043379 0.039443
0 0.431507 0.465197 0.013699 0.011601
0 0.485160 0.496520 0.025114 0.013921
0 0.722603 0.581206 0.025114 0.016241
0 0.680365 0.593968 0.013699 0.027842
0 0.833333 0.498840 0.022831 0.013921
0 0.778539 0.489559 0.009132 0.013921
0 0.869863 0.909513 0.018265 0.027842
0 0.765982 0.966357 0.034247 0.044084
0 0.764840 0.894432 0.013699 0.016241
0 0.665525 0.547564 0.025114 0.032483
0 0.706621 0.552204 0.011416 0.018561
0 0.840183 0.895592 0.013699 0.018561
0 0.821918 0.936195 0.022831 0.020882
0 0.824201 0.864269 0.013699 0.006961
0 0.444064 0.541763 0.038813 0.039443
0 0.547945 0.595128 0.022831 0.025522
0 0.892694 0.624130 0.027397 0.013921
0 0.763699 0.590487 0.025114 0.025522
0 0.829909 0.592807 0.029680 0.034803
0 0.955479 0.747100 0.025114 0.027842
0 0.934932 0.698376 0.025114 0.027842
0 0.647260 0.452436 0.015982 0.018561
0 0.713470 0.458237 0.020548 0.020882
0 0.955479 0.924594 0.020548 0.020882
