0 0.156250 0.228906 0.028125 0.029687
0 0.475000 0.673438 0.018750 0.028125
0 0.504687 0.684375 0.028125 0.034375
0 0.948438 0.639062 0.025000 0.025000
0 0.890625 0.607812 0.006250 0.015625
0 0.931250 0.420312 0.028125 0.028125
0 0.964063 0.425781 0.012500 0.010937
0 0.530469 0.778125 0.020313 0.018750
0 0.352344 0.734375 0.010937 0.025000
0 0.400781 0.721875 0.010937 0.012500
0 0.319531 0.858594 0.045312 0.045312
0 0.312500 0.801562 0.015625 0.015625
0 0.586719 0.546875 0.014063 0.006250
0 0.589844 0.509375 0.020313 0.021875
0 0.565625 0.772656 0.037500 0.035937
0 0.603906 0.768750 0.014063 0.009375
0 0.333594 0.642969 0.007812 0.014063
0 0.331250 0.594531 0.015625 0.007812
0 0.935156 0.497656 0.032813 0.035937
0 0.370312 0.607031 0.040625 0.035937
0 0.449219 0.832031 0.020313 0.014063
0 0.387500 0.692969 0.018750 0.017188
0 0.347656 0.680469 0.035937 0.042188
0 0.318750 0.965625 0.015625 0.012500
0 0.313281 0.917188 0.020313 0.012500
0 0.252344 0.776563 0.017188 0.021875
0 0.296875 0.767188 0.012500 0.012500
0 0.416406 0.821094 0.014063 0.020313
0 0.360156 0.804688 0.020313 0.021875
0 0.628906 0.805469 0.026562 0.026562
0 0.452344 0.622656 0.014063 0.010937
