0 0.559570 0.840820 0.025391 0.025391
0 0.643555 0.702148 0.017578 0.017578
0 0.642578 0.633789 0.015625 0.009766
0 0.640625 0.556641 0.023438 0.035156
0 0.591797 0.886719 0.023438 0.027344
0 0.591797 0.818359 0.023438 0.019531
0 0.549805 0.687500 0.021484 0.015625
0 0.584961 0.691406 0.029297 0.027344
0 0.666992 0.873047 0.021484 0.039062
0 0.666016 0.827148 0.023438 0.021484
0 0.508789 0.684570 0.017578 0.017578
0 0.480469 0.693359 0.019531 0.023438
0 0.672852 0.762695 0.025391 0.021484
0 0.593750 0.739258 0.011719 0.009766
0 0.614258 0.549805 0.009766 0.013672
0 0.668945 0.729492 0.017578 0.021484
0 0.663086 0.800781 0.009766 0.015625
0 0.592773 0.638672 0.017578 0.019531
0 0.641602 0.776367 0.017578 0.017578
0 0.297852 0.755859 0.037109 0.023438
0 0.506836 0.765625 0.013672 0.023438
0 0.605469 0.766602 0.023438 0.013672
0 0.550781 0.752930 0.011719 0.009766
0 0.589844 0.549805 0.019531 0.021484
0 0.686523 0.793945 0.017578 0.013672
0 0.295898 0.650391 0.017578 0.027344
0 0.458984 0.793945 0.019531 0.017578
0 0.620117 0.744141 0.013672 0.015625
0 0.503906 0.833984 0.027344 0.031250
0 0.639648 0.855469 0.013672 0.015625
