0 0.673438 0.445312 0.021875 0.012500
0 0.689844 0.410938 0.035937 0.034375
0 0.216406 0.314844 0.032813 0.032813
0 0.275000 0.332031 0.037500 0.026562
0 0.242969 0.263281 0.029687 0.035937
0 0.244531 0.335938 0.007812 0.015625
0 0.245312 0.518750 0.015625 0.031250
0 0.259375 0.456250 0.015625 0.015625
0 0.116406 0.535937 0.007812 0.012500
0 0.134375 0.470313 0.028125 0.037500
0 0.164062 0.180469 0.012500 0.010937
0 0.103125 0.201563 0.028125 0.028125
0 0.355469 0.208594 0.026562 0.026562
0 0.403906 0.206250 0.007812 0.012500
0 0.389844 0.276562 0.014063 0.018750
0 0.348438 0.286719 0.025000 0.023438
0 0.214062 0.192188 0.034375 0.031250
0 0.279687 0.275781 0.018750 0.017188
0 0.437500 0.442969 0.046875 0.042188
0 0.256250 0.621094 0.028125 0.026562
0 0.376563 0.332031 0.046875 0.039062
0 0.325000 0.325781 0.021875 0.029687
0 0.055469 0.510938 0.032813 0.043750
0 0.815625 0.757812 0.034375 0.037500
0 0.345313 0.442188 0.028125 0.028125
0 0.242188 0.428906 0.012500 0.010937
0 0.904687 0.439063 0.028125 0.037500
0 0.910156 0.396094 0.020313 0.020313
0 0.517188 0.396875 0.018750 0.018750
0 0.574219 0.400000 0.010937 0.012500
