0 0.803711 0.828125 0.037109 0.042969
0 0.851562 0.841797 0.035156 0.015625
0 0.399414 0.392578 0.013672 0.015625
0 0.338867 0.400391 0.021484 0.031250
0 0.587891 0.819336 0.023438 0.025391
0 0.551758 0.840820 0.029297 0.025391
0 0.536133 0.363281 0.029297 0.023438
0 0.443359 0.365234 0.023438 0.019531
0 0.679688 0.916992 0.027344 0.009766
0 0.651367 0.922852 0.013672 0.013672
0 0.812500 0.880859 0.023438 0.011719
0 0.832031 0.921875 0.007812 0.015625
0 0.713867 0.830078 0.029297 0.039062
0 0.749023 0.855469 0.017578 0.019531
0 0.651367 0.719727 0.041016 0.029297
0 0.690430 0.697266 0.009766 0.015625
0 0.585938 0.888672 0.035156 0.031250
0 0.542969 0.889648 0.027344 0.025391
0 0.506836 0.408203 0.017578 0.019531
0 0.568359 0.695312 0.023438 0.035156
0 0.592773 0.731445 0.021484 0.013672
0 0.769531 0.695312 0.023438 0.027344
0 0.617188 0.402344 0.027344 0.019531
0 0.375000 0.292969 0.015625 0.015625
0 0.816406 0.754883 0.031250 0.021484
0 0.851562 0.779297 0.011719 0.019531
0 0.593750 0.367188 0.042969 0.031250
0 0.645508 0.372070 0.021484 0.021484
0 0.768555 0.293945 0.041016 0.021484
0 0.538086 0.780273 0.013672 0.017578
