0 0.780273 0.842773 0.248047 0.314453
0 0.610352 0.191406 0.025391 0.015625
0 0.638672 0.143555 0.039062 0.033203
0 0.301758 0.401367 0.017578 0.009766
0 0.792969 0.301758 0.042969 0.037109
0 0.776367 0.254883 0.025391 0.033203
0 0.916016 0.348633 0.035156 0.041016
0 0.327148 0.531250 0.025391 0.027344
0 0.325195 0.503906 0.029297 0.011719
0 0.359375 0.471680 0.023438 0.025391
0 0.478516 0.457031 0.015625 0.015625
0 0.438477 0.465820 0.017578 0.009766
0 0.368164 0.416016 0.025391 0.039062
0 0.339844 0.426758 0.015625 0.021484
0 0.380859 0.525391 0.039062 0.027344
0 0.808594 0.135742 0.027344 0.017578
0 0.833984 0.193359 0.031250 0.035156
0 0.472656 0.525391 0.031250 0.031250
0 0.504883 0.522461 0.013672 0.009766
0 0.617188 0.377930 0.023438 0.017578
0 0.783203 0.421875 0.015625 0.015625
0 0.788086 0.389648 0.021484 0.009766
0 0.844727 0.315430 0.021484 0.017578
0 0.849609 0.282227 0.023438 0.013672
0 0.905273 0.303711 0.037109 0.021484
0 0.937500 0.294922 0.007812 0.015625
0 0.305664 0.478516 0.009766 0.015625
0 0.284180 0.487305 0.009766 0.013672
0 0.292969 0.578125 0.011719 0.031250
0 0.324219 0.455078 0.019531 0.011719
0 0.325195 0.475586 0.013672 0.009766
