0 0.528320 0.416992 0.009766 0.017578
0 0.457031 0.201172 0.027344 0.027344
0 0.393555 0.176758 0.041016 0.033203
0 0.440430 0.108398 0.025391 0.025391
0 0.428711 0.146484 0.013672 0.015625
0 0.449219 0.715820 0.023438 0.029297
0 0.567383 0.082031 0.017578 0.015625
0 0.560547 0.125000 0.027344 0.031250
0 0.457031 0.641602 0.007812 0.013672
0 0.450195 0.613281 0.017578 0.015625
0 0.566406 0.321289 0.023438 0.025391
0 0.449219 0.583008 0.023438 0.025391
0 0.738281 0.132812 0.031250 0.023438
0 0.408203 0.120117 0.019531 0.021484
0 0.787109 0.201172 0.015625 0.015625
0 0.754883 0.208008 0.017578 0.013672
0 0.473633 0.682617 0.021484 0.021484
0 0.510742 0.173828 0.013672 0.035156
0 0.555664 0.181641 0.013672 0.011719
0 0.527344 0.719727 0.019531 0.029297
0 0.431641 0.243164 0.015625 0.021484
0 0.222656 0.405273 0.015625 0.013672
0 0.504883 0.271484 0.033203 0.015625
0 0.543945 0.242188 0.029297 0.035156
0 0.600586 0.135742 0.033203 0.037109
0 0.449219 0.688477 0.011719 0.005859
0 0.444336 0.668945 0.013672 0.009766
0 0.463867 0.277344 0.017578 0.015625
0 0.390625 0.233398 0.015625 0.013672
0 0.374023 0.415039 0.017578 0.017578
