0 0.204706 0.723404 0.009412 0.014184
0 0.291765 0.703310 0.014118 0.011820
0 0.251765 0.723404 0.014118 0.014184
0 0.158824 0.723404 0.025882 0.023641
0 0.210588 0.754137 0.016471 0.023641
0 0.261176 0.786052 0.014118 0.007092
0 0.238824 0.784870 0.011765 0.014184
0 0.289412 0.757683 0.037647 0.021277
0 0.254118 0.754137 0.014118 0.014184
0 0.164706 0.691489 0.023529 0.011820
0 0.200000 0.783688 0.014118 0.011820
0 0.295294 0.789598 0.011765 0.018913
0 0.144706 0.751773 0.021176 0.014184
0 0.208235 0.695035 0.025882 0.009456
0 0.301176 0.725768 0.018824 0.009456
0 0.144706 0.783688 0.025882 0.030733
0 0.241176 0.695035 0.011765 0.014184
