0 0.622070 0.455078 0.025391 0.023438
0 0.654297 0.500977 0.027344 0.029297
0 0.558594 0.468750 0.019531 0.019531
0 0.525391 0.474609 0.015625 0.011719
0 0.241211 0.231445 0.037109 0.025391
0 0.281250 0.397461 0.007812 0.013672
0 0.308594 0.366211 0.031250 0.025391
0 0.240234 0.370117 0.011719 0.009766
0 0.192383 0.369141 0.021484 0.023438
0 0.486328 0.445312 0.035156 0.023438
0 0.480469 0.504883 0.011719 0.017578
0 0.375977 0.161133 0.021484 0.017578
0 0.705078 0.599609 0.015625 0.007812
0 0.669922 0.595703 0.027344 0.027344
0 0.690430 0.474609 0.025391 0.015625
0 0.499023 0.298828 0.021484 0.035156
0 0.728516 0.594727 0.015625 0.013672
0 0.716797 0.291992 0.035156 0.029297
0 0.605469 0.415039 0.011719 0.009766
0 0.553711 0.629883 0.037109 0.021484
0 0.511719 0.629883 0.011719 0.021484
0 0.529297 0.256836 0.015625 0.025391
0 0.617188 0.586914 0.011719 0.009766
0 0.634766 0.534180 0.011719 0.009766
0 0.479492 0.565430 0.048828 0.048828
0 0.555664 0.577148 0.037109 0.021484
0 0.611328 0.294922 0.039062 0.042969
0 0.650391 0.287109 0.015625 0.039062
0 0.796875 0.638672 0.015625 0.015625
0 0.749023 0.661133 0.013672 0.017578
