0 0.363314 0.675194 0.009467 0.013953
0 0.621302 0.922481 0.011834 0.024806
0 0.701775 0.944186 0.007101 0.015504
0 0.679882 0.945736 0.022485 0.018605
0 0.273373 0.968217 0.018935 0.023256
0 0.218343 0.963566 0.036686 0.041860
0 0.401775 0.457364 0.024852 0.027907
0 0.396450 0.496899 0.011834 0.017054
0 0.432544 0.616279 0.029586 0.032558
0 0.411243 0.962791 0.024852 0.027907
0 0.503550 0.872093 0.013018 0.013953
0 0.557396 0.946512 0.016568 0.023256
0 0.489941 0.947287 0.011834 0.021705
0 0.325444 0.500000 0.014201 0.020155
0 0.326036 0.431783 0.024852 0.017054
0 0.537278 0.896899 0.018935 0.023256
0 0.326627 0.353488 0.026036 0.031008
0 0.321893 0.410078 0.014201 0.013953
0 0.372781 0.579070 0.021302 0.038760
0 0.401183 0.356589 0.016568 0.031008
0 0.411834 0.416279 0.004734 0.013953
0 0.739053 0.898450 0.015385 0.023256
0 0.371598 0.629457 0.023669 0.024806
0 0.652071 0.944186 0.009467 0.015504
0 0.402959 0.655039 0.005917 0.013953
0 0.402367 0.617054 0.009467 0.009302
0 0.467456 0.844186 0.018935 0.023256
0 0.392308 0.861240 0.008284 0.013953
0 0.446746 0.915504 0.015385 0.023256
0 0.366864 0.528682 0.018935 0.018605
