0 0.375000 0.631532 0.021739 0.019820
0 0.372283 0.590991 0.038043 0.039640
0 0.766304 0.070270 0.018116 0.018018
0 0.431159 0.049550 0.025362 0.019820
0 0.892210 0.686486 0.030797 0.025225
0 0.856884 0.730631 0.018116 0.019820
0 0.809783 0.903604 0.032609 0.045045
0 0.652174 0.261261 0.018116 0.010811
0 0.543478 0.777477 0.021739 0.027027
0 0.658514 0.451351 0.012681 0.012613
0 0.641304 0.396396 0.043478 0.039640
0 0.365942 0.681982 0.036232 0.034234
0 0.367754 0.723423 0.039855 0.034234
0 0.314312 0.627928 0.034420 0.045045
0 0.719203 0.142342 0.018116 0.025225
0 0.711957 0.193694 0.039855 0.030631
0 0.389493 0.030631 0.025362 0.025225
0 0.400362 0.068468 0.014493 0.018018
0 0.497283 0.250450 0.012681 0.010811
0 0.583333 0.895495 0.014493 0.007207
0 0.615036 0.888288 0.027174 0.028829
0 0.691123 0.096396 0.019928 0.016216
0 0.805254 0.153153 0.012681 0.025225
0 0.555254 0.421622 0.038043 0.025225
0 0.562500 0.389189 0.019928 0.021622
0 0.447464 0.626126 0.021739 0.037838
0 0.414855 0.612613 0.018116 0.018018
0 0.291667 0.043243 0.014493 0.014414
0 0.800725 0.636036 0.039855 0.039640
0 0.747283 0.637838 0.034420 0.036036
