0 0.074355 0.734211 0.009105 0.012281
0 0.119120 0.625439 0.016692 0.008772
0 0.143399 0.782456 0.010622 0.014035
0 0.157815 0.793860 0.006070 0.015789
0 0.122914 0.733333 0.015175 0.007018
0 0.824734 0.533333 0.013657 0.017544
0 0.194234 0.386842 0.024279 0.026316
0 0.148710 0.377193 0.036419 0.031579
0 0.436267 0.679825 0.016692 0.022807
0 0.514416 0.671930 0.006070 0.014035
0 0.095599 0.732456 0.021244 0.015789
0 0.101669 0.707895 0.009105 0.008772
0 0.798938 0.740351 0.034901 0.042105
0 0.803490 0.804386 0.016692 0.019298
0 0.279970 0.719298 0.010622 0.028070
0 0.196510 0.724561 0.022762 0.021053
0 0.603187 0.709649 0.016692 0.019298
0 0.638847 0.512281 0.021244 0.028070
0 0.446131 0.447368 0.012140 0.021053
0 0.481791 0.440351 0.028832 0.028070
0 0.103187 0.685965 0.009105 0.014035
0 0.254932 0.467544 0.006070 0.012281
0 0.245068 0.433333 0.016692 0.014035
0 0.544006 0.736842 0.016692 0.024561
0 0.511381 0.757895 0.024279 0.021053
0 0.145675 0.698246 0.012140 0.007018
0 0.725341 0.771053 0.015175 0.015789
0 0.694992 0.721053 0.027314 0.031579
0 0.379363 0.767544 0.021244 0.019298
0 0.311836 0.761404 0.025797 0.031579
