0 0.839921 0.406393 0.009223 0.027397
0 0.864295 0.415525 0.010540 0.027397
0 0.711462 0.349315 0.010540 0.013699
0 0.693676 0.340183 0.009223 0.041096
0 0.770751 0.625571 0.013175 0.027397
0 0.743083 0.573059 0.007905 0.013699
0 0.134387 0.835616 0.010540 0.018265
0 0.752306 0.438356 0.007905 0.036530
0 0.793808 0.447489 0.006588 0.027397
0 0.401186 0.502283 0.011858 0.036530
0 0.098155 0.573059 0.009223 0.031963
0 0.312253 0.340183 0.007905 0.041096
0 0.451910 0.465753 0.005270 0.027397
0 0.542819 0.388128 0.007905 0.018265
0 0.471014 0.331050 0.011858 0.041096
0 0.490777 0.342466 0.009223 0.045662
0 0.074440 0.748858 0.011858 0.036530
0 0.390646 0.429224 0.009223 0.036530
0 0.412385 0.449772 0.005270 0.022831
0 0.514493 0.105023 0.009223 0.036530
0 0.528327 0.054795 0.010540 0.018265
0 0.083663 0.680365 0.011858 0.027397
0 0.073781 0.634703 0.005270 0.018265
0 0.354414 0.618721 0.005270 0.022831
0 0.388669 0.625571 0.007905 0.018265
0 0.859684 0.584475 0.006588 0.027397
0 0.814229 0.598174 0.005270 0.045662
0 0.184453 0.436073 0.010540 0.041096
0 0.602108 0.589041 0.005270 0.018265
0 0.658762 0.529680 0.005270 0.045662
