0 0.588867 0.584961 0.013672 0.029297
0 0.487305 0.583984 0.029297 0.031250
0 0.479492 0.616211 0.017578 0.013672
0 0.511719 0.821289 0.031250 0.029297
0 0.616211 0.570312 0.017578 0.015625
0 0.426758 0.466797 0.017578 0.027344
0 0.558594 0.556641 0.019531 0.011719
0 0.573242 0.761719 0.033203 0.027344
0 0.572266 0.809570 0.015625 0.021484
0 0.599609 0.522461 0.011719 0.013672
0 0.450195 0.776367 0.017578 0.013672
0 0.502930 0.510742 0.021484 0.033203
0 0.636719 0.676758 0.011719 0.013672
0 0.547852 0.697266 0.017578 0.027344
0 0.581055 0.689453 0.013672 0.015625
0 0.560547 0.522461 0.039062 0.029297
0 0.500977 0.662109 0.021484 0.039062
0 0.429688 0.666016 0.035156 0.039062
0 0.619141 0.791016 0.031250 0.039062
0 0.448242 0.612305 0.013672 0.009766
0 0.434570 0.576172 0.041016 0.042969
