0 0.766602 0.139648 0.017578 0.017578
0 0.373047 0.467773 0.007812 0.017578
0 0.754883 0.220703 0.025391 0.027344
0 0.715820 0.239258 0.025391 0.021484
0 0.161133 0.465820 0.013672 0.021484
0 0.138672 0.495117 0.011719 0.013672
0 0.508789 0.098633 0.013672 0.009766
0 0.904297 0.358398 0.039062 0.029297
0 0.911133 0.412109 0.017578 0.023438
0 0.634766 0.487305 0.027344 0.021484
0 0.678711 0.472656 0.013672 0.015625
0 0.651367 0.137695 0.025391 0.025391
0 0.333008 0.294922 0.013672 0.007812
0 0.733398 0.439453 0.021484 0.027344
0 0.718750 0.479492 0.031250 0.029297
0 0.889648 0.128906 0.037109 0.042969
0 0.829102 0.120117 0.013672 0.009766
0 0.796875 0.542969 0.035156 0.027344
0 0.350586 0.391602 0.041016 0.044922
0 0.358398 0.427734 0.013672 0.007812
0 0.203125 0.327148 0.035156 0.033203
0 0.541992 0.226562 0.033203 0.042969
0 0.499023 0.231445 0.025391 0.025391
0 0.633789 0.092773 0.033203 0.017578
0 0.677734 0.092773 0.031250 0.025391
0 0.823242 0.317383 0.029297 0.029297
0 0.791992 0.282227 0.029297 0.025391
0 0.861328 0.089844 0.007812 0.015625
0 0.888672 0.288086 0.011719 0.017578
0 0.661133 0.178711 0.037109 0.037109
