0 0.579505 0.609551 0.014134 0.028090
0 0.752650 0.539326 0.014134 0.022472
0 0.208481 0.651685 0.021201 0.022472
0 0.243816 0.651685 0.014134 0.022472
0 0.466431 0.696629 0.028269 0.022472
0 0.519435 0.674157 0.014134 0.022472
0 0.477032 0.632022 0.014134 0.028090
0 0.526502 0.615169 0.014134 0.028090
0 0.614841 0.651685 0.014134 0.022472
0 0.650177 0.761236 0.021201 0.039326
0 0.397527 0.522472 0.017668 0.044944
0 0.484099 0.808989 0.014134 0.022472
0 0.028269 0.955056 0.014134 0.022472
0 0.047703 0.898876 0.024735 0.033708
0 0.855124 0.646067 0.014134 0.022472
0 0.886926 0.634831 0.014134 0.022472
0 0.858657 0.786517 0.021201 0.044944
0 0.445230 0.651685 0.014134 0.022472
0 0.671378 0.870787 0.014134 0.044944
0 0.689046 0.783708 0.014134 0.016854
0 0.766784 0.778090 0.014134 0.016854
0 0.734982 0.735955 0.014134 0.022472
0 0.717314 0.792135 0.014134 0.022472
0 0.823322 0.808989 0.014134 0.022472
0 0.685512 0.730337 0.014134 0.022472
0 0.644876 0.702247 0.017668 0.022472
0 0.706714 0.668539 0.014134 0.022472
0 0.763251 0.693820 0.014134 0.028090
0 0.159011 0.623596 0.014134 0.033708
0 0.614841 0.808989 0.014134 0.022472
