0 0.562424 0.603922 0.026667 0.047059
0 0.348485 0.454902 0.010909 0.011765
0 0.327879 0.440196 0.006061 0.013725
0 0.508485 0.443137 0.018182 0.015686
0 0.562424 0.450000 0.026667 0.037255
0 0.303030 0.312745 0.029091 0.049020
0 0.231515 0.432353 0.009697 0.021569
0 0.246061 0.474510 0.012121 0.015686
0 0.556970 0.510784 0.015758 0.025490
0 0.529091 0.553922 0.008485 0.013725
0 0.541212 0.552941 0.006061 0.011765
0 0.260606 0.330392 0.012121 0.021569
0 0.275152 0.285294 0.004848 0.013725
0 0.495758 0.560784 0.012121 0.019608
0 0.570303 0.557843 0.006061 0.017647
0 0.556970 0.558824 0.010909 0.019608
0 0.304242 0.468627 0.007273 0.027451
0 0.292121 0.481373 0.007273 0.009804
0 0.240606 0.340196 0.010909 0.009804
0 0.225455 0.314706 0.014545 0.025490
0 0.592727 0.569608 0.009697 0.009804
0 0.587879 0.544118 0.009697 0.021569
0 0.531515 0.507843 0.008485 0.011765
0 0.344848 0.545098 0.015758 0.027451
0 0.228485 0.527451 0.023030 0.043137
0 0.239394 0.367647 0.025455 0.029412
0 0.243636 0.401961 0.014545 0.011765
0 0.537576 0.442157 0.013333 0.021569
0 0.352121 0.395098 0.010909 0.013725
0 0.332727 0.355882 0.015758 0.017647
