0 0.172852 0.907227 0.017578 0.013672
0 0.219727 0.913086 0.021484 0.029297
0 0.324219 0.427734 0.019531 0.019531
0 0.326172 0.478516 0.019531 0.015625
0 0.818359 0.534180 0.011719 0.005859
0 0.805664 0.580078 0.013672 0.011719
0 0.609375 0.649414 0.031250 0.044922
0 0.610352 0.604492 0.017578 0.009766
0 0.750977 0.601562 0.025391 0.015625
0 0.386719 0.646484 0.015625 0.015625
0 0.376953 0.678711 0.019531 0.017578
0 0.321289 0.915039 0.013672 0.013672
0 0.501953 0.703125 0.042969 0.039062
0 0.897461 0.595703 0.021484 0.015625
0 0.379883 0.480469 0.009766 0.015625
0 0.380859 0.405273 0.027344 0.037109
0 0.798828 0.493164 0.039062 0.037109
0 0.786133 0.454102 0.009766 0.017578
0 0.862305 0.669922 0.009766 0.023438
0 0.401367 0.875000 0.029297 0.035156
0 0.570312 0.571289 0.035156 0.033203
0 0.556641 0.527344 0.035156 0.027344
0 0.800781 0.644531 0.035156 0.015625
0 0.406250 0.297852 0.011719 0.009766
0 0.405273 0.618164 0.017578 0.025391
0 0.409180 0.692383 0.029297 0.029297
0 0.890625 0.696289 0.015625 0.021484
0 0.900391 0.653320 0.035156 0.033203
0 0.605469 0.584961 0.011719 0.005859
0 0.635742 0.577148 0.025391 0.021484
