0 0.764648 0.672852 0.017578 0.021484
0 0.769531 0.629883 0.011719 0.009766
0 0.708984 0.666992 0.023438 0.013672
0 0.708008 0.710938 0.029297 0.039062
0 0.757812 0.729492 0.011719 0.009766
0 0.712891 0.780273 0.019531 0.041016
0 0.743164 0.639648 0.017578 0.013672
0 0.791016 0.569336 0.019531 0.017578
0 0.796875 0.596680 0.019531 0.013672
0 0.771484 0.600586 0.015625 0.029297
0 0.740234 0.808594 0.015625 0.011719
0 0.746094 0.770508 0.011719 0.009766
0 0.796875 0.733398 0.007812 0.013672
0 0.792969 0.694336 0.011719 0.005859
0 0.800781 0.636719 0.019531 0.023438
0 0.771484 0.791992 0.011719 0.013672
0 0.798828 0.780273 0.015625 0.017578
0 0.737305 0.700195 0.013672 0.017578
0 0.708984 0.596680 0.027344 0.033203
0 0.705078 0.556641 0.019531 0.015625
0 0.739258 0.562500 0.017578 0.019531
