0 0.669492 0.745421 0.028249 0.040293
0 0.704802 0.650183 0.025424 0.018315
0 0.651130 0.648352 0.019774 0.014652
0 0.837571 0.509158 0.014124 0.021978
0 0.706215 0.619048 0.033898 0.014652
0 0.879944 0.586081 0.019774 0.036630
0 0.929379 0.071429 0.022599 0.040293
0 0.946328 0.249084 0.028249 0.021978
0 0.492938 0.620879 0.025424 0.025641
0 0.480226 0.587912 0.011299 0.010989
0 0.707627 0.904762 0.014124 0.021978
0 0.353107 0.523810 0.022599 0.036630
0 0.655367 0.595238 0.016949 0.018315
0 0.259887 0.437729 0.022599 0.032967
0 0.324859 0.423077 0.016949 0.032967
0 0.769774 0.822344 0.019774 0.032967
0 0.810734 0.818681 0.011299 0.018315
0 0.629944 0.263736 0.016949 0.014652
0 0.597458 0.884615 0.014124 0.040293
0 0.915254 0.523810 0.016949 0.029304
0 0.550847 0.741758 0.028249 0.032967
0 0.507062 0.745421 0.025424 0.040293
0 0.593220 0.622711 0.011299 0.021978
0 0.553672 0.622711 0.016949 0.021978
0 0.358757 0.278388 0.016949 0.029304
0 0.389831 0.282051 0.011299 0.021978
0 0.532486 0.862637 0.014124 0.032967
0 0.833333 0.120879 0.022599 0.021978
0 0.788136 0.139194 0.022599 0.029304
0 0.591808 0.265568 0.019774 0.025641
