0 0.773810 0.606459 0.028571 0.040670
0 0.723810 0.600478 0.038095 0.038278
0 0.303571 0.264354 0.021429 0.026316
0 0.745238 0.537081 0.028571 0.026316
0 0.603571 0.264354 0.035714 0.026316
0 0.741667 0.318182 0.016667 0.019139
0 0.597619 0.318182 0.019048 0.028708
0 0.540476 0.238038 0.019048 0.026316
0 0.538095 0.424641 0.047619 0.040670
0 0.514286 0.267943 0.009524 0.014354
0 0.416667 0.266746 0.019048 0.021531
0 0.348810 0.263158 0.035714 0.023923
0 0.639286 0.242823 0.016667 0.016746
0 0.498810 0.520335 0.035714 0.016746
0 0.679762 0.566986 0.021429 0.014354
0 0.597619 0.624402 0.014286 0.009569
0 0.891667 0.362440 0.021429 0.016746
0 0.854762 0.342105 0.009524 0.014354
0 0.502381 0.291866 0.009524 0.014354
0 0.471429 0.285885 0.023810 0.016746
0 0.542857 0.313397 0.014286 0.009569
0 0.480952 0.326555 0.014286 0.011962
0 0.707143 0.388756 0.014286 0.011962
0 0.628571 0.395933 0.019048 0.011962
0 0.670238 0.356459 0.016667 0.023923
0 0.365476 0.316986 0.026190 0.026316
0 0.657143 0.290670 0.009524 0.021531
0 0.634524 0.294258 0.011905 0.014354
0 0.911905 0.528708 0.033333 0.038278
0 0.855952 0.528708 0.016667 0.009569
