0 0.520508 0.323242 0.021484 0.037109
0 0.680664 0.473633 0.021484 0.021484
0 0.568359 0.541016 0.039062 0.039062
0 0.578125 0.581055 0.019531 0.013672
0 0.583984 0.667969 0.023438 0.027344
0 0.674805 0.554688 0.025391 0.023438
0 0.668945 0.345703 0.013672 0.015625
0 0.686523 0.375977 0.017578 0.025391
0 0.628906 0.327148 0.042969 0.044922
0 0.565430 0.359375 0.033203 0.031250
0 0.517578 0.566406 0.035156 0.023438
0 0.586914 0.465820 0.025391 0.013672
0 0.560547 0.430664 0.019531 0.029297
0 0.518555 0.460938 0.029297 0.023438
0 0.520508 0.635742 0.029297 0.041016
0 0.541016 0.672852 0.011719 0.017578
0 0.635742 0.623047 0.033203 0.031250
0 0.624023 0.570312 0.021484 0.031250
0 0.677734 0.655273 0.023438 0.009766
0 0.682617 0.622070 0.041016 0.017578
0 0.635742 0.468750 0.033203 0.035156
0 0.624023 0.410156 0.017578 0.023438
