0 0.287109 0.794922 0.023438 0.039062
0 0.493164 0.833984 0.021484 0.027344
0 0.436523 0.779297 0.017578 0.015625
0 0.503906 0.944336 0.035156 0.033203
0 0.343750 0.880859 0.015625 0.015625
0 0.506836 0.793945 0.033203 0.025391
0 0.544922 0.778320 0.007812 0.013672
0 0.299805 0.835938 0.025391 0.027344
0 0.441406 0.891602 0.023438 0.021484
0 0.318359 0.876953 0.019531 0.023438
0 0.349609 0.845703 0.019531 0.023438
0 0.438477 0.926758 0.021484 0.021484
0 0.515625 0.898438 0.019531 0.019531
0 0.391602 0.799805 0.029297 0.021484
0 0.349609 0.786133 0.015625 0.017578
0 0.285156 0.936523 0.035156 0.041016
0 0.352539 0.927734 0.013672 0.015625
0 0.458008 0.836914 0.033203 0.017578
