0 0.362500 0.320000 0.009375 0.020000
0 0.224219 0.231667 0.010937 0.014444
0 0.153125 0.171111 0.018750 0.031111
0 0.345703 0.879444 0.017969 0.038889
0 0.383203 0.894444 0.021094 0.024444
0 0.200391 0.522778 0.024219 0.034444
0 0.294141 0.802778 0.011719 0.016667
0 0.241406 0.803889 0.012500 0.016667
0 0.345703 0.476667 0.032031 0.040000
0 0.338281 0.831667 0.026562 0.043333
0 0.373047 0.216111 0.010156 0.018889
0 0.419531 0.189444 0.018750 0.014444
0 0.470313 0.756667 0.012500 0.028889
0 0.515625 0.389444 0.029687 0.038889
0 0.541797 0.383889 0.013281 0.030000
0 0.504687 0.467778 0.007812 0.015556
0 0.245703 0.882222 0.022656 0.031111
0 0.251563 0.378333 0.029687 0.025556
0 0.246875 0.416667 0.020313 0.035556
0 0.075781 0.753333 0.014063 0.017778
0 0.284375 0.168889 0.017188 0.024444
0 0.347656 0.576667 0.021875 0.028889
0 0.411328 0.385556 0.022656 0.026667
0 0.300000 0.745556 0.020313 0.026667
0 0.565234 0.730000 0.025781 0.033333
0 0.595313 0.805000 0.009375 0.012222
0 0.088281 0.888889 0.026562 0.022222
0 0.041016 0.905556 0.028906 0.042222
0 0.339453 0.750000 0.003906 0.015556
0 0.189844 0.866667 0.015625 0.017778
