0 0.671875 0.600586 0.015625 0.013672
0 0.816406 0.452148 0.023438 0.021484
0 0.825195 0.419922 0.021484 0.023438
0 0.118164 0.706055 0.021484 0.021484
0 0.087891 0.750977 0.011719 0.009766
0 0.328125 0.657227 0.019531 0.017578
0 0.771484 0.354492 0.042969 0.041016
0 0.421875 0.416016 0.019531 0.019531
0 0.796875 0.720703 0.035156 0.035156
0 0.845703 0.707031 0.015625 0.023438
0 0.704102 0.645508 0.021484 0.033203
0 0.641602 0.637695 0.021484 0.013672
0 0.104492 0.919922 0.017578 0.015625
0 0.111328 0.627930 0.039062 0.037109
0 0.099609 0.591797 0.031250 0.015625
0 0.541016 0.760742 0.011719 0.009766
0 0.837891 0.506836 0.039062 0.037109
0 0.681641 0.489258 0.027344 0.041016
0 0.495117 0.624023 0.009766 0.013672
0 0.527344 0.629883 0.019531 0.021484
0 0.678711 0.362305 0.033203 0.041016
0 0.247070 0.697266 0.033203 0.023438
0 0.681641 0.416992 0.042969 0.033203
0 0.672852 0.451172 0.009766 0.015625
0 0.535156 0.441406 0.039062 0.031250
0 0.807617 0.649414 0.037109 0.029297
0 0.841797 0.610352 0.027344 0.017578
0 0.231445 0.644531 0.017578 0.019531
0 0.472656 0.598633 0.011719 0.013672
0 0.412109 0.691406 0.023438 0.019531
