0 0.437795 0.426680 0.025197 0.022403
0 0.492913 0.480652 0.015748 0.020367
0 0.524409 0.473523 0.009449 0.010183
0 0.657480 0.481670 0.011024 0.022403
0 0.687402 0.480652 0.014173 0.016293
0 0.569291 0.456212 0.011024 0.012220
0 0.597638 0.478615 0.014173 0.020367
0 0.574016 0.483707 0.011024 0.022403
0 0.562205 0.428717 0.025197 0.022403
0 0.601575 0.428717 0.018898 0.022403
0 0.525984 0.451120 0.012598 0.018330
0 0.545669 0.505092 0.011024 0.016293
0 0.584252 0.512220 0.009449 0.014257
0 0.504724 0.513238 0.007874 0.016293
0 0.483465 0.514257 0.009449 0.018330
0 0.421260 0.454175 0.011024 0.016293
0 0.400000 0.459267 0.012598 0.014257
0 0.629134 0.457230 0.017323 0.018330
0 0.410236 0.506110 0.023622 0.014257
0 0.684252 0.510183 0.020472 0.026477
0 0.391339 0.484725 0.011024 0.012220
0 0.432283 0.490835 0.007874 0.008147
0 0.662992 0.432790 0.009449 0.010183
0 0.633071 0.426680 0.015748 0.022403
0 0.488189 0.430754 0.028346 0.022403
