0 0.147461 0.242188 0.009766 0.023438
0 0.143555 0.579102 0.025391 0.025391
0 0.177734 0.550781 0.011719 0.019531
0 0.093750 0.700195 0.035156 0.033203
0 0.170898 0.663086 0.021484 0.025391
0 0.154297 0.833008 0.031250 0.033203
0 0.576172 0.578125 0.011719 0.027344
0 0.542969 0.582031 0.039062 0.019531
0 0.023438 0.828125 0.019531 0.015625
0 0.086914 0.786133 0.021484 0.017578
0 0.106445 0.549805 0.025391 0.029297
0 0.091797 0.587891 0.023438 0.027344
0 0.210938 0.668945 0.027344 0.029297
0 0.421875 0.608398 0.011719 0.013672
0 0.382812 0.607422 0.011719 0.015625
0 0.207031 0.530273 0.015625 0.005859
0 0.228516 0.563477 0.015625 0.013672
0 0.615234 0.549805 0.015625 0.021484
0 0.651367 0.550781 0.025391 0.027344
0 0.548828 0.604492 0.015625 0.005859
0 0.218750 0.722656 0.042969 0.039062
0 0.232422 0.763672 0.015625 0.019531
0 0.139648 0.708984 0.013672 0.011719
0 0.035156 0.532227 0.007812 0.013672
0 0.103516 0.753906 0.035156 0.031250
0 0.406250 0.583984 0.015625 0.015625
0 0.430664 0.569336 0.017578 0.009766
0 0.171875 0.698242 0.031250 0.029297
0 0.603516 0.608398 0.019531 0.029297
0 0.474609 0.578125 0.019531 0.019531
0 0.504883 0.574219 0.009766 0.015625
