0 0.380539 0.341651 0.025048 0.034549
0 0.239884 0.431862 0.036609 0.030710
0 0.261079 0.475048 0.017341 0.017274
0 0.321773 0.416507 0.015414 0.026871
0 0.296724 0.437620 0.011561 0.030710
0 0.362235 0.161228 0.026975 0.042226
0 0.955684 0.967370 0.034682 0.023033
0 0.969171 0.993282 0.015414 0.013436
0 0.826590 0.847409 0.019268 0.032630
0 0.386320 0.230326 0.028902 0.023033
0 0.914258 0.977927 0.013487 0.032630
0 0.815992 0.890595 0.017341 0.023033
0 0.801541 0.926104 0.015414 0.013436
0 0.908478 0.789827 0.044316 0.040307
0 0.239884 0.351248 0.017341 0.019194
0 0.247592 0.242802 0.021195 0.024952
0 0.380539 0.433781 0.040462 0.034549
0 0.372832 0.470250 0.036609 0.023033
0 0.955684 0.909789 0.019268 0.034549
0 0.857418 0.773512 0.034682 0.042226
0 0.954721 0.825336 0.028902 0.023033
0 0.956647 0.858925 0.017341 0.017274
0 0.242775 0.173704 0.034682 0.021113
0 0.874759 0.985605 0.015414 0.013436
0 0.186898 0.342610 0.042389 0.036468
0 0.864162 0.906910 0.013487 0.017274
0 0.181118 0.428983 0.038536 0.032630
0 0.895954 0.845489 0.023121 0.009597
0 0.301541 0.314779 0.036609 0.042226
0 0.871869 0.853167 0.009634 0.013436
