0 0.369444 0.635225 0.007778 0.025042
0 0.687778 0.350584 0.015556 0.030050
0 0.687222 0.282137 0.012222 0.013356
0 0.464444 0.304674 0.013333 0.011686
0 0.432778 0.295492 0.014444 0.023372
0 0.740556 0.540902 0.005556 0.013356
0 0.735556 0.583472 0.031111 0.041736
0 0.932778 0.580134 0.010000 0.011686
0 0.959444 0.515860 0.016667 0.020033
0 0.325556 0.401503 0.013333 0.028381
0 0.665000 0.739566 0.007778 0.013356
0 0.617222 0.733723 0.030000 0.041736
0 0.478889 0.211185 0.013333 0.021703
0 0.444444 0.192821 0.024444 0.035058
0 0.183889 0.370618 0.007778 0.023372
0 0.152222 0.365609 0.011111 0.016694
0 0.765556 0.305509 0.022222 0.040067
0 0.278333 0.432387 0.023333 0.030050
0 0.957222 0.335559 0.018889 0.036728
0 0.843889 0.631052 0.016667 0.020033
0 0.878333 0.688648 0.012222 0.018364
0 0.222222 0.372287 0.024444 0.026711
0 0.338333 0.683639 0.030000 0.041736
0 0.469444 0.782972 0.010000 0.010017
0 0.506667 0.242905 0.013333 0.025042
0 0.562222 0.252922 0.013333 0.025042
0 0.765556 0.623539 0.008889 0.008347
0 0.409444 0.644407 0.025556 0.036728
0 0.620556 0.784641 0.030000 0.030050
0 0.233889 0.463272 0.010000 0.011686
