0 0.148678 0.564103 0.019824 0.022792
0 0.606828 0.851852 0.011013 0.034188
0 0.791850 0.333333 0.015419 0.022792
0 0.810573 0.363248 0.008811 0.014245
0 0.190529 0.652422 0.024229 0.022792
0 0.365639 0.846154 0.017621 0.028490
0 0.044053 0.549858 0.008811 0.017094
0 0.385463 0.698006 0.013216 0.017094
0 0.377753 0.736467 0.015419 0.025641
0 0.722467 0.257835 0.013216 0.019943
0 0.755507 0.284900 0.017621 0.028490
0 0.346916 0.310541 0.015419 0.022792
0 0.133260 0.803419 0.028634 0.022792
0 0.308370 0.269231 0.008811 0.008547
0 0.276432 0.270655 0.011013 0.011396
0 0.469163 0.799145 0.030837 0.048433
0 0.582599 0.715100 0.019824 0.028490
0 0.788546 0.142450 0.030837 0.039886
0 0.112335 0.501425 0.022026 0.028490
0 0.324890 0.558405 0.033040 0.045584
0 0.312775 0.505698 0.008811 0.019943
0 0.114537 0.307692 0.026432 0.028490
0 0.072687 0.307692 0.022026 0.039886
0 0.045154 0.368946 0.019824 0.025641
0 0.078194 0.368946 0.015419 0.019943
0 0.433921 0.678063 0.013216 0.011396
0 0.463656 0.670940 0.019824 0.031339
0 0.046256 0.769231 0.013216 0.011396
0 0.291850 0.397436 0.024229 0.031339
0 0.374449 0.299145 0.013216 0.017094
