0 0.886719 0.743164 0.019531 0.009766
0 0.881836 0.769531 0.017578 0.015625
0 0.938477 0.614258 0.017578 0.017578
0 0.935547 0.588867 0.019531 0.017578
0 0.939453 0.686523 0.023438 0.013672
0 0.884766 0.657227 0.023438 0.029297
0 0.913086 0.693359 0.013672 0.011719
0 0.958984 0.730469 0.015625 0.015625
0 0.937500 0.815430 0.019531 0.021484
0 0.912109 0.810547 0.011719 0.019531
0 0.911133 0.788086 0.017578 0.009766
0 0.908203 0.591797 0.019531 0.015625
0 0.908203 0.622070 0.019531 0.017578
0 0.966797 0.654297 0.007812 0.015625
0 0.934570 0.758789 0.017578 0.013672
0 0.880859 0.608398 0.015625 0.021484
0 0.882812 0.583984 0.011719 0.011719
0 0.916016 0.725586 0.011719 0.013672
0 0.962891 0.825195 0.011719 0.009766
0 0.884766 0.805664 0.019531 0.029297
0 0.885742 0.837891 0.021484 0.019531
0 0.965820 0.611328 0.021484 0.031250
