0 0.598633 0.514648 0.013672 0.013672
0 0.394531 0.510742 0.011719 0.017578
0 0.319336 0.433594 0.033203 0.027344
0 0.506836 0.454102 0.017578 0.017578
0 0.533203 0.456055 0.011719 0.013672
0 0.204102 0.390625 0.033203 0.023438
0 0.278320 0.389648 0.025391 0.033203
0 0.670898 0.513672 0.013672 0.015625
0 0.730469 0.510742 0.015625 0.017578
0 0.213867 0.456055 0.021484 0.013672
0 0.277344 0.467773 0.023438 0.021484
0 0.368164 0.466797 0.041016 0.035156
0 0.311523 0.460938 0.013672 0.011719
0 0.678711 0.454102 0.017578 0.017578
0 0.701172 0.452148 0.011719 0.005859
0 0.208008 0.503906 0.033203 0.031250
0 0.275391 0.492188 0.015625 0.011719
0 0.608398 0.475586 0.025391 0.021484
0 0.221680 0.426758 0.037109 0.029297
0 0.470703 0.381836 0.011719 0.013672
0 0.454102 0.503906 0.013672 0.015625
0 0.484375 0.498047 0.015625 0.023438
0 0.435547 0.470703 0.011719 0.023438
0 0.460938 0.469727 0.015625 0.017578
0 0.572266 0.428711 0.031250 0.033203
0 0.771484 0.495117 0.015625 0.009766
0 0.475586 0.425781 0.025391 0.031250
0 0.440430 0.430664 0.013672 0.017578
0 0.813477 0.453125 0.017578 0.015625
0 0.563477 0.492188 0.017578 0.015625
