0 0.779297 0.470703 0.031250 0.031250
0 0.722656 0.376953 0.035156 0.023438
0 0.690430 0.380859 0.013672 0.015625
0 0.771484 0.418945 0.023438 0.033203
0 0.812500 0.414062 0.019531 0.015625
0 0.132812 0.490234 0.035156 0.035156
0 0.319336 0.424805 0.029297 0.029297
0 0.273438 0.429688 0.019531 0.027344
0 0.223633 0.578125 0.041016 0.027344
0 0.186523 0.584961 0.013672 0.013672
0 0.151367 0.589844 0.017578 0.011719
0 0.871094 0.373047 0.019531 0.031250
0 0.844727 0.384766 0.017578 0.015625
0 0.640625 0.374023 0.035156 0.033203
0 0.671875 0.381836 0.007812 0.013672
0 0.070312 0.582031 0.031250 0.023438
0 0.162109 0.416016 0.015625 0.011719
0 0.123047 0.425781 0.019531 0.023438
0 0.698242 0.434570 0.013672 0.017578
0 0.724609 0.424805 0.019531 0.021484
0 0.184570 0.524414 0.017578 0.029297
0 0.218750 0.542969 0.007812 0.023438
0 0.868164 0.415039 0.017578 0.017578
0 0.896484 0.431641 0.019531 0.015625
0 0.113281 0.528320 0.011719 0.017578
0 0.189453 0.432617 0.015625 0.013672
0 0.298828 0.583008 0.042969 0.044922
0 0.898438 0.348633 0.015625 0.005859
0 0.849609 0.332031 0.023438 0.023438
0 0.637695 0.337891 0.013672 0.011719
