0 0.258594 0.944531 0.014063 0.007812
0 0.752344 0.914062 0.010937 0.006250
0 0.560937 0.928125 0.012500 0.006250
0 0.487500 0.957031 0.012500 0.007812
0 0.832812 0.928906 0.018750 0.007812
0 0.926562 0.928906 0.012500 0.007812
0 0.661719 0.953906 0.017188 0.007812
0 0.182031 0.928906 0.014063 0.007812
0 0.463281 0.962500 0.010937 0.009375
0 0.415625 0.946875 0.012500 0.009375
0 0.367969 0.920312 0.010937 0.006250
0 0.369531 0.946875 0.017188 0.009375
0 0.592187 0.914844 0.012500 0.007812
0 0.335156 0.946875 0.010937 0.009375
0 0.620313 0.953125 0.015625 0.006250
0 0.581250 0.946875 0.012500 0.006250
0 0.395313 0.936719 0.012500 0.007812
0 0.260156 0.921094 0.017188 0.007812
0 0.480469 0.928906 0.014063 0.007812
0 0.393750 0.956250 0.015625 0.009375
0 0.486719 0.907813 0.020313 0.006250
0 0.515625 0.944531 0.012500 0.007812
