0 0.128472 0.156542 0.016204 0.023364
0 0.260417 0.343458 0.016204 0.018692
0 0.238426 0.343458 0.009259 0.018692
0 0.304398 0.364486 0.011574 0.014019
0 0.354167 0.352804 0.013889 0.014019
0 0.329861 0.294393 0.039352 0.037383
0 0.365741 0.301402 0.013889 0.023364
0 0.223380 0.226636 0.025463 0.023364
0 0.256944 0.212617 0.018519 0.023364
0 0.079861 0.231308 0.030093 0.028037
0 0.032407 0.228972 0.027778 0.037383
0 0.214120 0.420561 0.016204 0.014019
0 0.175926 0.427570 0.009259 0.014019
0 0.157407 0.334112 0.032407 0.023364
0 0.100694 0.393692 0.030093 0.011682
0 0.211806 0.299065 0.030093 0.032710
0 0.165509 0.295561 0.016204 0.016355
0 0.267361 0.300234 0.011574 0.021028
0 0.243056 0.300234 0.013889 0.011682
0 0.405093 0.358645 0.018519 0.025701
0 0.459491 0.362150 0.016204 0.009346
0 0.076389 0.280374 0.027778 0.042056
0 0.038194 0.289720 0.030093 0.037383
0 0.302083 0.390187 0.016204 0.018692
0 0.278935 0.385514 0.011574 0.014019
0 0.250000 0.106308 0.032407 0.025701
0 0.246528 0.154206 0.020833 0.028037
0 0.306713 0.246495 0.016204 0.016355
0 0.438657 0.426402 0.016204 0.016355
0 0.393519 0.426402 0.027778 0.030374
