0 0.649414 0.305664 0.021484 0.025391
0 0.570312 0.374023 0.011719 0.013672
0 0.537109 0.469727 0.031250 0.033203
0 0.541016 0.432617 0.011719 0.013672
0 0.465820 0.193359 0.044922 0.039062
0 0.453125 0.231445 0.011719 0.005859
0 0.598633 0.273438 0.017578 0.015625
0 0.510742 0.343750 0.021484 0.023438
0 0.525391 0.411133 0.011719 0.013672
0 0.604492 0.428711 0.029297 0.021484
0 0.631836 0.469727 0.021484 0.021484
0 0.630859 0.379883 0.015625 0.013672
0 0.655273 0.378906 0.017578 0.019531
0 0.473633 0.450195 0.017578 0.037109
0 0.467773 0.375000 0.025391 0.027344
0 0.543945 0.167969 0.017578 0.015625
0 0.471680 0.272461 0.041016 0.033203
0 0.469727 0.318359 0.041016 0.019531
0 0.651367 0.204102 0.021484 0.013672
0 0.540039 0.311523 0.013672 0.013672
0 0.570312 0.161133 0.011719 0.009766
0 0.604492 0.171875 0.033203 0.035156
