0 0.894805 0.745652 0.007792 0.021739
0 0.919481 0.760870 0.005195 0.017391
0 0.320779 0.123913 0.007792 0.021739
0 0.348052 0.128261 0.007792 0.030435
0 0.154545 0.171739 0.007792 0.021739
0 0.207143 0.221739 0.014286 0.043478
0 0.257143 0.226087 0.007792 0.017391
0 0.864935 0.693478 0.005195 0.030435
0 0.859740 0.836957 0.007792 0.030435
0 0.865584 0.904348 0.009091 0.043478
0 0.158442 0.223913 0.005195 0.021739
0 0.249351 0.176087 0.005195 0.021739
0 0.179870 0.184783 0.011688 0.030435
0 0.658442 0.930435 0.005195 0.017391
0 0.679221 0.919565 0.007792 0.030435
0 0.296753 0.186957 0.006494 0.017391
0 0.320779 0.182609 0.007792 0.034783
0 0.760390 0.828261 0.009091 0.030435
0 0.781818 0.852174 0.010390 0.026087
0 0.300000 0.273913 0.007792 0.017391
0 0.252597 0.269565 0.009091 0.034783
0 0.135714 0.263043 0.006494 0.039130
0 0.159740 0.278261 0.007792 0.017391
0 0.407143 0.136957 0.014286 0.039130
0 0.298701 0.223913 0.005195 0.021739
0 0.078571 0.139130 0.006494 0.026087
0 0.114935 0.139130 0.011688 0.034783
0 0.709740 0.850000 0.006494 0.030435
0 0.664286 0.791304 0.009091 0.017391
0 0.696104 0.743478 0.005195 0.017391
