0 0.896094 0.658594 0.039062 0.032813
0 0.895312 0.616406 0.037500 0.035937
0 0.902344 0.449219 0.020313 0.023438
0 0.906250 0.489063 0.043750 0.043750
0 0.693750 0.607812 0.040625 0.021875
0 0.728906 0.617188 0.014063 0.018750
0 0.281250 0.753906 0.015625 0.017188
0 0.728125 0.659375 0.040625 0.034375
0 0.683594 0.771875 0.020313 0.018750
0 0.553125 0.718750 0.025000 0.018750
0 0.561719 0.772656 0.010937 0.029687
0 0.589063 0.784375 0.006250 0.015625
0 0.571875 0.614062 0.012500 0.018750
0 0.792188 0.689844 0.028125 0.026562
0 0.585156 0.664062 0.029687 0.018750
0 0.639062 0.664062 0.018750 0.034375
0 0.571875 0.684375 0.018750 0.006250
0 0.324219 0.465625 0.023438 0.025000
0 0.326562 0.734375 0.034375 0.028125
0 0.328125 0.592969 0.028125 0.026562
0 0.242969 0.737500 0.039062 0.043750
0 0.248438 0.787500 0.015625 0.009375
0 0.604688 0.724219 0.031250 0.032813
0 0.643750 0.730469 0.006250 0.014063
0 0.838281 0.620313 0.035937 0.031250
0 0.860938 0.668750 0.015625 0.015625
0 0.806250 0.814063 0.018750 0.018750
0 0.719531 0.538281 0.032813 0.026562
0 0.650781 0.927344 0.017188 0.023438
0 0.241406 0.579688 0.035937 0.021875
