0 0.481250 0.642969 0.028125 0.026562
0 0.436719 0.342969 0.039062 0.045312
0 0.432812 0.639844 0.043750 0.026562
0 0.427344 0.607031 0.017188 0.014063
0 0.364844 0.565625 0.014063 0.009375
0 0.410156 0.567969 0.014063 0.014063
0 0.761719 0.458594 0.023438 0.026562
0 0.384375 0.603906 0.034375 0.032813
0 0.460156 0.439844 0.026562 0.026562
0 0.696094 0.431250 0.017188 0.018750
0 0.393750 0.677344 0.012500 0.017188
0 0.441406 0.732031 0.029687 0.032813
0 0.365625 0.484375 0.040625 0.012500
0 0.364844 0.438281 0.045312 0.045312
0 0.585156 0.523438 0.026562 0.018750
0 0.512500 0.467187 0.021875 0.018750
0 0.242969 0.251563 0.042188 0.046875
0 0.231250 0.302344 0.028125 0.014063
0 0.469531 0.528906 0.032813 0.032813
0 0.438281 0.532813 0.014063 0.028125
0 0.642969 0.194531 0.014063 0.017188
0 0.627344 0.228125 0.026562 0.018750
0 0.458594 0.564063 0.020313 0.015625
0 0.486719 0.564844 0.020313 0.017188
0 0.764844 0.364844 0.020313 0.020313
0 0.732812 0.337500 0.009375 0.015625
0 0.385937 0.389844 0.025000 0.023438
0 0.423438 0.382031 0.012500 0.010937
0 0.636719 0.292969 0.035937 0.017188
0 0.430469 0.428906 0.020313 0.007812
