0 0.397656 0.836719 0.010937 0.014063
0 0.380469 0.861719 0.039062 0.023438
0 0.244531 0.907031 0.010937 0.020313
0 0.196094 0.904687 0.026562 0.018750
0 0.504687 0.903906 0.012500 0.017188
0 0.469531 0.918750 0.032813 0.034375
0 0.610938 0.843750 0.043750 0.037500
0 0.563281 0.783594 0.023438 0.026562
0 0.624219 0.787500 0.042188 0.037500
0 0.375781 0.798438 0.026562 0.031250
0 0.323437 0.792969 0.043750 0.042188
0 0.432031 0.738281 0.023438 0.029687
0 0.497656 0.737500 0.042188 0.040625
0 0.180469 0.788281 0.020313 0.032813
0 0.225781 0.782031 0.020313 0.017188
0 0.478125 0.802344 0.021875 0.026562
0 0.423438 0.778906 0.015625 0.020313
0 0.545312 0.736719 0.028125 0.035937
0 0.354687 0.912500 0.040625 0.046875
0 0.312500 0.916406 0.012500 0.014063
0 0.198437 0.849219 0.040625 0.035937
0 0.246875 0.840625 0.028125 0.031250
0 0.185938 0.740625 0.046875 0.046875
0 0.225000 0.752344 0.018750 0.017188
0 0.336719 0.747656 0.017188 0.023438
0 0.631250 0.910156 0.015625 0.017188
0 0.491406 0.838281 0.029687 0.023438
0 0.432812 0.857031 0.018750 0.017188
