0 0.595703 0.820312 0.027344 0.031250
0 0.630859 0.831055 0.015625 0.029297
0 0.754883 0.503906 0.048828 0.046875
0 0.671875 0.271484 0.011719 0.031250
0 0.648438 0.261719 0.015625 0.015625
0 0.331055 0.385742 0.009766 0.013672
0 0.325195 0.411133 0.017578 0.017578
0 0.537109 0.655273 0.042969 0.029297
0 0.711914 0.293945 0.033203 0.033203
0 0.702148 0.248047 0.017578 0.011719
0 0.745117 0.723633 0.013672 0.037109
0 0.824219 0.509766 0.015625 0.007812
0 0.796875 0.509766 0.019531 0.023438
0 0.791992 0.566406 0.017578 0.023438
0 0.651367 0.344727 0.025391 0.025391
0 0.648438 0.390625 0.027344 0.019531
0 0.599609 0.761719 0.039062 0.039062
0 0.651367 0.628906 0.021484 0.015625
0 0.680664 0.637695 0.021484 0.017578
0 0.531250 0.840820 0.042969 0.044922
0 0.416016 0.461914 0.031250 0.025391
0 0.420898 0.432617 0.013672 0.009766
0 0.496094 0.974609 0.015625 0.011719
0 0.468750 0.935547 0.019531 0.015625
0 0.411133 0.942383 0.029297 0.021484
0 0.635742 0.708008 0.009766 0.029297
0 0.593750 0.713867 0.011719 0.013672
0 0.376953 0.503906 0.042969 0.039062
0 0.381836 0.450195 0.017578 0.037109
0 0.892578 0.510742 0.039062 0.025391
