0 0.411133 0.534180 0.017578 0.033203
0 0.502930 0.570312 0.021484 0.023438
0 0.452148 0.576172 0.013672 0.015625
0 0.176758 0.483398 0.037109 0.017578
0 0.125977 0.459961 0.025391 0.037109
0 0.721680 0.410156 0.013672 0.019531
0 0.750000 0.366211 0.015625 0.013672
0 0.474609 0.544922 0.015625 0.015625
0 0.334961 0.474609 0.033203 0.035156
0 0.493164 0.769531 0.017578 0.019531
0 0.520508 0.439453 0.037109 0.027344
0 0.509766 0.470703 0.015625 0.019531
0 0.440430 0.903320 0.029297 0.041016
0 0.473633 0.916016 0.013672 0.015625
0 0.626953 0.513672 0.015625 0.023438
0 0.651367 0.507812 0.013672 0.011719
0 0.358398 0.229492 0.029297 0.041016
0 0.426758 0.578125 0.021484 0.007812
0 0.392578 0.573242 0.023438 0.017578
0 0.545898 0.502930 0.013672 0.017578
0 0.532227 0.543945 0.017578 0.029297
0 0.388672 0.749023 0.027344 0.025391
0 0.476562 0.512695 0.027344 0.025391
0 0.510742 0.861328 0.033203 0.031250
0 0.448242 0.817383 0.037109 0.025391
0 0.167969 0.239258 0.031250 0.033203
0 0.416016 0.462891 0.035156 0.031250
0 0.654297 0.402344 0.031250 0.019531
0 0.457031 0.853516 0.027344 0.027344
0 0.395508 0.602539 0.009766 0.013672
0 0.433594 0.598633 0.011719 0.005859
