0 0.383789 0.351562 0.029297 0.031250
0 0.345703 0.345703 0.019531 0.015625
0 0.348633 0.227539 0.021484 0.025391
0 0.280273 0.340820 0.029297 0.025391
0 0.320312 0.341797 0.011719 0.015625
0 0.453125 0.222656 0.023438 0.035156
0 0.430664 0.270508 0.029297 0.029297
0 0.487305 0.250977 0.009766 0.017578
0 0.222656 0.539062 0.023438 0.019531
0 0.250000 0.590820 0.019531 0.021484
0 0.219727 0.623047 0.025391 0.019531
0 0.452148 0.358398 0.033203 0.029297
0 0.516602 0.218750 0.021484 0.023438
0 0.555664 0.220703 0.041016 0.035156
0 0.268555 0.305664 0.017578 0.013672
0 0.314453 0.309570 0.023438 0.017578
0 0.390625 0.600586 0.046875 0.048828
0 0.329102 0.611328 0.013672 0.011719
0 0.532227 0.266602 0.041016 0.037109
0 0.147461 0.414062 0.033203 0.035156
0 0.276367 0.274414 0.009766 0.017578
0 0.304688 0.266602 0.015625 0.009766
0 0.177734 0.540039 0.023438 0.025391
0 0.036133 0.541992 0.037109 0.029297
0 0.060547 0.487305 0.027344 0.017578
0 0.073242 0.417969 0.048828 0.042969
0 0.017578 0.413086 0.019531 0.013672
0 0.367188 0.265625 0.023438 0.015625
0 0.088867 0.645508 0.025391 0.013672
0 0.029297 0.634766 0.042969 0.042969
