0 0.662500 0.360000 0.023333 0.035000
0 0.692083 0.361875 0.014167 0.011250
0 0.661667 0.581875 0.023333 0.028750
0 0.655417 0.613750 0.007500 0.015000
0 0.218333 0.478125 0.008333 0.016250
0 0.799583 0.155000 0.010833 0.012500
0 0.794583 0.188125 0.027500 0.038750
0 0.487083 0.378750 0.007500 0.010000
0 0.461250 0.355000 0.010833 0.025000
0 0.596250 0.491250 0.022500 0.030000
0 0.538333 0.498125 0.010000 0.013750
0 0.357500 0.506250 0.020000 0.032500
0 0.655833 0.461250 0.008333 0.010000
0 0.567917 0.553750 0.025833 0.040000
0 0.441667 0.436250 0.008333 0.015000
0 0.459167 0.447500 0.020000 0.022500
0 0.290000 0.688750 0.008333 0.012500
0 0.356667 0.700000 0.026667 0.040000
0 0.609167 0.625000 0.008333 0.015000
0 0.129583 0.543125 0.010833 0.016250
0 0.155000 0.548750 0.013333 0.022500
0 0.687917 0.770000 0.022500 0.042500
0 0.685000 0.700625 0.013333 0.021250
0 0.122917 0.439375 0.019167 0.018750
0 0.734583 0.301250 0.012500 0.035000
0 0.105833 0.480625 0.020000 0.031250
0 0.271250 0.451875 0.020833 0.016250
0 0.069583 0.573125 0.014167 0.028750
0 0.636667 0.553750 0.008333 0.012500
0 0.690833 0.558750 0.021667 0.040000
