0 0.211914 0.658203 0.017578 0.015625
0 0.573242 0.585938 0.029297 0.027344
0 0.547852 0.665039 0.029297 0.025391
0 0.387695 0.420898 0.009766 0.025391
0 0.371094 0.604492 0.011719 0.013672
0 0.410156 0.621094 0.042969 0.042969
0 0.298828 0.795898 0.031250 0.029297
0 0.334961 0.797852 0.025391 0.025391
0 0.147461 0.676758 0.037109 0.037109
0 0.647461 0.701172 0.017578 0.007812
0 0.163086 0.744141 0.021484 0.019531
0 0.180664 0.712891 0.013672 0.019531
0 0.478516 0.327148 0.023438 0.021484
0 0.479492 0.284180 0.017578 0.021484
0 0.458984 0.524414 0.042969 0.033203
0 0.177734 0.632812 0.015625 0.011719
0 0.139648 0.611328 0.044922 0.042969
0 0.647461 0.867188 0.037109 0.027344
0 0.606445 0.869141 0.029297 0.019531
0 0.597656 0.409180 0.023438 0.037109
0 0.602539 0.802734 0.033203 0.023438
0 0.671875 0.810547 0.007812 0.015625
0 0.916992 0.735352 0.025391 0.025391
0 0.875000 0.717773 0.039062 0.041016
0 0.377930 0.710938 0.021484 0.019531
0 0.541016 0.767578 0.019531 0.011719
0 0.538086 0.791016 0.021484 0.019531
0 0.539062 0.306641 0.035156 0.039062
0 0.518555 0.267578 0.017578 0.015625
0 0.543945 0.499023 0.033203 0.041016
