0 0.944531 0.346094 0.014063 0.014063
0 0.978906 0.342969 0.026562 0.014063
0 0.345313 0.549219 0.015625 0.017188
0 0.375000 0.324219 0.034375 0.032813
0 0.575781 0.596875 0.020313 0.021875
0 0.984375 0.292187 0.015625 0.006250
0 0.704688 0.431250 0.009375 0.012500
0 0.373437 0.393750 0.031250 0.031250
0 0.462500 0.196875 0.034375 0.034375
0 0.460938 0.160938 0.012500 0.025000
0 0.857812 0.400000 0.034375 0.040625
0 0.896875 0.413281 0.018750 0.023438
0 0.396094 0.532031 0.023438 0.020313
0 0.694531 0.485156 0.029687 0.029687
0 0.079687 0.801562 0.031250 0.015625
0 0.086719 0.730469 0.014063 0.023438
0 0.215625 0.771094 0.028125 0.042188
0 0.207031 0.721875 0.032813 0.025000
0 0.368750 0.228125 0.021875 0.021875
0 0.372656 0.150781 0.023438 0.014063
0 0.111719 0.554688 0.007812 0.012500
0 0.339844 0.196875 0.035937 0.025000
0 0.825000 0.467187 0.015625 0.025000
0 0.224219 0.483594 0.014063 0.020313
0 0.207031 0.689063 0.010937 0.021875
0 0.211719 0.658594 0.029687 0.023438
0 0.600781 0.403125 0.032813 0.021875
0 0.532813 0.400000 0.012500 0.006250
0 0.463281 0.389062 0.017188 0.012500
0 0.457031 0.466406 0.042188 0.048438
