0 0.261719 0.808594 0.042969 0.035156
0 0.239258 0.759766 0.013672 0.019531
0 0.267578 0.729492 0.015625 0.025391
0 0.317383 0.717773 0.017578 0.013672
0 0.313477 0.695312 0.009766 0.015625
0 0.321289 0.811523 0.025391 0.017578
0 0.203125 0.515625 0.023438 0.027344
0 0.170898 0.455078 0.025391 0.023438
0 0.622070 0.879883 0.017578 0.017578
0 0.598633 0.884766 0.013672 0.011719
0 0.281250 0.492188 0.027344 0.042969
0 0.324219 0.516602 0.007812 0.013672
0 0.356445 0.532227 0.021484 0.021484
0 0.337891 0.487305 0.011719 0.013672
0 0.466797 0.524414 0.011719 0.009766
0 0.491211 0.454102 0.041016 0.044922
0 0.384766 0.855469 0.011719 0.015625
0 0.340820 0.855469 0.017578 0.015625
0 0.428711 0.168945 0.041016 0.013672
0 0.249023 0.692383 0.021484 0.013672
0 0.411133 0.469727 0.033203 0.041016
0 0.428711 0.507812 0.017578 0.015625
0 0.619141 0.911133 0.023438 0.021484
0 0.202148 0.758789 0.021484 0.025391
0 0.441406 0.561523 0.023438 0.021484
0 0.474609 0.563477 0.027344 0.029297
0 0.164062 0.800781 0.035156 0.031250
0 0.258789 0.845703 0.017578 0.015625
0 0.271484 0.869141 0.015625 0.015625
0 0.648438 0.916992 0.015625 0.017578
