0 0.243164 0.503906 0.013672 0.062500
0 0.763672 0.535156 0.027344 0.039062
0 0.805664 0.518555 0.021484 0.021484
0 0.734375 0.768555 0.031250 0.025391
0 0.688477 0.753906 0.021484 0.015625
0 0.813477 0.572266 0.013672 0.019531
0 0.546875 0.687500 0.035156 0.039062
0 0.592773 0.694336 0.021484 0.021484
0 0.855469 0.814453 0.011719 0.015625
0 0.900391 0.816406 0.035156 0.023438
0 0.630859 0.584961 0.035156 0.033203
0 0.589844 0.583984 0.027344 0.039062
0 0.720703 0.731445 0.023438 0.009766
0 0.751953 0.723633 0.015625 0.029297
0 0.753906 0.812500 0.011719 0.023438
0 0.647461 0.725586 0.009766 0.017578
0 0.600586 0.731445 0.009766 0.013672
0 0.634766 0.698242 0.015625 0.013672
0 0.687500 0.682617 0.035156 0.044922
0 0.906250 0.773438 0.039062 0.027344
0 0.590820 0.515625 0.017578 0.019531
0 0.523438 0.531250 0.019531 0.027344
0 0.716797 0.857422 0.019531 0.019531
0 0.742188 0.840820 0.011719 0.009766
0 0.415039 0.666992 0.021484 0.017578
0 0.484375 0.682617 0.023438 0.041016
0 0.663086 0.626953 0.021484 0.015625
0 0.704102 0.612305 0.013672 0.009766
0 0.923828 0.864258 0.019531 0.021484
0 0.870117 0.852539 0.033203 0.033203
0 0.793945 0.719727 0.033203 0.013672
