0 0.797656 0.556250 0.035937 0.012500
0 0.815625 0.589844 0.031250 0.014063
0 0.685937 0.535937 0.012500 0.015625
0 0.216406 0.610938 0.014063 0.015625
0 0.746875 0.614844 0.012500 0.004687
0 0.743750 0.678906 0.015625 0.014063
0 0.180469 0.732812 0.020313 0.015625
0 0.155469 0.732812 0.014063 0.012500
0 0.761719 0.537500 0.017188 0.021875
0 0.128906 0.617969 0.023438 0.029687
0 0.642188 0.384375 0.012500 0.012500
0 0.911719 0.785156 0.026562 0.014063
0 0.678125 0.378125 0.021875 0.015625
0 0.678906 0.403906 0.017188 0.014063
0 0.165625 0.657813 0.031250 0.031250
0 0.853125 0.650000 0.034375 0.021875
0 0.739844 0.382812 0.014063 0.009375
0 0.716406 0.394531 0.020313 0.020313
0 0.801562 0.632031 0.040625 0.042188
0 0.808594 0.665625 0.014063 0.006250
0 0.735156 0.588281 0.023438 0.023438
0 0.764844 0.580469 0.014063 0.014063
0 0.281250 0.697656 0.043750 0.032813
0 0.685156 0.439063 0.032813 0.031250
0 0.630469 0.530469 0.035937 0.032813
0 0.746875 0.817187 0.021875 0.034375
0 0.734375 0.787500 0.028125 0.012500
0 0.281250 0.617969 0.040625 0.029687
0 0.861719 0.588281 0.035937 0.029687
0 0.860156 0.556250 0.014063 0.012500
