0 0.624023 0.585938 0.029297 0.015625
0 0.660156 0.594727 0.015625 0.017578
0 0.578125 0.779297 0.023438 0.031250
0 0.536133 0.791016 0.021484 0.019531
0 0.423828 0.458984 0.035156 0.031250
0 0.541016 0.630859 0.019531 0.035156
0 0.572266 0.641602 0.011719 0.009766
0 0.653320 0.666016 0.037109 0.035156
0 0.620117 0.667969 0.009766 0.019531
0 0.626953 0.791016 0.019531 0.023438
0 0.658203 0.780273 0.011719 0.021484
0 0.342773 0.617188 0.021484 0.023438
0 0.698242 0.778320 0.013672 0.021484
0 0.609375 0.827148 0.011719 0.025391
0 0.476562 0.416016 0.031250 0.039062
0 0.369141 0.480469 0.023438 0.023438
0 0.409180 0.346680 0.029297 0.021484
0 0.762695 0.833984 0.041016 0.031250
0 0.361328 0.279297 0.039062 0.035156
0 0.540039 0.737305 0.029297 0.029297
0 0.834961 0.869141 0.013672 0.015625
0 0.885742 0.870117 0.013672 0.013672
0 0.457031 0.592773 0.027344 0.025391
0 0.379883 0.589844 0.013672 0.019531
0 0.634766 0.738281 0.035156 0.039062
0 0.672852 0.740234 0.009766 0.015625
0 0.708984 0.737305 0.023438 0.029297
0 0.743164 0.743164 0.029297 0.033203
0 0.688477 0.837891 0.029297 0.027344
0 0.600586 0.903320 0.013672 0.025391
