0 0.527344 0.467773 0.035156 0.029297
0 0.213867 0.873047 0.041016 0.035156
0 0.701172 0.646484 0.011719 0.011719
0 0.532227 0.843750 0.013672 0.027344
0 0.480469 0.844727 0.015625 0.029297
0 0.295898 0.418945 0.013672 0.017578
0 0.291992 0.463867 0.029297 0.041016
0 0.377930 0.506836 0.041016 0.025391
0 0.321289 0.538086 0.017578 0.009766
0 0.655273 0.841797 0.021484 0.019531
0 0.675781 0.448242 0.035156 0.037109
0 0.068359 0.733398 0.019531 0.029297
0 0.166016 0.361328 0.031250 0.019531
0 0.340820 0.867188 0.044922 0.046875
0 0.451172 0.252930 0.011719 0.013672
0 0.138672 0.921875 0.027344 0.023438
0 0.136719 0.863281 0.019531 0.019531
0 0.589844 0.565430 0.015625 0.009766
0 0.311523 0.576172 0.025391 0.039062
0 0.525391 0.817383 0.011719 0.005859
0 0.177734 0.915039 0.027344 0.021484
0 0.135742 0.795898 0.025391 0.021484
0 0.135742 0.833984 0.025391 0.019531
0 0.573242 0.895508 0.025391 0.017578
0 0.138672 0.706055 0.027344 0.021484
0 0.680664 0.914062 0.029297 0.015625
0 0.561523 0.366211 0.013672 0.013672
0 0.215820 0.690430 0.025391 0.041016
0 0.242188 0.686523 0.011719 0.017578
0 0.744141 0.846680 0.031250 0.033203
