0 0.339869 0.738562 0.032680 0.034858
0 0.299837 0.779956 0.011438 0.013072
0 0.274510 0.765795 0.009804 0.019608
0 0.837418 0.333333 0.031046 0.021786
0 0.356209 0.831155 0.019608 0.032680
0 0.070261 0.337691 0.013072 0.017429
0 0.736928 0.239651 0.016340 0.017429
0 0.295752 0.729847 0.019608 0.013072
0 0.265523 0.726580 0.014706 0.023965
0 0.773693 0.246187 0.017974 0.030501
0 0.263889 0.828976 0.027778 0.041394
0 0.298203 0.830065 0.027778 0.039216
0 0.470588 0.686275 0.022876 0.034858
0 0.501634 0.671024 0.019608 0.039216
0 0.031046 0.325708 0.009804 0.006536
0 0.066176 0.313725 0.014706 0.013072
0 0.808824 0.308279 0.009804 0.010893
0 0.797386 0.345316 0.026144 0.037037
0 0.839052 0.174292 0.027778 0.034858
0 0.837418 0.210240 0.017974 0.010893
0 0.798203 0.183007 0.024510 0.017429
0 0.790850 0.213508 0.013072 0.013072
0 0.419118 0.774510 0.011438 0.015251
0 0.391340 0.765795 0.014706 0.010893
0 0.846405 0.427015 0.016340 0.013072
0 0.831699 0.392157 0.022876 0.030501
0 0.481209 0.790850 0.017974 0.017429
0 0.116830 0.342048 0.024510 0.026144
0 0.088235 0.346405 0.009804 0.008715
0 0.768791 0.177560 0.011438 0.015251
