0 0.400391 0.753906 0.042969 0.039062
0 0.466797 0.462891 0.039062 0.031250
0 0.490234 0.492188 0.019531 0.011719
0 0.208984 0.453125 0.027344 0.019531
0 0.262695 0.591797 0.009766 0.027344
0 0.200195 0.534180 0.013672 0.013672
0 0.476562 0.744141 0.019531 0.019531
0 0.458008 0.784180 0.029297 0.033203
0 0.305664 0.515625 0.013672 0.015625
0 0.457031 0.675781 0.023438 0.011719
0 0.458008 0.631836 0.017578 0.017578
0 0.289062 0.733398 0.015625 0.021484
0 0.327148 0.599609 0.021484 0.027344
0 0.294922 0.573242 0.023438 0.021484
0 0.252930 0.662109 0.029297 0.031250
0 0.405273 0.505859 0.033203 0.042969
0 0.369141 0.520508 0.015625 0.013672
0 0.411133 0.581055 0.041016 0.041016
0 0.232422 0.763672 0.015625 0.019531
0 0.381836 0.662109 0.033203 0.039062
0 0.475586 0.576172 0.025391 0.015625
0 0.316406 0.643555 0.027344 0.021484
