0 0.416992 0.536133 0.029297 0.025391
0 0.571289 0.802734 0.041016 0.039062
0 0.529297 0.798828 0.019531 0.015625
0 0.435547 0.678711 0.027344 0.029297
0 0.386719 0.482422 0.015625 0.007812
0 0.406250 0.568359 0.031250 0.023438
0 0.414062 0.505859 0.023438 0.007812
0 0.333984 0.724609 0.039062 0.039062
0 0.374023 0.720703 0.017578 0.035156
0 0.367188 0.601562 0.027344 0.019531
0 0.294922 0.642578 0.015625 0.035156
0 0.444336 0.501953 0.017578 0.007812
0 0.693359 0.939453 0.015625 0.015625
0 0.677734 0.967773 0.031250 0.025391
0 0.144531 0.939453 0.027344 0.027344
0 0.576172 0.892578 0.019531 0.007812
0 0.595703 0.916992 0.011719 0.017578
0 0.330078 0.607422 0.031250 0.027344
0 0.367188 0.529297 0.027344 0.023438
0 0.367188 0.645508 0.023438 0.029297
0 0.571289 0.759766 0.029297 0.027344
0 0.637695 0.797852 0.021484 0.025391
0 0.414062 0.632812 0.011719 0.015625
0 0.392578 0.627930 0.011719 0.017578
0 0.460938 0.719727 0.023438 0.033203
0 0.738281 0.889648 0.023438 0.033203
0 0.409180 0.767578 0.021484 0.023438
0 0.347656 0.939453 0.031250 0.027344
0 0.652344 0.766602 0.015625 0.013672
0 0.676758 0.757812 0.017578 0.019531
