0 0.678404 0.222353 0.014085 0.021176
0 0.677230 0.264706 0.016432 0.011765
0 0.233568 0.262353 0.016432 0.011765
0 0.246479 0.305882 0.014085 0.014118
0 0.220657 0.309412 0.009390 0.021176
0 0.352113 0.264706 0.009390 0.016471
0 0.380282 0.254118 0.009390 0.014118
0 0.642019 0.171765 0.044601 0.037647
0 0.803991 0.240000 0.039906 0.037647
0 0.312207 0.256471 0.023474 0.018824
0 0.490610 0.792941 0.046948 0.037647
0 0.453052 0.865882 0.018779 0.009412
0 0.658451 0.490588 0.025822 0.016471
0 0.832160 0.143529 0.016432 0.037647
0 0.329812 0.314118 0.016432 0.016471
0 0.233568 0.607059 0.025822 0.032941
0 0.690141 0.334118 0.023474 0.032941
0 0.657277 0.383529 0.014085 0.023529
0 0.799296 0.135294 0.030516 0.016471
0 0.740610 0.124706 0.021127 0.023529
0 0.086854 0.647059 0.014085 0.018824
0 0.330986 0.571765 0.018779 0.018824
0 0.303991 0.629412 0.021127 0.035294
0 0.220657 0.284706 0.018779 0.009412
0 0.497653 0.616471 0.014085 0.009412
0 0.423709 0.648235 0.016432 0.021176
0 0.188967 0.532941 0.039906 0.035294
0 0.807512 0.452941 0.023474 0.021176
0 0.794601 0.485882 0.016432 0.011765
0 0.370892 0.701176 0.028169 0.028235
