0 0.745117 0.684570 0.021484 0.017578
0 0.783203 0.639648 0.027344 0.025391
0 0.751953 0.642578 0.019531 0.023438
0 0.629883 0.647461 0.025391 0.017578
0 0.589844 0.649414 0.007812 0.025391
0 0.598633 0.590820 0.025391 0.025391
0 0.711914 0.692383 0.013672 0.013672
0 0.540039 0.757812 0.041016 0.031250
0 0.705078 0.646484 0.046875 0.039062
0 0.666016 0.624023 0.015625 0.013672
0 0.619141 0.708008 0.007812 0.017578
0 0.642578 0.703125 0.019531 0.007812
0 0.784180 0.755859 0.029297 0.031250
0 0.693359 0.760742 0.015625 0.013672
0 0.678711 0.575195 0.033203 0.025391
0 0.530273 0.620117 0.017578 0.009766
0 0.536133 0.647461 0.029297 0.029297
0 0.533203 0.706055 0.027344 0.013672
0 0.542969 0.680664 0.019531 0.017578
0 0.756836 0.580078 0.037109 0.027344
0 0.792969 0.589844 0.019531 0.015625
0 0.538086 0.581055 0.033203 0.025391
0 0.610352 0.734375 0.021484 0.015625
0 0.625000 0.768555 0.011719 0.013672
