0 0.788117 0.284382 0.033632 0.037296
0 0.278027 0.898601 0.017937 0.006993
0 0.783632 0.407925 0.029148 0.032634
0 0.614350 0.671329 0.022422 0.023310
0 0.567265 0.672494 0.035874 0.020979
0 0.760090 0.642191 0.026906 0.025641
0 0.822870 0.632867 0.022422 0.025641
0 0.373318 0.608392 0.042601 0.037296
0 0.390135 0.650350 0.008969 0.013986
0 0.809417 0.522145 0.026906 0.018648
0 0.932735 0.171329 0.022422 0.011655
0 0.807175 0.783217 0.017937 0.018648
0 0.604260 0.419580 0.020179 0.018648
0 0.560538 0.364802 0.017937 0.020979
0 0.733184 0.557110 0.013453 0.018648
0 0.939462 0.554779 0.008969 0.018648
0 0.941704 0.583916 0.013453 0.011655
0 0.863229 0.259907 0.013453 0.020979
0 0.960762 0.278555 0.011211 0.025641
0 0.567265 0.796037 0.026906 0.034965
0 0.810538 0.554779 0.029148 0.023310
0 0.785874 0.580420 0.020179 0.009324
0 0.923767 0.776224 0.026906 0.027972
0 0.886771 0.794872 0.024664 0.041958
0 0.855381 0.665501 0.020179 0.025641
0 0.721973 0.622378 0.022422 0.018648
0 0.668161 0.628205 0.031390 0.020979
0 0.230942 0.791375 0.013453 0.011655
0 0.847534 0.606061 0.008969 0.023310
0 0.890135 0.630536 0.013453 0.011655
