0 0.024219 0.690625 0.023438 0.015625
0 0.027344 0.658594 0.026562 0.017188
0 0.147656 0.549219 0.023438 0.020313
0 0.073438 0.510156 0.021875 0.026562
0 0.076563 0.479687 0.006250 0.012500
0 0.143750 0.515625 0.021875 0.012500
0 0.135937 0.483594 0.009375 0.014063
0 0.032813 0.503125 0.028125 0.028125
0 0.020313 0.471875 0.012500 0.009375
0 0.104688 0.682031 0.028125 0.039062
0 0.031250 0.552344 0.037500 0.026562
0 0.022656 0.580469 0.014063 0.014063
0 0.154688 0.682813 0.015625 0.021875
0 0.075781 0.696094 0.014063 0.014063
0 0.063281 0.669531 0.007812 0.017188
0 0.073438 0.571094 0.012500 0.026562
0 0.075781 0.539062 0.007812 0.015625
0 0.028125 0.626563 0.028125 0.031250
0 0.068750 0.621094 0.021875 0.026562
0 0.100000 0.478125 0.021875 0.018750
0 0.147656 0.626563 0.029687 0.031250
0 0.103906 0.601562 0.023438 0.028125
0 0.097656 0.639844 0.020313 0.017188
0 0.117188 0.572656 0.009375 0.017188
0 0.097656 0.568750 0.017188 0.012500
