0 0.383789 0.035156 0.013672 0.039062
0 0.535156 0.205078 0.027344 0.027344
0 0.502930 0.210938 0.017578 0.011719
0 0.626953 0.290039 0.050781 0.048828
0 0.587891 0.266602 0.007812 0.021484
0 0.452148 0.266602 0.041016 0.033203
0 0.458984 0.343750 0.015625 0.007812
0 0.808594 0.614258 0.035156 0.025391
0 0.815430 0.577148 0.013672 0.013672
0 0.586914 0.343750 0.025391 0.031250
0 0.722656 0.523438 0.015625 0.015625
0 0.710938 0.555664 0.031250 0.017578
0 0.348633 0.416992 0.017578 0.017578
0 0.382812 0.447266 0.027344 0.027344
0 0.620117 0.419922 0.033203 0.039062
0 0.348633 0.292969 0.017578 0.019531
0 0.388672 0.275391 0.035156 0.039062
0 0.669922 0.786133 0.015625 0.013672
0 0.673828 0.817383 0.011719 0.013672
0 0.388672 0.202148 0.035156 0.021484
0 0.378906 0.229492 0.031250 0.017578
0 0.542969 0.368164 0.031250 0.037109
0 0.797852 0.647461 0.021484 0.021484
0 0.672852 0.440430 0.037109 0.033203
0 0.653320 0.598633 0.025391 0.025391
0 0.758789 0.724609 0.041016 0.042969
0 0.745117 0.760742 0.009766 0.013672
0 0.625977 0.189453 0.025391 0.031250
0 0.806641 0.733398 0.019531 0.017578
0 0.812500 0.708008 0.011719 0.013672
0 0.771484 0.571289 0.035156 0.029297
