0 0.494141 0.583984 0.015625 0.015625
0 0.628906 0.916992 0.007812 0.013672
0 0.676758 0.876953 0.033203 0.027344
0 0.377930 0.718750 0.017578 0.019531
0 0.577148 0.660156 0.013672 0.019531
0 0.648438 0.533203 0.007812 0.015625
0 0.406250 0.895508 0.019531 0.009766
0 0.316406 0.897461 0.007812 0.013672
0 0.218750 0.898438 0.015625 0.007812
0 0.341797 0.765625 0.015625 0.019531
0 0.492188 0.717773 0.011719 0.009766
0 0.260742 0.881836 0.017578 0.017578
0 0.222656 0.877930 0.011719 0.009766
0 0.591797 0.557617 0.015625 0.021484
0 0.621094 0.549805 0.015625 0.017578
0 0.508789 0.901367 0.017578 0.009766
0 0.443359 0.900391 0.015625 0.007812
0 0.351562 0.678711 0.007812 0.013672
0 0.331055 0.671875 0.013672 0.039062
0 0.249023 0.913086 0.021484 0.013672
0 0.291016 0.914062 0.011719 0.015625
0 0.376953 0.600586 0.027344 0.033203
0 0.618164 0.621094 0.009766 0.011719
0 0.594727 0.620117 0.017578 0.017578
0 0.373047 0.863281 0.019531 0.011719
0 0.344727 0.864258 0.009766 0.013672
0 0.478516 0.914062 0.023438 0.015625
0 0.303711 0.603516 0.033203 0.027344
0 0.626953 0.656250 0.011719 0.019531
0 0.500977 0.629883 0.041016 0.017578
