0 0.442598 0.219907 0.027190 0.041667
0 0.478852 0.208333 0.021148 0.027778
0 0.750755 0.513889 0.027190 0.027778
0 0.864048 0.335648 0.018127 0.023148
0 0.084592 0.203704 0.012085 0.027778
0 0.081571 0.261574 0.012085 0.023148
0 0.728097 0.203704 0.012085 0.018519
0 0.563444 0.400463 0.027190 0.041667
0 0.265861 0.173611 0.024169 0.032407
0 0.306647 0.162037 0.009063 0.018519
0 0.347432 0.074074 0.012085 0.037037
0 0.377644 0.090278 0.012085 0.013889
0 0.894260 0.479167 0.012085 0.023148
0 0.921450 0.474537 0.012085 0.023148
0 0.867069 0.402778 0.012085 0.027778
0 0.787009 0.395833 0.015106 0.032407
0 0.135952 0.138889 0.018127 0.037037
0 0.276435 0.231481 0.015106 0.046296
0 0.247734 0.233796 0.012085 0.023148
0 0.160121 0.358796 0.012085 0.023148
0 0.154079 0.310185 0.018127 0.037037
0 0.250755 0.356481 0.012085 0.018519
0 0.270393 0.300926 0.021148 0.037037
0 0.338369 0.164352 0.024169 0.032407
0 0.377644 0.125000 0.012085 0.018519
0 0.809668 0.483796 0.012085 0.013889
0 0.108761 0.439815 0.018127 0.018519
0 0.107251 0.391204 0.021148 0.041667
0 0.767372 0.555556 0.018127 0.018519
0 0.741692 0.555556 0.009063 0.018519
