0 0.393555 0.781250 0.021484 0.031250
0 0.300781 0.454102 0.015625 0.013672
0 0.449219 0.419922 0.035156 0.027344
0 0.406250 0.525391 0.011719 0.015625
0 0.397461 0.554688 0.029297 0.019531
0 0.350586 0.419922 0.048828 0.050781
0 0.436523 0.807617 0.017578 0.017578
0 0.359375 0.573242 0.011719 0.013672
0 0.353516 0.517578 0.042969 0.031250
0 0.359375 0.693359 0.019531 0.023438
0 0.355469 0.632812 0.027344 0.027344
0 0.307617 0.569336 0.033203 0.021484
0 0.309570 0.533203 0.017578 0.015625
0 0.394531 0.387695 0.023438 0.025391
0 0.418945 0.390625 0.009766 0.015625
0 0.300781 0.603516 0.039062 0.027344
0 0.301758 0.674805 0.013672 0.009766
0 0.296875 0.761719 0.019531 0.031250
0 0.306641 0.804688 0.011719 0.023438
0 0.340820 0.762695 0.025391 0.033203
0 0.343750 0.802734 0.031250 0.011719
0 0.398438 0.683594 0.027344 0.031250
0 0.397461 0.633789 0.013672 0.009766
0 0.429688 0.674805 0.007812 0.013672
0 0.439453 0.534180 0.015625 0.013672
