0 0.531250 0.646484 0.011719 0.015625
0 0.384766 0.457031 0.015625 0.027344
0 0.725586 0.547852 0.017578 0.013672
0 0.770508 0.522461 0.021484 0.013672
0 0.833008 0.711914 0.021484 0.041016
0 0.543945 0.535156 0.021484 0.027344
0 0.497070 0.551758 0.017578 0.017578
0 0.286133 0.265625 0.037109 0.023438
0 0.275391 0.297852 0.011719 0.017578
0 0.457031 0.592773 0.039062 0.025391
0 0.436523 0.554688 0.021484 0.035156
0 0.663086 0.441406 0.029297 0.027344
0 0.925781 0.421875 0.023438 0.019531
0 0.461914 0.496094 0.017578 0.019531
0 0.241211 0.254883 0.013672 0.009766
0 0.458984 0.416016 0.019531 0.031250
0 0.621094 0.412109 0.015625 0.019531
0 0.613281 0.460938 0.035156 0.039062
0 0.567383 0.500977 0.013672 0.009766
0 0.569336 0.585938 0.021484 0.027344
0 0.666016 0.838867 0.007812 0.013672
0 0.802734 0.463867 0.031250 0.041016
0 0.863281 0.447266 0.015625 0.035156
0 0.240234 0.317383 0.019531 0.013672
0 0.325195 0.347656 0.033203 0.039062
0 0.620117 0.534180 0.029297 0.033203
0 0.613281 0.575195 0.023438 0.017578
0 0.451172 0.649414 0.027344 0.033203
0 0.429688 0.690430 0.023438 0.025391
0 0.198242 0.327148 0.021484 0.025391
