0 0.325521 0.689236 0.010417 0.017361
0 0.394531 0.706597 0.023438 0.031250
0 0.255208 0.421875 0.010417 0.024306
0 0.352865 0.791667 0.018229 0.027778
0 0.285156 0.782986 0.028646 0.038194
0 0.358073 0.659722 0.028646 0.034722
0 0.403646 0.776042 0.010417 0.024306
0 0.282552 0.406250 0.023438 0.027778
0 0.317708 0.586806 0.020833 0.041667
0 0.346354 0.581597 0.010417 0.017361
0 0.199219 0.520833 0.028646 0.041667
0 0.294271 0.451389 0.026042 0.034722
0 0.240885 0.465278 0.018229 0.027778
0 0.151042 0.440972 0.010417 0.020833
0 0.190104 0.593750 0.010417 0.013889
0 0.407552 0.512153 0.028646 0.031250
0 0.365885 0.510417 0.023438 0.020833
0 0.471354 0.512153 0.010417 0.024306
0 0.535156 0.517361 0.018229 0.034722
0 0.364583 0.711806 0.010417 0.020833
0 0.197917 0.407986 0.026042 0.024306
0 0.289062 0.741319 0.026042 0.017361
0 0.329427 0.737847 0.023438 0.031250
0 0.319010 0.651042 0.028646 0.024306
0 0.513021 0.387153 0.026042 0.038194
0 0.329427 0.423611 0.018229 0.041667
0 0.333333 0.512153 0.015625 0.024306
0 0.253906 0.572917 0.018229 0.027778
0 0.225260 0.574653 0.013021 0.024306
0 0.151042 0.331597 0.010417 0.017361
