0 0.579909 0.462704 0.041096 0.034965
0 0.502283 0.332168 0.018265 0.020979
0 0.542237 0.307692 0.025114 0.027972
0 0.092466 0.696970 0.025114 0.027972
0 0.092466 0.733100 0.025114 0.016317
0 0.616438 0.181818 0.018265 0.018648
0 0.502283 0.675991 0.036530 0.037296
0 0.328767 0.186480 0.027397 0.018648
0 0.457763 0.148019 0.020548 0.011655
0 0.128995 0.786713 0.015982 0.020979
0 0.698630 0.399767 0.036530 0.034965
0 0.125571 0.757576 0.018265 0.018648
0 0.425799 0.476690 0.034247 0.030303
0 0.452055 0.431235 0.013699 0.009324
0 0.405251 0.185315 0.015982 0.025641
0 0.452055 0.293706 0.022831 0.013986
0 0.578767 0.554779 0.029680 0.018648
0 0.062785 0.789044 0.025114 0.016317
0 0.616438 0.744755 0.009132 0.016317
0 0.583333 0.762238 0.011416 0.013986
0 0.043379 0.751748 0.013699 0.011655
0 0.704338 0.708625 0.043379 0.046620
0 0.586758 0.216783 0.013699 0.018648
0 0.654110 0.198135 0.020548 0.018648
0 0.644977 0.164336 0.015982 0.020979
0 0.327626 0.150350 0.034247 0.020979
0 0.060502 0.727273 0.015982 0.009324
0 0.124429 0.688811 0.020548 0.011655
0 0.649543 0.479021 0.015982 0.030303
0 0.703196 0.490676 0.041096 0.044289
