0 0.357422 0.458984 0.039062 0.027344
0 0.927734 0.374023 0.031250 0.033203
0 0.323242 0.391602 0.017578 0.017578
0 0.288086 0.389648 0.017578 0.017578
0 0.725586 0.832031 0.029297 0.023438
0 0.907227 0.314453 0.029297 0.039062
0 0.828125 0.304688 0.035156 0.023438
0 0.859375 0.349609 0.015625 0.007812
0 0.647461 0.373047 0.013672 0.011719
0 0.694336 0.414062 0.017578 0.019531
0 0.656250 0.313477 0.027344 0.025391
0 0.776367 0.245117 0.021484 0.041016
0 0.726562 0.231445 0.015625 0.017578
0 0.754883 0.188477 0.021484 0.017578
0 0.351562 0.343750 0.035156 0.031250
0 0.289062 0.443359 0.011719 0.019531
0 0.310547 0.452148 0.015625 0.013672
0 0.579102 0.624023 0.025391 0.025391
0 0.611328 0.624023 0.015625 0.009766
0 0.666016 0.656250 0.011719 0.019531
0 0.480469 0.448242 0.046875 0.048828
0 0.715820 0.766602 0.033203 0.044922
0 0.489258 0.559570 0.013672 0.017578
0 0.536133 0.567383 0.009766 0.021484
0 0.574219 0.891602 0.031250 0.029297
0 0.619141 0.773438 0.023438 0.015625
0 0.496094 0.333008 0.015625 0.013672
0 0.667969 0.833984 0.015625 0.007812
0 0.349609 0.520508 0.023438 0.017578
0 0.582031 0.825195 0.042969 0.029297
