0 0.819531 0.231250 0.023438 0.068750
0 0.650781 0.136719 0.020313 0.051562
0 0.403906 0.100000 0.017188 0.043750
0 0.987500 0.232031 0.025000 0.064062
0 0.066406 0.091406 0.020313 0.054688
0 0.796875 0.146094 0.021875 0.057813
0 0.875000 0.265625 0.028125 0.056250
0 0.978125 0.206250 0.021875 0.062500
0 0.469531 0.103125 0.023438 0.037500
0 0.441406 0.100781 0.020313 0.048438
0 0.821875 0.120313 0.018750 0.050000
0 0.768750 0.146875 0.015625 0.043750
0 0.890625 0.245312 0.018750 0.043750
0 0.507031 0.096875 0.020313 0.021875
0 0.876563 0.231250 0.028125 0.056250
0 0.755469 0.720313 0.020313 0.018750
0 0.742188 0.683594 0.015625 0.010937
0 0.281250 0.852344 0.031250 0.045312
0 0.546094 0.132031 0.020313 0.014063
0 0.521094 0.129688 0.010937 0.009375
0 0.864844 0.707812 0.014063 0.015625
0 0.199219 0.896094 0.020313 0.026562
0 0.492188 0.550000 0.009375 0.012500
0 0.470313 0.763281 0.025000 0.026562
0 0.469531 0.792188 0.020313 0.018750
0 0.240625 0.970313 0.046875 0.046875
0 0.248438 0.870313 0.018750 0.012500
0 0.223438 0.832812 0.012500 0.018750
0 0.471875 0.021875 0.025000 0.021875
0 0.507031 0.007031 0.014063 0.007812
0 0.198437 0.833594 0.025000 0.014063
0 0.528125 0.726562 0.021875 0.034375
0 0.289844 0.926562 0.026562 0.015625
0 0.268750 0.891406 0.009375 0.014063
0 0.445312 0.560156 0.018750 0.017188
0 0.550781 0.057031 0.032813 0.032813
0 0.550000 0.384375 0.021875 0.025000
0 0.246094 0.807813 0.014063 0.006250
0 0.935156 0.436719 0.045312 0.039062
0 0.878125 0.419531 0.034375 0.035937
0 0.657813 0.311719 0.025000 0.023438
0 0.652344 0.348438 0.035937 0.025000
0 0.863281 0.599219 0.035937 0.039062
0 0.402344 0.021094 0.039062 0.026562
0 0.433594 0.031250 0.010937 0.006250
