0 0.145000 0.768000 0.022000 0.052000
0 0.468000 0.730000 0.012000 0.024000
0 0.483000 0.765000 0.010000 0.014000
0 0.466000 0.506000 0.032000 0.032000
0 0.464000 0.545000 0.020000 0.014000
0 0.859000 0.735000 0.014000 0.030000
0 0.879000 0.690000 0.014000 0.012000
0 0.388000 0.378000 0.028000 0.020000
0 0.443000 0.386000 0.026000 0.016000
0 0.389000 0.340000 0.018000 0.016000
0 0.326000 0.533000 0.028000 0.026000
0 0.363000 0.520000 0.014000 0.016000
0 0.901000 0.589000 0.014000 0.022000
0 0.636000 0.247000 0.040000 0.038000
0 0.593000 0.286000 0.014000 0.016000
0 0.726000 0.719000 0.020000 0.010000
0 0.829000 0.649000 0.022000 0.022000
0 0.815000 0.714000 0.034000 0.032000
0 0.469000 0.326000 0.026000 0.020000
0 0.410000 0.418000 0.032000 0.016000
0 0.379000 0.427000 0.014000 0.010000
0 0.351000 0.445000 0.018000 0.022000
0 0.294000 0.421000 0.012000 0.018000
0 0.426000 0.338000 0.032000 0.032000
0 0.571000 0.206000 0.018000 0.024000
0 0.527000 0.453000 0.018000 0.018000
0 0.558000 0.416000 0.024000 0.020000
0 0.833000 0.781000 0.018000 0.034000
0 0.871000 0.647000 0.018000 0.018000
0 0.435000 0.656000 0.026000 0.020000
0 0.744000 0.786000 0.020000 0.020000
