0 0.821138 0.135697 0.019512 0.026895
0 0.787805 0.157702 0.011382 0.026895
0 0.806504 0.209046 0.009756 0.007335
0 0.826829 0.270171 0.014634 0.026895
0 0.755285 0.259169 0.011382 0.019560
0 0.552033 0.135697 0.011382 0.022005
0 0.604878 0.207824 0.026016 0.014670
0 0.564228 0.221271 0.009756 0.012225
0 0.779675 0.364303 0.008130 0.009780
0 0.813821 0.352078 0.030894 0.039120
0 0.731707 0.348411 0.022764 0.041565
0 0.693496 0.354523 0.011382 0.019560
0 0.636585 0.342298 0.011382 0.014670
0 0.660163 0.365526 0.009756 0.012225
0 0.645528 0.149144 0.022764 0.029340
0 0.616260 0.169927 0.013008 0.026895
0 0.628455 0.260391 0.027642 0.026895
0 0.551220 0.281174 0.026016 0.034230
0 0.523577 0.254279 0.006504 0.014670
0 0.529268 0.350856 0.024390 0.041565
0 0.495935 0.336186 0.019512 0.036675
0 0.711382 0.161369 0.008130 0.014670
0 0.747154 0.157702 0.024390 0.041565
0 0.697561 0.221271 0.026016 0.046455
