0 0.208008 0.725586 0.025391 0.029297
0 0.679688 0.277344 0.035156 0.031250
0 0.707031 0.305664 0.011719 0.005859
0 0.679688 0.739258 0.015625 0.013672
0 0.695312 0.761719 0.015625 0.007812
0 0.720703 0.676758 0.031250 0.033203
0 0.593750 0.735352 0.031250 0.033203
0 0.849609 0.601562 0.027344 0.039062
0 0.598633 0.566406 0.009766 0.019531
0 0.922852 0.410156 0.033203 0.027344
0 0.979492 0.391602 0.017578 0.025391
0 0.681641 0.619141 0.015625 0.011719
0 0.468750 0.801758 0.031250 0.025391
0 0.213867 0.690430 0.029297 0.025391
0 0.446289 0.698242 0.025391 0.029297
0 0.489258 0.688477 0.017578 0.017578
0 0.292969 0.660156 0.015625 0.023438
0 0.320312 0.660156 0.019531 0.023438
0 0.250000 0.657227 0.015625 0.005859
0 0.222656 0.658203 0.023438 0.019531
0 0.163086 0.731445 0.017578 0.017578
0 0.132812 0.730469 0.023438 0.023438
0 0.847656 0.527344 0.007812 0.015625
0 0.779297 0.530273 0.035156 0.037109
0 0.579102 0.323242 0.033203 0.021484
0 0.158203 0.764648 0.031250 0.013672
0 0.100586 0.761719 0.017578 0.023438
0 0.457031 0.761719 0.023438 0.019531
0 0.401367 0.761719 0.021484 0.019531
0 0.615234 0.292969 0.011719 0.023438
