0 0.687688 0.516667 0.012012 0.018519
0 0.674174 0.464815 0.027027 0.025926
0 0.525526 0.372222 0.018018 0.025926
0 0.555556 0.431481 0.012012 0.018519
0 0.678679 0.296296 0.012012 0.014815
0 0.696697 0.325926 0.012012 0.014815
0 0.507508 0.461111 0.012012 0.025926
0 0.447447 0.451852 0.018018 0.014815
0 0.441441 0.581481 0.030030 0.029630
0 0.501502 0.581481 0.030030 0.022222
0 0.309309 0.470370 0.012012 0.022222
0 0.354354 0.466667 0.030030 0.029630
0 0.765766 0.898148 0.036036 0.048148
0 0.821321 0.888889 0.015015 0.022222
0 0.204204 0.579630 0.012012 0.018519
0 0.247748 0.590741 0.021021 0.018519
0 0.738739 0.690741 0.018018 0.025926
0 0.798799 0.640741 0.012012 0.014815
0 0.346847 0.581481 0.033033 0.014815
0 0.292793 0.577778 0.021021 0.022222
0 0.656156 0.764815 0.033033 0.033333
0 0.599099 0.361111 0.021021 0.033333
0 0.591592 0.416667 0.030030 0.025926
0 0.932432 0.674074 0.015015 0.022222
0 0.857357 0.635185 0.027027 0.018519
0 0.193694 0.498148 0.033033 0.025926
0 0.351351 0.511111 0.012012 0.022222
0 0.094595 0.455556 0.027027 0.014815
0 0.132132 0.464815 0.018018 0.018519
0 0.545045 0.907407 0.015015 0.022222
