0 0.527857 0.868703 0.015714 0.011790
0 0.499286 0.867631 0.015714 0.011790
0 0.152857 0.367631 0.011429 0.010718
0 0.202143 0.347803 0.024286 0.024652
0 0.205714 0.370847 0.017143 0.012862
0 0.179286 0.428725 0.018571 0.010718
0 0.175714 0.406752 0.022857 0.013934
0 0.120000 0.506431 0.014286 0.013934
0 0.682857 0.899786 0.014286 0.007503
0 0.200714 0.496249 0.015714 0.010718
0 0.682857 0.926581 0.017143 0.009646
0 0.123571 0.420686 0.018571 0.013934
0 0.510714 0.918006 0.015714 0.011790
0 0.534286 0.925509 0.011429 0.011790
0 0.629286 0.928725 0.018571 0.007503
0 0.128571 0.466774 0.011429 0.007503
0 0.183571 0.539121 0.007143 0.010718
0 0.626429 0.889603 0.018571 0.015005
0 0.622857 0.950697 0.025714 0.015005
0 0.152857 0.481243 0.014286 0.008574
0 0.145714 0.442122 0.011429 0.007503
0 0.156429 0.508039 0.007143 0.012862
0 0.149286 0.530547 0.021429 0.017149
0 0.505000 0.892283 0.027143 0.020364
0 0.536429 0.891211 0.010000 0.011790
0 0.206429 0.405681 0.018571 0.007503
0 0.148571 0.409968 0.017143 0.013934
0 0.495714 0.942658 0.008571 0.009646
0 0.583571 0.955520 0.012857 0.005359
0 0.551429 0.943730 0.020000 0.013934
