0 0.208594 0.992188 0.020313 0.015625
0 0.271875 0.933594 0.025000 0.029687
0 0.290625 0.300781 0.028125 0.032813
0 0.164062 0.515625 0.018750 0.012500
0 0.171875 0.482031 0.021875 0.020313
0 0.474219 0.307031 0.048438 0.045312
0 0.521875 0.303125 0.028125 0.040625
0 0.166406 0.663281 0.014063 0.020313
0 0.248438 0.547656 0.012500 0.032813
0 0.217188 0.613281 0.034375 0.035937
0 0.317188 0.253906 0.021875 0.042188
0 0.292969 0.239844 0.014063 0.007812
0 0.610156 0.314844 0.032813 0.035937
0 0.560937 0.303906 0.031250 0.020313
0 0.214844 0.546094 0.035937 0.039062
0 0.410156 0.242188 0.017188 0.021875
0 0.261719 0.186719 0.032813 0.035937
0 0.303906 0.203125 0.023438 0.025000
0 0.164062 0.562500 0.025000 0.031250
0 0.263281 0.492188 0.035937 0.025000
0 0.515625 0.200781 0.031250 0.035937
0 0.128125 0.508594 0.028125 0.017188
0 0.119531 0.670312 0.014063 0.021875
0 0.123438 0.609375 0.040625 0.028125
0 0.272656 0.662500 0.017188 0.018750
0 0.242969 0.671875 0.014063 0.012500
0 0.241406 0.358594 0.020313 0.017188
0 0.381250 0.183594 0.009375 0.020313
0 0.504687 0.387500 0.006250 0.012500
0 0.508594 0.357031 0.032813 0.029687
0 0.555469 0.378906 0.026562 0.023438
0 0.602344 0.360938 0.039062 0.040625
