0 0.116832 0.439726 0.007921 0.008219
0 0.124752 0.508219 0.023762 0.024658
0 0.461386 0.456164 0.011881 0.013699
0 0.536634 0.520548 0.011881 0.010959
0 0.295050 0.513699 0.011881 0.019178
0 0.072277 0.473973 0.025743 0.038356
0 0.089109 0.527397 0.007921 0.013699
0 0.168317 0.431507 0.007921 0.008219
0 0.205941 0.368493 0.019802 0.030137
0 0.131683 0.395890 0.013861 0.024658
0 0.129703 0.358904 0.009901 0.016438
0 0.112871 0.189041 0.011881 0.016438
0 0.102970 0.226027 0.027723 0.035616
0 0.186139 0.490411 0.019802 0.027397
0 0.145545 0.460274 0.021782 0.021918
0 0.504950 0.335616 0.015842 0.019178
0 0.510891 0.402740 0.031683 0.049315
0 0.148515 0.302740 0.031683 0.035616
0 0.192079 0.710959 0.027723 0.035616
0 0.201980 0.663014 0.011881 0.010959
0 0.217822 0.315068 0.015842 0.016438
0 0.238614 0.647945 0.017822 0.013699
0 0.255446 0.709589 0.011881 0.016438
0 0.141584 0.573973 0.013861 0.019178
0 0.269307 0.220548 0.007921 0.019178
0 0.152475 0.704110 0.007921 0.016438
0 0.124752 0.717808 0.015842 0.021918
0 0.362376 0.278082 0.035644 0.046575
0 0.398020 0.289041 0.011881 0.024658
0 0.074257 0.680822 0.025743 0.041096
