0 0.180664 0.765625 0.017578 0.023438
0 0.387695 0.571289 0.041016 0.037109
0 0.521484 0.349609 0.027344 0.019531
0 0.507812 0.303711 0.023438 0.021484
0 0.585938 0.363281 0.054688 0.050781
0 0.577148 0.316406 0.021484 0.015625
0 0.506836 0.556641 0.021484 0.019531
0 0.221680 0.723633 0.029297 0.025391
0 0.394531 0.249023 0.015625 0.017578
0 0.379883 0.203125 0.021484 0.031250
0 0.505859 0.407227 0.035156 0.025391
0 0.520508 0.458008 0.044922 0.044922
0 0.582031 0.232422 0.046875 0.035156
0 0.225586 0.870117 0.048828 0.048828
0 0.506836 0.270508 0.013672 0.017578
0 0.125977 0.708008 0.017578 0.021484
0 0.593750 0.489258 0.015625 0.005859
0 0.593750 0.471680 0.011719 0.005859
0 0.458984 0.479492 0.039062 0.025391
0 0.455078 0.318359 0.039062 0.035156
0 0.159180 0.708984 0.021484 0.023438
0 0.120117 0.782227 0.041016 0.021484
0 0.114258 0.756836 0.013672 0.013672
0 0.271484 0.858398 0.027344 0.025391
0 0.402344 0.459961 0.031250 0.033203
0 0.237305 0.810547 0.029297 0.027344
0 0.278320 0.721680 0.048828 0.048828
0 0.269531 0.814453 0.019531 0.035156
0 0.160156 0.816406 0.019531 0.019531
0 0.189453 0.812500 0.011719 0.027344
