0 0.577148 0.319336 0.013672 0.009766
0 0.322266 0.952148 0.011719 0.009766
0 0.517578 0.274414 0.015625 0.021484
0 0.541016 0.281250 0.015625 0.007812
0 0.712891 0.340820 0.011719 0.009766
0 0.568359 0.401367 0.015625 0.013672
0 0.600586 0.388672 0.033203 0.039062
0 0.642578 0.384766 0.015625 0.015625
0 0.063477 0.774414 0.017578 0.037109
0 0.683594 0.274414 0.023438 0.029297
0 0.648438 0.279297 0.027344 0.019531
0 0.101562 0.915039 0.015625 0.009766
0 0.070312 0.922852 0.027344 0.033203
0 0.741211 0.306641 0.033203 0.023438
0 0.704102 0.302734 0.013672 0.007812
0 0.517578 0.386719 0.035156 0.015625
0 0.323242 0.888672 0.033203 0.035156
0 0.335938 0.749023 0.011719 0.009766
0 0.335938 0.781250 0.027344 0.023438
0 0.345703 0.829102 0.027344 0.017578
0 0.177734 0.916016 0.015625 0.019531
0 0.582031 0.351562 0.015625 0.019531
0 0.254883 0.862305 0.017578 0.013672
0 0.250977 0.888672 0.013672 0.023438
0 0.108398 0.828125 0.041016 0.035156
0 0.073242 0.829102 0.009766 0.013672
0 0.513672 0.350586 0.039062 0.037109
0 0.597656 0.277344 0.027344 0.035156
0 0.726562 0.272461 0.035156 0.021484
0 0.259766 0.811523 0.007812 0.017578
