0 0.428223 0.418142 0.022461 0.036873
0 0.479492 0.426254 0.021484 0.032448
0 0.630371 0.941003 0.014648 0.023599
0 0.339355 0.344395 0.012695 0.013274
0 0.365234 0.301622 0.009766 0.013274
0 0.615234 0.847345 0.017578 0.028024
0 0.598633 0.876844 0.009766 0.007375
0 0.482422 0.342920 0.031250 0.039823
0 0.315430 0.965339 0.023438 0.036873
0 0.369629 0.940265 0.012695 0.022124
0 0.469238 0.896018 0.012695 0.019174
0 0.412598 0.849558 0.016602 0.026549
0 0.624512 0.780973 0.010742 0.010324
0 0.597168 0.802360 0.012695 0.029499
0 0.318848 0.872419 0.010742 0.036873
0 0.374023 0.876844 0.021484 0.025074
0 0.492188 0.699115 0.009766 0.017699
0 0.456055 0.685103 0.009766 0.025074
0 0.503906 0.797935 0.017578 0.038348
0 0.535645 0.769912 0.012695 0.017699
0 0.423340 0.565634 0.012695 0.025074
0 0.516113 0.603245 0.010742 0.008850
0 0.194336 0.447640 0.007812 0.019174
0 0.229004 0.473451 0.032227 0.044248
0 0.395996 0.721239 0.012695 0.020649
0 0.426758 0.740413 0.013672 0.017699
0 0.540039 0.882743 0.019531 0.036873
0 0.512207 0.841445 0.014648 0.022124
0 0.337402 0.699853 0.016602 0.030973
0 0.370117 0.705015 0.021484 0.032448
