0 0.569164 0.288603 0.031700 0.040441
0 0.670029 0.297794 0.031700 0.036765
0 0.634006 0.373162 0.023055 0.025735
0 0.383285 0.397059 0.017291 0.014706
0 0.635447 0.457721 0.020173 0.040441
0 0.671470 0.470588 0.017291 0.022059
0 0.559078 0.549632 0.023055 0.018382
0 0.595101 0.525735 0.020173 0.036765
0 0.393372 0.534926 0.025937 0.033088
0 0.472622 0.454044 0.034582 0.033088
0 0.510086 0.443015 0.011527 0.011029
0 0.561960 0.378676 0.023055 0.014706
0 0.596542 0.347426 0.017291 0.018382
0 0.443804 0.299632 0.011527 0.018382
0 0.515850 0.402574 0.023055 0.018382
0 0.461095 0.404412 0.017291 0.014706
0 0.501441 0.553309 0.028818 0.033088
0 0.518732 0.509191 0.011527 0.018382
0 0.515850 0.306985 0.017291 0.018382
0 0.481268 0.318015 0.028818 0.040441
0 0.665706 0.529412 0.034582 0.036765
0 0.416427 0.468750 0.025937 0.040441
0 0.592219 0.457721 0.020173 0.025735
0 0.551873 0.441176 0.020173 0.022059
