0 0.590177 0.863527 0.011272 0.021739
0 0.565217 0.856280 0.006441 0.016908
0 0.462158 0.830918 0.016103 0.024155
0 0.502415 0.867150 0.009662 0.009662
0 0.533011 0.868357 0.009662 0.016908
0 0.607890 0.805556 0.008052 0.021739
0 0.512882 0.836957 0.014493 0.012077
0 0.487118 0.832126 0.011272 0.012077
0 0.432367 0.799517 0.020934 0.019324
0 0.457327 0.799517 0.009662 0.009662
0 0.528986 0.765700 0.011272 0.014493
0 0.553945 0.775362 0.016103 0.024155
0 0.592593 0.770531 0.016103 0.024155
0 0.447665 0.870773 0.009662 0.007246
0 0.374396 0.772947 0.020934 0.028986
0 0.517713 0.799517 0.008052 0.014493
0 0.492754 0.801932 0.012882 0.019324
0 0.388889 0.830918 0.017713 0.028986
0 0.365539 0.829710 0.009662 0.016908
0 0.462158 0.771739 0.019324 0.026570
0 0.422705 0.769324 0.014493 0.016908
0 0.595008 0.834541 0.014493 0.016908
0 0.558776 0.829710 0.019324 0.012077
0 0.359098 0.803140 0.009662 0.012077
0 0.363929 0.859903 0.019324 0.024155
0 0.392915 0.864734 0.006441 0.014493
