0 0.096680 0.424805 0.033203 0.037109
0 0.490234 0.531250 0.035156 0.031250
0 0.483398 0.589844 0.013672 0.015625
0 0.408203 0.473633 0.023438 0.033203
0 0.607422 0.446289 0.019531 0.017578
0 0.419922 0.441406 0.011719 0.015625
0 0.438477 0.491211 0.017578 0.017578
0 0.466797 0.820312 0.015625 0.027344
0 0.463867 0.401367 0.041016 0.033203
0 0.413086 0.412109 0.013672 0.015625
0 0.541992 0.360352 0.017578 0.037109
0 0.569336 0.361328 0.013672 0.011719
0 0.555664 0.451172 0.013672 0.015625
0 0.405273 0.368164 0.013672 0.017578
0 0.050781 0.514648 0.011719 0.013672
0 0.027344 0.519531 0.011719 0.027344
0 0.188477 0.427734 0.029297 0.031250
0 0.147461 0.427734 0.037109 0.035156
0 0.497070 0.854492 0.013672 0.013672
0 0.271484 0.516602 0.027344 0.025391
0 0.387695 0.514648 0.033203 0.029297
0 0.431641 0.523438 0.019531 0.019531
0 0.497070 0.785156 0.033203 0.015625
0 0.730469 0.330078 0.015625 0.007812
0 0.470703 0.357422 0.027344 0.023438
0 0.224609 0.464844 0.031250 0.027344
0 0.194336 0.474609 0.013672 0.015625
0 0.059570 0.480469 0.021484 0.027344
0 0.561523 0.787109 0.021484 0.027344
0 0.576172 0.327148 0.011719 0.009766
