0 0.634766 0.834961 0.023438 0.021484
0 0.664062 0.824219 0.007812 0.019531
0 0.343750 0.659180 0.019531 0.021484
0 0.314453 0.671875 0.019531 0.011719
0 0.291016 0.746094 0.039062 0.035156
0 0.333008 0.750977 0.017578 0.017578
0 0.571289 0.714844 0.025391 0.027344
0 0.424805 0.703125 0.021484 0.042969
0 0.880859 0.780273 0.011719 0.009766
0 0.843750 0.774414 0.007812 0.013672
0 0.701172 0.772461 0.007812 0.013672
0 0.724609 0.799805 0.019531 0.037109
0 0.675781 0.790039 0.027344 0.017578
0 0.596680 0.807617 0.021484 0.021484
0 0.584961 0.834961 0.017578 0.009766
0 0.701172 0.647461 0.023438 0.021484
0 0.691406 0.711914 0.042969 0.044922
0 0.834961 0.885742 0.021484 0.013672
0 0.876953 0.880859 0.015625 0.011719
0 0.679688 0.759766 0.007812 0.015625
0 0.645508 0.873047 0.021484 0.015625
0 0.450195 0.806641 0.025391 0.011719
0 0.408203 0.795898 0.042969 0.037109
0 0.318359 0.700195 0.039062 0.025391
0 0.765625 0.820312 0.039062 0.042969
0 0.527344 0.869141 0.042969 0.039062
0 0.602539 0.867188 0.013672 0.011719
0 0.756836 0.709961 0.021484 0.029297
0 0.420898 0.650391 0.009766 0.023438
0 0.482422 0.659180 0.042969 0.044922
