0 0.750781 0.645312 0.017188 0.028125
0 0.721875 0.652344 0.028125 0.026562
0 0.654687 0.742188 0.037500 0.043750
0 0.746094 0.696875 0.017188 0.021875
0 0.291406 0.525781 0.029687 0.017188
0 0.291406 0.483594 0.007812 0.014063
0 0.798438 0.796875 0.040625 0.021875
0 0.378906 0.492969 0.035937 0.029687
0 0.382031 0.536719 0.014063 0.014063
0 0.334375 0.496875 0.037500 0.040625
0 0.341406 0.529687 0.007812 0.012500
0 0.802344 0.680469 0.039062 0.017188
0 0.846875 0.692969 0.037500 0.039062
0 0.667188 0.679688 0.021875 0.015625
0 0.639062 0.690625 0.012500 0.009375
0 0.377344 0.289844 0.029687 0.023438
0 0.896875 0.650781 0.025000 0.023438
0 0.334375 0.317969 0.043750 0.032813
0 0.332813 0.285938 0.015625 0.009375
0 0.383594 0.394531 0.020313 0.020313
0 0.372656 0.349219 0.010937 0.014063
0 0.293750 0.310937 0.025000 0.034375
0 0.654687 0.639844 0.021875 0.023438
0 0.436719 0.448437 0.014063 0.018750
0 0.419531 0.417187 0.020313 0.009375
0 0.789844 0.753125 0.023438 0.025000
0 0.337500 0.447656 0.034375 0.045312
0 0.427344 0.382812 0.020313 0.015625
0 0.410156 0.346875 0.017188 0.012500
0 0.878906 0.753906 0.020313 0.020313
