0 0.896806 0.722067 0.009828 0.019553
0 0.933661 0.720670 0.009828 0.016760
0 0.453317 0.445531 0.017199 0.025140
0 0.503686 0.467877 0.014742 0.013966
0 0.944717 0.680168 0.012285 0.030726
0 0.931204 0.641061 0.024570 0.013966
0 0.429975 0.828212 0.029484 0.041899
0 0.461916 0.853352 0.014742 0.025140
0 0.904177 0.497207 0.029484 0.022346
0 0.901720 0.442737 0.019656 0.019553
0 0.902948 0.687151 0.027027 0.016760
0 0.253071 0.453911 0.014742 0.013966
0 0.216216 0.466480 0.019656 0.033520
0 0.292383 0.386872 0.019656 0.030726
0 0.219902 0.333799 0.031941 0.036313
0 0.858722 0.896648 0.017199 0.033520
0 0.920147 0.895251 0.027027 0.025140
0 0.842752 0.346369 0.014742 0.022346
0 0.837838 0.398045 0.019656 0.025140
0 0.465602 0.280726 0.041769 0.036313
0 0.495086 0.227654 0.031941 0.036313
0 0.520885 0.705307 0.014742 0.008380
0 0.917690 0.812849 0.031941 0.027933
0 0.926290 0.843575 0.019656 0.011173
0 0.852580 0.694134 0.014742 0.013966
0 0.834152 0.666201 0.012285 0.019553
0 0.660934 0.765363 0.034398 0.039106
0 0.878378 0.762570 0.036855 0.039106
0 0.815725 0.844972 0.024570 0.041899
0 0.765356 0.843575 0.027027 0.022346
