0 0.444336 0.858398 0.009766 0.017578
0 0.382812 0.506836 0.015625 0.021484
0 0.347656 0.513672 0.015625 0.011719
0 0.540039 0.557617 0.009766 0.017578
0 0.482422 0.558594 0.046875 0.042969
0 0.579102 0.541016 0.037109 0.023438
0 0.614258 0.543945 0.017578 0.017578
0 0.246094 0.589844 0.015625 0.007812
0 0.302734 0.862305 0.015625 0.017578
0 0.373047 0.858398 0.019531 0.017578
0 0.412109 0.814453 0.007812 0.015625
0 0.625977 0.504883 0.041016 0.037109
0 0.134766 0.856445 0.011719 0.013672
0 0.086914 0.859375 0.033203 0.019531
0 0.538086 0.510742 0.017578 0.017578
0 0.458008 0.508789 0.033203 0.021484
0 0.523438 0.599609 0.015625 0.015625
0 0.092773 0.816406 0.013672 0.015625
0 0.221680 0.554688 0.009766 0.019531
0 0.274414 0.558594 0.033203 0.019531
0 0.276367 0.500000 0.025391 0.039062
0 0.225586 0.510742 0.017578 0.013672
0 0.467773 0.795898 0.025391 0.021484
0 0.323242 0.837891 0.033203 0.015625
0 0.522461 0.437500 0.029297 0.023438
0 0.208008 0.793945 0.029297 0.017578
0 0.237305 0.800781 0.009766 0.011719
0 0.407227 0.837891 0.013672 0.015625
0 0.490234 0.835938 0.007812 0.015625
0 0.330078 0.795898 0.019531 0.013672
