0 0.776367 0.777344 0.017578 0.027344
0 0.783203 0.821289 0.015625 0.013672
0 0.634766 0.939453 0.023438 0.015625
0 0.670898 0.901367 0.021484 0.009766
0 0.656250 0.731445 0.031250 0.025391
0 0.680664 0.691406 0.041016 0.027344
0 0.926758 0.861328 0.033203 0.027344
0 0.923828 0.825195 0.042969 0.029297
0 0.730469 0.681641 0.015625 0.015625
0 0.767578 0.716797 0.039062 0.031250
0 0.853516 0.980469 0.039062 0.035156
0 0.859375 0.687500 0.023438 0.019531
0 0.836914 0.738281 0.041016 0.039062
0 0.852539 0.569336 0.041016 0.033203
0 0.830078 0.816406 0.027344 0.011719
0 0.863281 0.858398 0.039062 0.033203
0 0.755859 0.959961 0.023438 0.037109
0 0.796875 0.891602 0.015625 0.013672
0 0.967773 0.683594 0.033203 0.035156
0 0.906250 0.713867 0.015625 0.013672
0 0.700195 0.607422 0.013672 0.011719
0 0.928711 0.611328 0.037109 0.035156
0 0.961914 0.550781 0.033203 0.039062
0 0.975586 0.915039 0.013672 0.009766
0 0.789062 0.616211 0.015625 0.013672
0 0.781250 0.546875 0.019531 0.023438
0 0.683594 0.845703 0.042969 0.039062
0 0.700195 0.791992 0.025391 0.021484
