0 0.297917 0.677778 0.029167 0.042222
0 0.329583 0.672222 0.022500 0.037778
0 0.845833 0.490556 0.030000 0.032222
0 0.862917 0.452778 0.012500 0.018889
0 0.548333 0.647222 0.013333 0.012222
0 0.387917 0.670000 0.024167 0.031111
0 0.645417 0.236111 0.010833 0.007778
0 0.741667 0.453333 0.031667 0.040000
0 0.790833 0.462222 0.011667 0.006667
0 0.862083 0.642778 0.010833 0.034444
0 0.863333 0.610556 0.013333 0.010000
0 0.687917 0.386667 0.019167 0.040000
0 0.846250 0.702778 0.007500 0.010000
0 0.429583 0.621667 0.017500 0.025556
0 0.470000 0.673333 0.010000 0.011111
0 0.339583 0.771667 0.015833 0.016667
0 0.300417 0.724444 0.022500 0.028889
0 0.366250 0.445000 0.029167 0.032222
0 0.392083 0.428889 0.007500 0.015556
0 0.547083 0.541111 0.034167 0.044444
0 0.664583 0.546111 0.029167 0.043333
0 0.625000 0.555000 0.021667 0.034444
0 0.627083 0.448889 0.007500 0.013333
0 0.692083 0.492778 0.014167 0.021111
0 0.759583 0.366111 0.009167 0.014444
0 0.442500 0.781667 0.010000 0.012222
0 0.902083 0.527222 0.019167 0.023333
0 0.871667 0.525556 0.010000 0.013333
0 0.475833 0.248889 0.020000 0.026667
0 0.521667 0.393333 0.021667 0.033333
