0 0.155417 0.565134 0.015986 0.019157
0 0.348135 0.200192 0.014210 0.013410
0 0.299290 0.209770 0.040853 0.044061
0 0.096803 0.431034 0.040853 0.034483
0 0.431616 0.483716 0.035524 0.024904
0 0.442274 0.429119 0.017762 0.015326
0 0.059503 0.584291 0.040853 0.049808
0 0.349911 0.466475 0.017762 0.028736
0 0.261989 0.489464 0.015986 0.013410
0 0.378330 0.300766 0.021314 0.026820
0 0.412078 0.330460 0.017762 0.024904
0 0.094139 0.227011 0.042629 0.047893
0 0.337478 0.525862 0.010657 0.009579
0 0.273535 0.565134 0.035524 0.038314
0 0.070160 0.341954 0.015986 0.017241
0 0.222025 0.187739 0.014210 0.007663
0 0.173179 0.233716 0.026643 0.022989
0 0.187389 0.313218 0.023091 0.028736
0 0.169627 0.500000 0.012433 0.015326
0 0.389876 0.553640 0.047957 0.049808
0 0.426288 0.564176 0.010657 0.009579
0 0.276199 0.316092 0.033748 0.034483
0 0.343694 0.340996 0.023091 0.022989
0 0.401421 0.212644 0.028419 0.030651
