0 0.311611 0.552133 0.016588 0.018957
0 0.338863 0.607820 0.023697 0.030806
0 0.729858 0.651659 0.037915 0.023697
0 0.630332 0.415877 0.018957 0.021327
0 0.385071 0.545024 0.035545 0.033175
0 0.549763 0.375592 0.037915 0.045024
0 0.672986 0.609005 0.023697 0.018957
0 0.479858 0.424171 0.026066 0.018957
0 0.139810 0.412322 0.037915 0.033175
0 0.779621 0.694313 0.014218 0.009479
0 0.797393 0.669431 0.016588 0.011848
0 0.119668 0.773697 0.035545 0.035545
0 0.154028 0.771327 0.014218 0.016588
0 0.792654 0.612559 0.011848 0.030806
0 0.815166 0.603081 0.014218 0.016588
0 0.609005 0.609005 0.014218 0.014218
0 0.244076 0.430095 0.047393 0.049763
0 0.244076 0.489336 0.033175 0.035545
0 0.310427 0.409953 0.033175 0.028436
0 0.445498 0.651659 0.023697 0.014218
0 0.456161 0.560427 0.026066 0.030806
0 0.618483 0.479858 0.018957 0.021327
0 0.864929 0.601896 0.023697 0.018957
0 0.684834 0.712085 0.033175 0.021327
0 0.248815 0.677725 0.037915 0.033175
0 0.412322 0.772512 0.009479 0.018957
0 0.797393 0.723934 0.011848 0.016588
0 0.142180 0.646919 0.018957 0.018957
0 0.334123 0.818720 0.023697 0.026066
0 0.853081 0.718009 0.009479 0.014218
