0 0.279687 0.857981 0.012500 0.021127
0 0.046484 0.920775 0.010156 0.012911
0 0.007812 0.913732 0.007812 0.017606
0 0.235937 0.920775 0.007812 0.017606
0 0.283984 0.916667 0.005469 0.016432
0 0.233984 0.883216 0.014844 0.019953
0 0.280469 0.888498 0.006250 0.023474
0 0.282422 0.951291 0.014844 0.015258
0 0.253906 0.945423 0.017188 0.022300
0 0.066797 0.886150 0.007031 0.025822
0 0.013281 0.886150 0.015625 0.021127
0 0.182812 0.907864 0.009375 0.012911
0 0.175391 0.852113 0.010156 0.016432
0 0.125391 0.941901 0.014844 0.022300
0 0.035547 0.944836 0.011719 0.023474
0 0.009375 0.855634 0.012500 0.025822
0 0.176953 0.886150 0.011719 0.011737
0 0.196484 0.883216 0.017969 0.022300
0 0.087891 0.854460 0.010156 0.016432
0 0.185547 0.945423 0.010156 0.010563
0 0.211328 0.946009 0.011719 0.018779
0 0.134766 0.912559 0.011719 0.012911
0 0.089453 0.885563 0.008594 0.008216
