0 0.185139 0.590634 0.022670 0.039275
0 0.239295 0.481873 0.010076 0.009063
0 0.229219 0.250755 0.030227 0.036254
0 0.231738 0.528701 0.015113 0.012085
0 0.159950 0.102719 0.012594 0.018127
0 0.193955 0.113293 0.020151 0.027190
0 0.401763 0.117825 0.017632 0.018127
0 0.727960 0.424471 0.020151 0.027190
0 0.764484 0.425982 0.012594 0.030211
0 0.335013 0.025680 0.010076 0.015106
0 0.133501 0.145015 0.030227 0.030211
0 0.811083 0.465257 0.025189 0.036254
0 0.698992 0.546828 0.027708 0.030211
0 0.425693 0.028701 0.020151 0.021148
0 0.819899 0.552870 0.017632 0.018127
0 0.787154 0.874622 0.012594 0.027190
0 0.746851 0.540785 0.022670 0.030211
0 0.384131 0.167674 0.012594 0.021148
0 0.954660 0.827795 0.015113 0.012085
0 0.687657 0.430514 0.030227 0.033233
0 0.188917 0.072508 0.020151 0.012085
0 0.697733 0.868580 0.020151 0.027190
0 0.113350 0.435045 0.030227 0.042296
0 0.238035 0.351964 0.027708 0.021148
0 0.224181 0.404834 0.025189 0.030211
0 0.789673 0.673716 0.022670 0.024169
0 0.765743 0.623867 0.015113 0.015106
0 0.698992 0.640483 0.012594 0.012085
0 0.727960 0.625378 0.025189 0.012085
0 0.178841 0.441088 0.015113 0.018127
