0 0.575195 0.671875 0.029297 0.027344
0 0.905273 0.601562 0.025391 0.023438
0 0.633789 0.610352 0.021484 0.013672
0 0.574219 0.593750 0.031250 0.027344
0 0.505859 0.577148 0.011719 0.009766
0 0.731445 0.844727 0.025391 0.033203
0 0.105469 0.748047 0.015625 0.011719
0 0.022461 0.754883 0.017578 0.017578
0 0.074219 0.771484 0.015625 0.011719
0 0.311523 0.579102 0.017578 0.013672
0 0.323242 0.642578 0.029297 0.019531
0 0.376953 0.642578 0.019531 0.019531
0 0.868164 0.741211 0.025391 0.033203
0 0.911133 0.745117 0.021484 0.033203
0 0.792969 0.641602 0.023438 0.029297
0 0.373047 0.679688 0.011719 0.011719
0 0.897461 0.642578 0.025391 0.015625
0 0.850586 0.643555 0.025391 0.021484
0 0.240234 0.643555 0.019531 0.021484
0 0.076172 0.826172 0.015625 0.019531
0 0.720703 0.731445 0.015625 0.009766
0 0.806641 0.791016 0.011719 0.015625
0 0.859375 0.775391 0.011719 0.011719
0 0.627930 0.690430 0.017578 0.017578
0 0.601562 0.705078 0.015625 0.015625
0 0.596680 0.845703 0.029297 0.019531
0 0.782227 0.598633 0.017578 0.021484
0 0.334961 0.610352 0.029297 0.025391
0 0.374023 0.605469 0.021484 0.015625
0 0.051758 0.776367 0.013672 0.009766
