0 0.336914 0.455078 0.021484 0.035156
0 0.333008 0.503906 0.041016 0.023438
0 0.334961 0.549805 0.037109 0.033203
0 0.381836 0.559570 0.025391 0.013672
0 0.406250 0.514648 0.039062 0.044922
0 0.321289 0.599609 0.021484 0.015625
0 0.331055 0.633789 0.013672 0.009766
0 0.278320 0.512695 0.021484 0.033203
0 0.282227 0.547852 0.021484 0.013672
0 0.397461 0.628906 0.017578 0.011719
0 0.406250 0.588867 0.015625 0.017578
0 0.214844 0.584961 0.019531 0.029297
0 0.394531 0.429688 0.046875 0.039062
0 0.289062 0.686523 0.011719 0.009766
0 0.272461 0.598633 0.041016 0.025391
0 0.333984 0.707031 0.039062 0.039062
0 0.337891 0.664062 0.015625 0.011719
0 0.215820 0.445312 0.037109 0.035156
0 0.201172 0.480469 0.011719 0.011719
0 0.284180 0.437500 0.029297 0.039062
0 0.291016 0.477539 0.015625 0.017578
0 0.224609 0.670898 0.042969 0.041016
0 0.225586 0.503906 0.021484 0.011719
0 0.408203 0.700195 0.007812 0.013672
0 0.385742 0.714844 0.013672 0.019531
