0 0.750977 0.152344 0.017578 0.019531
0 0.587891 0.630859 0.027344 0.035156
0 0.553711 0.630859 0.021484 0.015625
0 0.539062 0.886719 0.023438 0.015625
0 0.836914 0.152344 0.033203 0.023438
0 0.869141 0.771484 0.023438 0.027344
0 0.794922 0.767578 0.023438 0.023438
0 0.850586 0.714844 0.041016 0.039062
0 0.804688 0.710938 0.035156 0.031250
0 0.398438 0.711914 0.015625 0.013672
0 0.361328 0.728516 0.011719 0.015625
0 0.537109 0.599609 0.023438 0.019531
0 0.876953 0.042969 0.015625 0.011719
0 0.825195 0.410156 0.009766 0.023438
0 0.832031 0.358398 0.015625 0.017578
0 0.381836 0.611328 0.033203 0.031250
0 0.760742 0.401367 0.021484 0.029297
0 0.671875 0.563477 0.027344 0.017578
0 0.654297 0.623047 0.031250 0.039062
0 0.608398 0.466797 0.033203 0.042969
0 0.753906 0.079102 0.011719 0.005859
0 0.726562 0.091797 0.015625 0.015625
0 0.666992 0.286133 0.025391 0.029297
0 0.215820 0.905273 0.044922 0.044922
0 0.294922 0.864258 0.019531 0.025391
0 0.848633 0.503906 0.017578 0.031250
0 0.328125 0.775391 0.027344 0.031250
0 0.455078 0.825195 0.031250 0.033203
0 0.735352 0.288086 0.013672 0.021484
0 0.283203 0.746094 0.023438 0.019531
