0 0.083333 0.500000 0.028571 0.028037
0 0.094048 0.373832 0.011905 0.014019
0 0.248810 0.532710 0.035714 0.023364
0 0.065476 0.376168 0.026190 0.032710
0 0.928571 0.427570 0.014286 0.028037
0 0.029762 0.301402 0.026190 0.018692
0 0.882143 0.519860 0.030952 0.035047
0 0.895238 0.425234 0.014286 0.018692
0 0.134524 0.385514 0.021429 0.028037
0 0.210714 0.494159 0.021429 0.016355
0 0.251190 0.496495 0.021429 0.021028
0 0.785714 0.421729 0.014286 0.016355
0 0.255952 0.566589 0.011905 0.016355
0 0.882143 0.470794 0.040476 0.044393
0 0.319048 0.503505 0.019048 0.021028
0 0.160714 0.504673 0.011905 0.018692
0 0.133333 0.507009 0.009524 0.014019
0 0.798810 0.570093 0.021429 0.018692
0 0.315476 0.559579 0.026190 0.025701
0 0.309524 0.470794 0.019048 0.021028
0 0.029762 0.379673 0.021429 0.021028
0 0.219048 0.464953 0.009524 0.014019
0 0.073810 0.565421 0.014286 0.023364
0 0.798810 0.522196 0.040476 0.030374
0 0.839286 0.525701 0.021429 0.028037
0 0.883333 0.568925 0.019048 0.016355
0 0.135714 0.533879 0.014286 0.007009
0 0.184524 0.532710 0.016667 0.018692
0 0.035714 0.225467 0.033333 0.025701
0 0.023810 0.252336 0.014286 0.009346
