0 0.425781 0.253906 0.031250 0.027344
0 0.447266 0.340820 0.023438 0.017578
0 0.395508 0.314453 0.021484 0.015625
0 0.437500 0.312500 0.027344 0.023438
0 0.536133 0.316406 0.025391 0.031250
0 0.503906 0.325195 0.011719 0.013672
0 0.680664 0.347656 0.021484 0.031250
0 0.749023 0.316406 0.009766 0.011719
0 0.389648 0.281250 0.017578 0.015625
0 0.458008 0.281250 0.013672 0.011719
0 0.623047 0.315430 0.027344 0.029297
0 0.805664 0.350586 0.013672 0.013672
0 0.676758 0.284180 0.013672 0.029297
0 0.624023 0.254883 0.033203 0.029297
0 0.569336 0.277344 0.013672 0.011719
0 0.502930 0.281250 0.021484 0.023438
0 0.753906 0.278320 0.023438 0.017578
0 0.707031 0.284180 0.011719 0.017578
0 0.523438 0.248047 0.019531 0.019531
0 0.577148 0.342773 0.021484 0.013672
0 0.715820 0.258789 0.025391 0.013672
0 0.790039 0.257812 0.025391 0.023438
