0 0.433078 0.609733 0.009560 0.017176
0 0.611855 0.307252 0.019120 0.011450
0 0.843212 0.317748 0.015296 0.009542
0 0.821224 0.370229 0.024857 0.030534
0 0.590822 0.673664 0.030593 0.022901
0 0.654876 0.574427 0.024857 0.022901
0 0.591778 0.625954 0.021033 0.030534
0 0.587954 0.571565 0.013384 0.013359
0 0.586042 0.597328 0.017208 0.011450
0 0.555449 0.675573 0.021033 0.015267
0 0.458891 0.731870 0.019120 0.020992
0 0.419694 0.691794 0.032505 0.020992
0 0.594646 0.715649 0.019120 0.019084
0 0.735182 0.599237 0.028681 0.030534
0 0.455067 0.458969 0.038241 0.020992
0 0.474187 0.407443 0.022945 0.020992
0 0.653920 0.639313 0.030593 0.034351
0 0.565010 0.573473 0.017208 0.013359
0 0.562141 0.600191 0.015296 0.013359
0 0.660612 0.681298 0.013384 0.011450
0 0.593690 0.750000 0.021033 0.015267
0 0.555449 0.639313 0.024857 0.026718
0 0.522945 0.462786 0.009560 0.020992
0 0.721797 0.295802 0.036329 0.034351
0 0.623327 0.649809 0.007648 0.017176
0 0.618547 0.620229 0.017208 0.019084
0 0.775335 0.621183 0.017208 0.017176
0 0.813576 0.537214 0.043977 0.043893
0 0.656788 0.441794 0.040153 0.028626
0 0.619503 0.732824 0.015296 0.007634
