0 0.666016 0.556641 0.035156 0.027344
0 0.571289 0.554688 0.013672 0.015625
0 0.509766 0.563477 0.023438 0.025391
0 0.441406 0.449219 0.035156 0.027344
0 0.512695 0.655273 0.029297 0.029297
0 0.494141 0.752930 0.027344 0.017578
0 0.531250 0.736328 0.031250 0.027344
0 0.449219 0.380859 0.039062 0.035156
0 0.635742 0.520508 0.021484 0.021484
0 0.679688 0.493164 0.015625 0.009766
0 0.315430 0.465820 0.029297 0.037109
0 0.568359 0.329102 0.011719 0.009766
0 0.547852 0.301758 0.013672 0.013672
0 0.425781 0.717773 0.027344 0.029297
0 0.536133 0.832031 0.021484 0.019531
0 0.477539 0.825195 0.025391 0.041016
0 0.402344 0.464844 0.027344 0.035156
0 0.406250 0.411133 0.015625 0.017578
0 0.240234 0.738281 0.015625 0.019531
0 0.356445 0.378906 0.017578 0.015625
0 0.386719 0.370117 0.015625 0.013672
0 0.498047 0.322266 0.015625 0.023438
0 0.558594 0.437500 0.019531 0.023438
0 0.565430 0.470703 0.025391 0.019531
0 0.402344 0.518555 0.011719 0.009766
0 0.255859 0.893555 0.039062 0.029297
0 0.337891 0.664062 0.015625 0.015625
0 0.346680 0.622070 0.009766 0.025391
0 0.553711 0.378906 0.033203 0.039062
0 0.583984 0.409180 0.007812 0.017578
