0 0.076456 0.359838 0.021845 0.018868
0 0.674757 0.605121 0.009709 0.008086
0 0.696602 0.591644 0.014563 0.008086
0 0.311893 0.450135 0.026699 0.026954
0 0.275485 0.439353 0.012136 0.016173
0 0.688107 0.742588 0.012136 0.029650
0 0.736650 0.757412 0.021845 0.021563
0 0.567961 0.661725 0.019417 0.024259
0 0.632282 0.665768 0.016990 0.016173
0 0.883495 0.668464 0.043689 0.043127
0 0.935680 0.654987 0.031553 0.037736
0 0.734223 0.657682 0.021845 0.026954
0 0.672330 0.676550 0.033981 0.032345
0 0.799757 0.541779 0.041262 0.043127
0 0.063107 0.451482 0.029126 0.024259
0 0.024272 0.443396 0.009709 0.018868
0 0.748786 0.613208 0.021845 0.029650
0 0.399272 0.274933 0.021845 0.026954
0 0.435680 0.246631 0.021845 0.024259
0 0.583738 0.613208 0.036408 0.040431
0 0.633495 0.598383 0.038835 0.043127
0 0.220874 0.500000 0.038835 0.040431
0 0.794903 0.597035 0.021845 0.029650
0 0.802184 0.636119 0.021845 0.021563
0 0.201456 0.405660 0.024272 0.029650
0 0.565534 0.737197 0.014563 0.013477
0 0.599515 0.741240 0.014563 0.032345
0 0.518204 0.219677 0.036408 0.024259
0 0.422330 0.185984 0.033981 0.021563
0 0.462379 0.185984 0.016990 0.021563
