0 0.370474 0.747863 0.016713 0.031339
0 0.739554 0.518519 0.036212 0.028490
0 0.754875 0.487179 0.016713 0.011396
0 0.632312 0.505698 0.022284 0.019943
0 0.157382 0.747863 0.025070 0.014245
0 0.387187 0.618234 0.016713 0.011396
0 0.367688 0.648148 0.022284 0.019943
0 0.682451 0.243590 0.033426 0.031339
0 0.682451 0.292023 0.011142 0.014245
0 0.571031 0.454416 0.011142 0.014245
0 0.520891 0.441595 0.011142 0.017094
0 0.920613 0.447293 0.019499 0.028490
0 0.878830 0.423077 0.013928 0.031339
0 0.334262 0.844729 0.044568 0.037037
0 0.356546 0.790598 0.016713 0.008547
0 0.176880 0.860399 0.013928 0.017094
0 0.171309 0.814815 0.030641 0.022792
0 0.270195 0.650997 0.027855 0.019943
0 0.313370 0.655271 0.019499 0.017094
0 0.247911 0.608262 0.027855 0.014245
0 0.284123 0.615385 0.016713 0.011396
0 0.484680 0.836182 0.016713 0.008547
0 0.467967 0.897436 0.016713 0.017094
0 0.845404 0.343305 0.041783 0.037037
0 0.295265 0.703704 0.022284 0.022792
0 0.324513 0.692308 0.013928 0.022792
0 0.871866 0.631054 0.022284 0.019943
0 0.800836 0.556980 0.030641 0.019943
0 0.779944 0.512821 0.016713 0.011396
0 0.278552 0.833333 0.022284 0.025641
