0 0.368164 0.842773 0.033203 0.025391
0 0.408203 0.848633 0.019531 0.025391
0 0.414062 0.673828 0.007812 0.015625
0 0.437500 0.653320 0.023438 0.021484
0 0.294922 0.599609 0.031250 0.031250
0 0.552734 0.876953 0.023438 0.023438
0 0.604492 0.877930 0.025391 0.021484
0 0.119141 0.898438 0.015625 0.011719
0 0.121094 0.918945 0.015625 0.013672
0 0.307617 0.546875 0.017578 0.027344
0 0.292969 0.573242 0.015625 0.005859
0 0.098633 0.834961 0.021484 0.017578
0 0.538086 0.595703 0.021484 0.031250
0 0.507812 0.602539 0.023438 0.017578
0 0.765625 0.353516 0.019531 0.019531
0 0.948242 0.468750 0.017578 0.019531
0 0.910156 0.452148 0.031250 0.041016
0 0.434570 0.821289 0.017578 0.017578
0 0.124023 0.800781 0.013672 0.007812
0 0.125977 0.772461 0.025391 0.025391
0 0.548828 0.841797 0.023438 0.019531
0 0.157227 0.883789 0.013672 0.013672
0 0.149414 0.910156 0.021484 0.023438
0 0.271484 0.659180 0.039062 0.044922
0 0.845703 0.533203 0.031250 0.035156
0 0.848633 0.590820 0.021484 0.033203
0 0.151367 0.851562 0.021484 0.023438
0 0.150391 0.819336 0.019531 0.017578
0 0.343750 0.877930 0.031250 0.021484
0 0.839844 0.657227 0.007812 0.013672
