0 0.437500 0.498047 0.023438 0.011719
0 0.584961 0.412109 0.037109 0.035156
0 0.576172 0.367188 0.023438 0.019531
0 0.676758 0.377930 0.029297 0.033203
0 0.474609 0.478516 0.027344 0.035156
0 0.490234 0.441406 0.019531 0.011719
0 0.406250 0.695312 0.031250 0.035156
0 0.641602 0.431641 0.017578 0.019531
0 0.440430 0.570312 0.037109 0.039062
0 0.439453 0.603516 0.019531 0.011719
0 0.057617 0.323242 0.017578 0.013672
0 0.360352 0.661133 0.009766 0.021484
0 0.366211 0.712891 0.017578 0.011719
0 0.125000 0.317383 0.027344 0.021484
0 0.022461 0.263672 0.013672 0.019531
0 0.492188 0.682617 0.019531 0.017578
0 0.479492 0.646484 0.009766 0.015625
0 0.583008 0.616211 0.033203 0.041016
0 0.362305 0.822266 0.037109 0.019531
0 0.678711 0.548828 0.037109 0.042969
0 0.574219 0.553711 0.019531 0.025391
0 0.481445 0.789062 0.033203 0.031250
0 0.632812 0.471680 0.023438 0.013672
0 0.724609 0.306641 0.019531 0.023438
0 0.718750 0.244141 0.035156 0.023438
0 0.669922 0.666016 0.015625 0.023438
0 0.677734 0.616211 0.011719 0.017578
0 0.092773 0.261719 0.013672 0.015625
0 0.060547 0.344727 0.015625 0.013672
0 0.062500 0.265625 0.023438 0.023438
