0 0.895010 0.763281 0.012474 0.014063
0 0.837318 0.343750 0.021830 0.031250
0 0.948025 0.667969 0.006237 0.020313
0 0.927235 0.670312 0.006237 0.015625
0 0.701143 0.778906 0.013514 0.026562
0 0.954262 0.412500 0.012474 0.015625
0 0.940748 0.403125 0.006237 0.009375
0 0.705821 0.616406 0.027027 0.014063
0 0.709979 0.585938 0.014553 0.012500
0 0.569647 0.289844 0.010395 0.020313
0 0.832640 0.660156 0.008316 0.007812
0 0.813929 0.663281 0.008316 0.007812
0 0.369023 0.385156 0.014553 0.023438
0 0.874740 0.368750 0.019751 0.015625
0 0.891892 0.378906 0.004158 0.014063
0 0.548337 0.456250 0.015593 0.034375
0 0.916320 0.413281 0.015593 0.026562
0 0.861746 0.762500 0.008316 0.012500
0 0.875260 0.745313 0.006237 0.009375
0 0.928274 0.753125 0.010395 0.025000
0 0.944387 0.758594 0.005198 0.020313
0 0.836279 0.727344 0.007277 0.026562
0 0.946985 0.375000 0.006237 0.015625
0 0.965177 0.375000 0.011435 0.018750
0 0.817568 0.755469 0.017672 0.023438
0 0.918919 0.307031 0.018711 0.020313
0 0.429314 0.275000 0.012474 0.018750
0 0.388773 0.289844 0.018711 0.042188
0 0.418919 0.350000 0.012474 0.025000
0 0.656445 0.450781 0.023909 0.045312
