0 0.333984 0.363281 0.027344 0.027344
0 0.617188 0.866211 0.031250 0.029297
0 0.671875 0.848633 0.011719 0.013672
0 0.748047 0.858398 0.007812 0.013672
0 0.517578 0.348633 0.023438 0.029297
0 0.708984 0.811523 0.023438 0.033203
0 0.740234 0.807617 0.007812 0.013672
0 0.531250 0.857422 0.019531 0.027344
0 0.330078 0.468750 0.019531 0.019531
0 0.350586 0.432617 0.017578 0.017578
0 0.773438 0.908203 0.015625 0.011719
0 0.800781 0.905273 0.011719 0.021484
0 0.332031 0.301758 0.035156 0.037109
0 0.243164 0.350586 0.021484 0.025391
0 0.507812 0.487305 0.039062 0.041016
0 0.623047 0.806641 0.015625 0.019531
0 0.594727 0.808594 0.025391 0.015625
0 0.485352 0.903320 0.017578 0.013672
0 0.304688 0.335938 0.007812 0.015625
0 0.272461 0.303711 0.009766 0.013672
0 0.677734 0.948242 0.031250 0.021484
0 0.523438 0.417969 0.019531 0.019531
0 0.194336 0.527344 0.029297 0.035156
0 0.643555 0.536133 0.044922 0.037109
0 0.702148 0.570312 0.009766 0.011719
0 0.407227 0.380859 0.021484 0.011719
0 0.372070 0.358398 0.029297 0.029297
0 0.303711 0.819336 0.025391 0.013672
0 0.334961 0.813477 0.021484 0.025391
0 0.917969 0.859375 0.039062 0.027344
