0 0.200195 0.307617 0.013672 0.021484
0 0.378906 0.456055 0.031250 0.041016
0 0.451172 0.447266 0.011719 0.019531
0 0.505859 0.229492 0.007812 0.017578
0 0.579102 0.232422 0.021484 0.015625
0 0.478516 0.284180 0.042969 0.033203
0 0.107422 0.476562 0.019531 0.023438
0 0.647461 0.067383 0.013672 0.009766
0 0.645508 0.101562 0.033203 0.031250
0 0.109375 0.440430 0.023438 0.021484
0 0.735352 0.443359 0.037109 0.031250
0 0.133789 0.324219 0.013672 0.027344
0 0.412109 0.294922 0.019531 0.023438
0 0.318359 0.289062 0.023438 0.023438
0 0.141602 0.451172 0.017578 0.007812
0 0.169922 0.297852 0.019531 0.017578
0 0.159180 0.325195 0.013672 0.009766
0 0.586914 0.291992 0.029297 0.029297
0 0.191406 0.441406 0.019531 0.023438
0 0.342773 0.325195 0.017578 0.017578
0 0.291016 0.325195 0.015625 0.017578
0 0.232422 0.289062 0.019531 0.023438
0 0.353516 0.253906 0.019531 0.035156
0 0.770508 0.347656 0.052734 0.050781
0 0.171875 0.413086 0.015625 0.009766
0 0.404297 0.051758 0.031250 0.029297
0 0.388672 0.238281 0.011719 0.015625
0 0.436523 0.231445 0.009766 0.029297
0 0.505859 0.345703 0.019531 0.031250
0 0.560547 0.348633 0.035156 0.041016
