0 0.441406 0.506250 0.014063 0.021875
0 0.413281 0.468750 0.029687 0.018750
0 0.815625 0.226562 0.015625 0.021875
0 0.804688 0.147656 0.028125 0.020313
0 0.550781 0.466406 0.017188 0.017188
0 0.499219 0.369531 0.032813 0.026562
0 0.492188 0.323437 0.025000 0.012500
0 0.548438 0.342187 0.037500 0.034375
0 0.770312 0.334375 0.021875 0.028125
0 0.760156 0.364844 0.020313 0.010937
0 0.920312 0.153906 0.009375 0.014063
0 0.893750 0.186719 0.015625 0.020313
0 0.681250 0.347656 0.037500 0.029687
0 0.680469 0.315625 0.007812 0.012500
0 0.517188 0.222656 0.015625 0.014063
0 0.818750 0.187500 0.015625 0.015625
0 0.433594 0.181250 0.029687 0.031250
0 0.451562 0.141406 0.021875 0.026562
0 0.506250 0.157812 0.018750 0.021875
0 0.570312 0.186719 0.034375 0.039062
0 0.335156 0.468750 0.014063 0.025000
0 0.449219 0.293750 0.020313 0.021875
0 0.432812 0.242969 0.053125 0.051562
0 0.721094 0.171875 0.032813 0.018750
0 0.417187 0.358594 0.031250 0.029687
0 0.442969 0.397656 0.035937 0.023438
0 0.682031 0.200781 0.026562 0.029687
0 0.689844 0.238281 0.014063 0.014063
0 0.946094 0.228125 0.029687 0.028125
0 0.811719 0.279687 0.026562 0.040625
