0 0.590909 0.957944 0.016317 0.032710
0 0.292541 0.117991 0.034965 0.030374
0 0.271562 0.286215 0.034965 0.035047
0 0.930070 0.700935 0.013986 0.014019
0 0.508159 0.110981 0.041958 0.035047
0 0.723776 0.510514 0.020979 0.035047
0 0.715618 0.581776 0.037296 0.032710
0 0.717949 0.821262 0.027972 0.025701
0 0.750583 0.889019 0.023310 0.021028
0 0.715618 0.883178 0.013986 0.023364
0 0.740093 0.961449 0.030303 0.021028
0 0.706294 0.967290 0.009324 0.018692
0 0.384615 0.035047 0.018648 0.018692
0 0.614219 0.323598 0.020979 0.030374
0 0.650350 0.184579 0.009324 0.023364
0 0.589744 0.234813 0.023310 0.030374
0 0.854312 0.401869 0.025641 0.023364
0 0.837995 0.450935 0.025641 0.032710
0 0.244755 0.151869 0.027972 0.032710
0 0.904429 0.525701 0.037296 0.037383
0 0.782051 0.521028 0.048951 0.051402
0 0.768065 0.577103 0.030303 0.032710
0 0.650350 0.830607 0.041958 0.039720
0 0.593240 0.908879 0.025641 0.028037
0 0.751748 0.746495 0.020979 0.016355
0 0.720280 0.782710 0.013986 0.009346
0 0.452214 0.226636 0.023310 0.023364
0 0.519814 0.162383 0.027972 0.030374
0 0.801865 0.761682 0.032634 0.042056
0 0.578089 0.842290 0.023310 0.021028
