0 0.653846 0.316923 0.015385 0.012308
0 0.618462 0.292308 0.030769 0.024615
0 0.726154 0.527692 0.030769 0.033846
0 0.729231 0.460000 0.024615 0.027692
0 0.480000 0.278462 0.012308 0.009231
0 0.766154 0.460000 0.024615 0.015385
0 0.763077 0.509231 0.018462 0.021538
0 0.387692 0.512308 0.043077 0.027692
0 0.836923 0.707692 0.012308 0.018462
0 0.272308 0.384615 0.033846 0.012308
0 0.310769 0.420000 0.012308 0.015385
0 0.760000 0.161538 0.043077 0.040000
0 0.715385 0.160000 0.015385 0.012308
0 0.695385 0.469231 0.018462 0.021538
0 0.801538 0.510769 0.021538 0.030769
0 0.795385 0.552308 0.033846 0.027692
0 0.704615 0.370769 0.024615 0.033846
0 0.727692 0.783077 0.027692 0.040000
0 0.723077 0.744615 0.018462 0.012308
0 0.623077 0.609231 0.027692 0.024615
0 0.635385 0.343077 0.021538 0.015385
0 0.698462 0.604615 0.012308 0.015385
0 0.686154 0.633846 0.018462 0.012308
0 0.761538 0.412308 0.033846 0.036923
0 0.750769 0.338462 0.012308 0.024615
0 0.484615 0.427692 0.015385 0.024615
0 0.570769 0.296923 0.027692 0.021538
0 0.529231 0.289231 0.018462 0.030769
0 0.661538 0.287692 0.012308 0.015385
0 0.852308 0.210769 0.036923 0.027692
