0 0.322297 0.796624 0.014865 0.020900
0 0.358108 0.745981 0.013514 0.016077
0 0.283108 0.068328 0.025676 0.024116
0 0.310135 0.099678 0.012162 0.006431
0 0.633108 0.526527 0.022973 0.033762
0 0.613514 0.563505 0.018919 0.008039
0 0.775676 0.553859 0.016216 0.017685
0 0.777703 0.512058 0.036486 0.033762
0 0.356081 0.142283 0.028378 0.020900
0 0.649324 0.689711 0.009459 0.022508
0 0.387162 0.097267 0.020270 0.014469
0 0.418919 0.432476 0.010811 0.016077
0 0.396622 0.442926 0.006757 0.017685
0 0.746622 0.530547 0.012162 0.016077
0 0.543919 0.658360 0.028378 0.033762
0 0.497973 0.659968 0.033784 0.030547
0 0.227027 0.118971 0.024324 0.016077
0 0.732432 0.322347 0.032432 0.036977
0 0.466216 0.138264 0.035135 0.041801
0 0.600000 0.762862 0.008108 0.024116
0 0.211486 0.065916 0.031081 0.028939
0 0.793243 0.427653 0.013514 0.016077
0 0.778378 0.452572 0.010811 0.020900
0 0.298649 0.120579 0.016216 0.009646
0 0.281757 0.153537 0.017568 0.014469
0 0.379730 0.569936 0.013514 0.017685
0 0.402703 0.536174 0.016216 0.030547
0 0.462838 0.249196 0.014865 0.035370
0 0.722297 0.696141 0.012162 0.012862
0 0.599324 0.692122 0.012162 0.008039
