0 0.504883 0.823242 0.029297 0.013672
0 0.495117 0.895508 0.013672 0.009766
0 0.278320 0.824219 0.013672 0.011719
0 0.346680 0.823242 0.017578 0.013672
0 0.856445 0.838867 0.025391 0.021484
0 0.938477 0.834961 0.021484 0.017578
0 0.971680 0.839844 0.009766 0.011719
0 0.417969 0.906250 0.015625 0.011719
0 0.387695 0.878906 0.013672 0.023438
0 0.360352 0.877930 0.025391 0.021484
0 0.294922 0.961914 0.011719 0.009766
0 0.272461 0.963867 0.013672 0.009766
0 0.574219 0.858398 0.031250 0.013672
0 0.521484 0.858398 0.011719 0.013672
0 0.546875 0.903320 0.015625 0.017578
0 0.458984 0.885742 0.011719 0.009766
0 0.571289 0.824219 0.013672 0.011719
0 0.654297 0.824219 0.011719 0.011719
0 0.697266 0.843750 0.011719 0.015625
0 0.337891 0.791992 0.015625 0.005859
0 0.301758 0.793945 0.021484 0.013672
0 0.572266 0.885742 0.011719 0.009766
0 0.727539 0.864258 0.029297 0.021484
0 0.676758 0.873047 0.017578 0.015625
0 0.462891 0.906250 0.011719 0.011719
0 0.473633 0.837891 0.013672 0.011719
0 0.475586 0.794922 0.013672 0.011719
0 0.550781 0.793945 0.015625 0.013672
0 0.451172 0.837891 0.011719 0.015625
0 0.394531 0.836914 0.011719 0.009766
