0 0.743619 0.772093 0.011601 0.027907
0 0.419954 0.680233 0.018561 0.016279
0 0.438515 0.716279 0.037123 0.032558
0 0.837587 0.773256 0.018561 0.016279
0 0.679814 0.697674 0.013921 0.027907
0 0.283063 0.744186 0.018561 0.018605
0 0.287703 0.701163 0.009281 0.025581
0 0.771462 0.718605 0.016241 0.018605
0 0.276102 0.366279 0.013921 0.011628
0 0.496520 0.184884 0.027842 0.030233
0 0.580046 0.395349 0.046404 0.046512
0 0.597448 0.616279 0.025522 0.037209
0 0.585847 0.572093 0.016241 0.018605
0 0.610209 0.565116 0.009281 0.013953
0 0.701856 0.706977 0.011601 0.013953
0 0.730858 0.690698 0.013921 0.009302
0 0.508121 0.574419 0.027842 0.027907
0 0.486079 0.708140 0.020882 0.039535
0 0.657773 0.398837 0.020882 0.034884
0 0.240139 0.253488 0.044084 0.046512
0 0.309745 0.315116 0.011601 0.020930
0 0.348028 0.303488 0.018561 0.020930
0 0.798144 0.659302 0.013921 0.011628
0 0.356148 0.711628 0.039443 0.037209
0 0.428074 0.382558 0.030162 0.030233
0 0.802784 0.817442 0.018561 0.016279
0 0.584687 0.491860 0.023202 0.034884
0 0.335267 0.241860 0.025522 0.023256
0 0.480278 0.116279 0.023202 0.032558
0 0.747100 0.825581 0.013921 0.013953
