0 0.327148 0.672852 0.017578 0.017578
0 0.325195 0.697266 0.017578 0.007812
0 0.358398 0.688477 0.017578 0.017578
0 0.350586 0.738281 0.033203 0.027344
0 0.625000 0.201172 0.027344 0.023438
0 0.922852 0.337891 0.017578 0.011719
0 0.913086 0.402344 0.029297 0.039062
0 0.878906 0.463867 0.023438 0.017578
0 0.872070 0.291992 0.041016 0.044922
0 0.862305 0.246094 0.021484 0.019531
0 0.875000 0.180664 0.035156 0.044922
0 0.872070 0.220703 0.021484 0.007812
0 0.250000 0.228516 0.023438 0.015625
0 0.226562 0.241211 0.007812 0.013672
0 0.826172 0.288086 0.023438 0.017578
0 0.261719 0.347656 0.023438 0.023438
0 0.264648 0.316406 0.021484 0.019531
0 0.345703 0.780273 0.011719 0.005859
0 0.359375 0.814453 0.015625 0.011719
0 0.914062 0.229492 0.007812 0.013672
0 0.915039 0.166016 0.029297 0.042969
0 0.314453 0.928711 0.019531 0.017578
0 0.310547 0.954102 0.015625 0.013672
0 0.246094 0.398438 0.035156 0.019531
0 0.829102 0.469727 0.041016 0.044922
0 0.291016 0.845703 0.019531 0.015625
0 0.284180 0.872070 0.017578 0.017578
0 0.786133 0.399414 0.041016 0.044922
0 0.778320 0.353516 0.021484 0.015625
0 0.384766 0.699219 0.015625 0.011719
