0 0.640000 0.638889 0.008000 0.015556
0 0.756000 0.453333 0.013333 0.026667
0 0.813333 0.517778 0.013333 0.026667
0 0.710667 0.675556 0.005333 0.017778
0 0.668000 0.675556 0.018667 0.031111
0 0.670667 0.527778 0.018667 0.024444
0 0.619333 0.414444 0.014667 0.020000
0 0.637333 0.405556 0.008000 0.011111
0 0.652000 0.593333 0.005333 0.013333
0 0.613333 0.584444 0.026667 0.040000
0 0.700667 0.601111 0.006667 0.015556
0 0.668000 0.578889 0.005333 0.011111
0 0.866667 0.445556 0.013333 0.024444
0 0.702000 0.432222 0.022667 0.024444
0 0.848667 0.598889 0.017333 0.024444
0 0.770000 0.537778 0.020000 0.017778
0 0.782000 0.485556 0.017333 0.033333
0 0.774000 0.565556 0.006667 0.015556
0 0.740000 0.584444 0.008000 0.008889
0 0.864000 0.638889 0.005333 0.015556
0 0.849333 0.682222 0.024000 0.040000
0 0.795333 0.674444 0.012000 0.011111
0 0.630667 0.506667 0.016000 0.026667
