0 0.527344 0.731445 0.015625 0.013672
0 0.330078 0.631836 0.042969 0.025391
0 0.291016 0.625000 0.011719 0.019531
0 0.662109 0.813477 0.011719 0.013672
0 0.625977 0.700195 0.013672 0.013672
0 0.696289 0.693359 0.025391 0.035156
0 0.775391 0.817383 0.019531 0.033203
0 0.771484 0.885742 0.019531 0.017578
0 0.549805 0.714844 0.013672 0.011719
0 0.660156 0.630859 0.042969 0.031250
0 0.616211 0.623047 0.017578 0.007812
0 0.388672 0.703125 0.015625 0.011719
0 0.824219 0.847656 0.019531 0.011719
0 0.447266 0.702148 0.015625 0.017578
0 0.487305 0.684570 0.017578 0.009766
0 0.543945 0.661133 0.017578 0.017578
0 0.583008 0.733398 0.017578 0.017578
0 0.210938 0.712891 0.015625 0.007812
0 0.176758 0.710938 0.013672 0.011719
0 0.812500 0.812500 0.035156 0.031250
0 0.372070 0.624023 0.013672 0.017578
0 0.442383 0.629883 0.025391 0.021484
0 0.815430 0.888672 0.037109 0.023438
0 0.428711 0.805664 0.025391 0.013672
0 0.485352 0.775391 0.025391 0.027344
0 0.458984 0.733398 0.015625 0.017578
0 0.399414 0.733398 0.017578 0.017578
0 0.602539 0.702148 0.009766 0.017578
0 0.614258 0.661133 0.017578 0.029297
0 0.666016 0.666016 0.011719 0.019531
