0 0.562500 0.132222 0.011667 0.015556
0 0.543333 0.162778 0.023333 0.032222
0 0.392083 0.295556 0.017500 0.024444
0 0.392500 0.356667 0.015000 0.017778
0 0.401667 0.180556 0.023333 0.032222
0 0.440833 0.193889 0.015000 0.014444
0 0.499583 0.487222 0.025833 0.038889
0 0.456667 0.486111 0.015000 0.030000
0 0.437083 0.295000 0.032500 0.036667
0 0.603750 0.180000 0.010833 0.017778
0 0.658333 0.151111 0.021667 0.013333
0 0.289583 0.454444 0.010833 0.013333
0 0.575000 0.376111 0.026667 0.036667
0 0.539167 0.363889 0.025000 0.030000
0 0.341250 0.343889 0.027500 0.032222
0 0.332917 0.209444 0.024167 0.023333
0 0.355000 0.198889 0.006667 0.017778
0 0.471250 0.247222 0.024167 0.030000
0 0.426667 0.468889 0.023333 0.035556
0 0.399583 0.465556 0.024167 0.042222
0 0.621250 0.371111 0.017500 0.017778
0 0.635000 0.411111 0.013333 0.017778
0 0.542500 0.290556 0.030000 0.041111
0 0.575833 0.297222 0.028333 0.030000
0 0.443333 0.427778 0.011667 0.008889
0 0.636667 0.501667 0.005000 0.012222
0 0.279583 0.089444 0.010833 0.021111
0 0.413750 0.258333 0.012500 0.021111
0 0.391250 0.265000 0.020833 0.027778
0 0.430833 0.378889 0.008333 0.017778
