0 0.543945 0.454102 0.009766 0.021484
0 0.584961 0.423828 0.037109 0.035156
0 0.644531 0.333984 0.035156 0.019531
0 0.678711 0.377930 0.025391 0.025391
0 0.560547 0.387695 0.027344 0.009766
0 0.547852 0.357422 0.017578 0.023438
0 0.436523 0.179688 0.033203 0.027344
0 0.420898 0.438477 0.009766 0.021484
0 0.400391 0.438477 0.015625 0.013672
0 0.663086 0.179688 0.013672 0.011719
0 0.676758 0.228516 0.021484 0.011719
0 0.624023 0.256836 0.017578 0.009766
0 0.502930 0.205078 0.021484 0.019531
0 0.412109 0.309570 0.011719 0.009766
0 0.401367 0.251953 0.025391 0.023438
0 0.573242 0.302734 0.013672 0.019531
0 0.605469 0.295898 0.015625 0.013672
0 0.510742 0.263672 0.044922 0.039062
0 0.463867 0.250000 0.017578 0.015625
0 0.465820 0.447266 0.013672 0.007812
0 0.471680 0.413086 0.025391 0.041016
0 0.500977 0.371094 0.017578 0.031250
0 0.470703 0.335938 0.027344 0.019531
0 0.416992 0.356445 0.025391 0.025391
0 0.638672 0.458984 0.027344 0.019531
0 0.638672 0.416016 0.027344 0.027344
0 0.553711 0.203125 0.033203 0.027344
