0 0.071875 0.139844 0.025000 0.023438
0 0.719531 0.671875 0.032813 0.031250
0 0.593750 0.087500 0.012500 0.018750
0 0.758594 0.675000 0.017188 0.006250
0 0.782031 0.134375 0.045312 0.040625
0 0.213281 0.133594 0.026562 0.014063
0 0.615625 0.553125 0.018750 0.034375
0 0.461719 0.740625 0.032813 0.040625
0 0.693750 0.347656 0.034375 0.020313
0 0.138281 0.165625 0.029687 0.028125
0 0.105469 0.172656 0.017188 0.017188
0 0.035937 0.161719 0.012500 0.010937
0 0.060937 0.168750 0.021875 0.021875
0 0.696094 0.172656 0.010937 0.020313
0 0.725781 0.177344 0.026562 0.029687
0 0.648438 0.316406 0.034375 0.032813
0 0.641406 0.360156 0.026562 0.020313
0 0.521875 0.888281 0.028125 0.039062
0 0.580469 0.880469 0.014063 0.020313
0 0.217969 0.171875 0.023438 0.015625
0 0.175781 0.171875 0.014063 0.018750
0 0.790625 0.059375 0.021875 0.037500
0 0.766406 0.025781 0.017188 0.014063
0 0.769531 0.714844 0.020313 0.017188
0 0.856250 0.515625 0.028125 0.028125
0 0.577344 0.267188 0.032813 0.031250
0 0.810937 0.403125 0.046875 0.046875
0 0.864062 0.403125 0.034375 0.040625
0 0.678906 0.567187 0.032813 0.021875
0 0.785937 0.644531 0.031250 0.020313
