0 0.971429 0.555866 0.014286 0.016760
0 0.913095 0.622905 0.026190 0.011173
0 0.967857 0.600559 0.021429 0.027933
0 0.934524 0.565642 0.011905 0.025140
0 0.944048 0.526536 0.016667 0.019553
0 0.972619 0.522346 0.011905 0.011173
0 0.910714 0.593575 0.016667 0.013966
0 0.947619 0.638268 0.009524 0.019553
0 0.880952 0.628492 0.014286 0.022346
0 0.883333 0.589385 0.014286 0.016760
0 0.884524 0.526536 0.026190 0.025140
0 0.916667 0.525140 0.014286 0.016760
0 0.907143 0.565642 0.014286 0.013966
0 0.880952 0.558659 0.014286 0.016760
0 0.939286 0.597765 0.016667 0.016760
0 0.976190 0.638268 0.019048 0.019553
