0 0.247559 0.513971 0.014648 0.033824
0 0.233887 0.507353 0.004883 0.014706
0 0.340820 0.717647 0.027344 0.047059
0 0.340332 0.680882 0.018555 0.014706
0 0.614746 0.325735 0.024414 0.045588
0 0.588379 0.316176 0.012695 0.017647
0 0.437988 0.337500 0.022461 0.019118
0 0.472168 0.338971 0.008789 0.016176
0 0.222168 0.364706 0.012695 0.017647
0 0.412109 0.336765 0.011719 0.023529
0 0.780273 0.584559 0.009766 0.019118
0 0.758301 0.578676 0.012695 0.025000
0 0.689941 0.425000 0.008789 0.014706
0 0.340820 0.817647 0.019531 0.032353
0 0.522461 0.250735 0.031250 0.045588
0 0.698730 0.392647 0.012695 0.014706
0 0.700684 0.352941 0.022461 0.017647
0 0.658203 0.658824 0.011719 0.011765
0 0.691406 0.555147 0.013672 0.013235
0 0.358398 0.383088 0.009766 0.010294
0 0.378906 0.382353 0.019531 0.017647
0 0.341797 0.629412 0.029297 0.044118
0 0.783203 0.375000 0.019531 0.029412
0 0.818359 0.366912 0.011719 0.025000
0 0.487305 0.361765 0.011719 0.017647
0 0.469727 0.359559 0.007812 0.013235
0 0.787598 0.461765 0.030273 0.044118
0 0.639160 0.550000 0.010742 0.014706
0 0.582520 0.424265 0.016602 0.030882
0 0.610840 0.420588 0.018555 0.032353
