0 0.203500 0.569715 0.005000 0.014993
0 0.633500 0.286357 0.019000 0.026987
0 0.690500 0.172414 0.017000 0.035982
0 0.719500 0.170915 0.013000 0.005997
0 0.710000 0.220390 0.030000 0.044978
0 0.533500 0.165667 0.029000 0.040480
0 0.549500 0.239130 0.023000 0.031484
0 0.520000 0.213643 0.024000 0.034483
0 0.525500 0.334333 0.013000 0.017991
0 0.606500 0.369565 0.021000 0.037481
0 0.601500 0.217391 0.021000 0.032984
0 0.560500 0.272864 0.017000 0.023988
0 0.837500 0.292354 0.007000 0.023988
0 0.836500 0.369565 0.013000 0.019490
0 0.755000 0.274363 0.018000 0.020990
0 0.778500 0.134933 0.009000 0.014993
0 0.656500 0.179160 0.015000 0.013493
0 0.704000 0.343328 0.008000 0.017991
0 0.685500 0.341829 0.013000 0.020990
0 0.829000 0.211394 0.012000 0.023988
0 0.788000 0.220390 0.012000 0.032984
