0 0.648438 0.853516 0.023438 0.011719
0 0.617188 0.854492 0.011719 0.009766
0 0.617188 0.959961 0.011719 0.025391
0 0.439453 0.697266 0.015625 0.019531
0 0.389648 0.694336 0.009766 0.017578
0 0.873047 0.853516 0.015625 0.011719
0 0.902344 0.852539 0.011719 0.009766
0 0.588867 0.854492 0.017578 0.009766
0 0.529297 0.853516 0.019531 0.011719
0 0.632812 0.928711 0.011719 0.009766
0 0.128906 0.870117 0.011719 0.005859
0 0.595703 0.879883 0.027344 0.025391
0 0.837891 0.843750 0.015625 0.007812
0 0.322266 0.694336 0.015625 0.017578
0 0.358398 0.764648 0.033203 0.017578
0 0.614258 0.824219 0.013672 0.007812
0 0.352539 0.720703 0.013672 0.015625
0 0.323242 0.715820 0.017578 0.009766
0 0.459961 0.742188 0.021484 0.015625
0 0.411133 0.718750 0.009766 0.011719
0 0.434570 0.720703 0.017578 0.011719
0 0.731445 0.842773 0.017578 0.009766
0 0.592773 0.916992 0.029297 0.017578
0 0.261719 0.761719 0.023438 0.019531
0 0.587891 0.963867 0.015625 0.013672
0 0.652344 0.909180 0.007812 0.017578
0 0.175781 0.876953 0.015625 0.007812
0 0.324219 0.741211 0.015625 0.017578
0 0.648438 0.883789 0.011719 0.009766
0 0.786133 0.823242 0.013672 0.009766
