0 0.155660 0.491765 0.009434 0.014118
0 0.793632 0.736471 0.021226 0.018824
0 0.839623 0.720000 0.033019 0.032941
0 0.135613 0.529412 0.021226 0.018824
0 0.083726 0.600000 0.016509 0.028235
0 0.084906 0.532941 0.023585 0.035294
0 0.649764 0.567059 0.025943 0.028235
0 0.860849 0.500000 0.014151 0.011765
0 0.793632 0.470588 0.021226 0.023529
0 0.504717 0.617647 0.014151 0.011765
0 0.562500 0.654118 0.035377 0.032941
0 0.133255 0.578824 0.021226 0.018824
0 0.619104 0.712941 0.049528 0.047059
0 0.619104 0.760000 0.025943 0.014118
0 0.696934 0.547059 0.025943 0.016471
0 0.750000 0.531765 0.033019 0.028235
0 0.610849 0.481176 0.018868 0.016471
0 0.642689 0.452941 0.021226 0.040000
0 0.108491 0.652941 0.023585 0.016471
0 0.573113 0.535294 0.014151 0.016471
0 0.800708 0.572941 0.021226 0.011765
0 0.557783 0.480000 0.049528 0.047059
0 0.500000 0.463529 0.014151 0.014118
0 0.744104 0.717647 0.040094 0.032941
0 0.693396 0.751765 0.023585 0.021176
0 0.139151 0.456471 0.009434 0.014118
0 0.751179 0.456471 0.016509 0.018824
0 0.726415 0.482353 0.014151 0.009412
0 0.158019 0.681176 0.018868 0.021176
0 0.155660 0.711765 0.014151 0.007059
