0 0.459098 0.773403 0.010017 0.016345
0 0.301753 0.403418 0.014190 0.019316
0 0.276711 0.409361 0.022538 0.034175
0 0.475793 0.505201 0.010017 0.020802
0 0.493322 0.440565 0.003339 0.016345
0 0.191987 0.317979 0.006678 0.014859
0 0.146494 0.320208 0.005843 0.019316
0 0.601419 0.685736 0.010851 0.025260
0 0.225376 0.319465 0.018364 0.014859
0 0.253339 0.289747 0.014190 0.038633
0 0.228297 0.282318 0.014190 0.023774
0 0.544240 0.789747 0.011686 0.022288
0 0.684891 0.708024 0.022538 0.040119
0 0.164023 0.408618 0.017529 0.023774
0 0.310100 0.287519 0.009182 0.025260
0 0.359766 0.370728 0.016694 0.025260
0 0.149416 0.367013 0.015025 0.032689
0 0.696160 0.617385 0.006678 0.031204
0 0.604758 0.569837 0.019199 0.028232
0 0.599332 0.608470 0.016694 0.031204
0 0.568865 0.563893 0.015860 0.034175
0 0.267947 0.341753 0.011686 0.014859
0 0.585977 0.770431 0.011686 0.028232
0 0.688230 0.508172 0.022538 0.029718
0 0.559265 0.511887 0.005008 0.025260
0 0.546327 0.502229 0.007513 0.011887
0 0.674875 0.812779 0.017529 0.041605
0 0.310518 0.366270 0.008347 0.016345
0 0.297997 0.372214 0.005008 0.013373
0 0.589316 0.473997 0.015025 0.014859
