0 0.676042 0.227778 0.018750 0.027778
0 0.500000 0.384722 0.016667 0.041667
0 0.460417 0.377778 0.008333 0.016667
0 0.640625 0.194444 0.018750 0.027778
0 0.629167 0.431944 0.016667 0.013889
0 0.601042 0.268056 0.018750 0.019444
0 0.514583 0.179167 0.008333 0.019444
0 0.668750 0.184722 0.016667 0.025000
0 0.628125 0.159722 0.014583 0.013889
0 0.657292 0.147222 0.022917 0.011111
0 0.362500 0.187500 0.016667 0.030556
0 0.579167 0.236111 0.016667 0.016667
0 0.195833 0.209722 0.033333 0.036111
0 0.641667 0.234722 0.029167 0.025000
0 0.573958 0.183333 0.031250 0.050000
0 0.631250 0.126389 0.008333 0.019444
0 0.577083 0.286111 0.012500 0.016667
0 0.196875 0.275000 0.018750 0.022222
0 0.608333 0.194444 0.020833 0.027778
0 0.507292 0.529167 0.035417 0.036111
0 0.529167 0.472222 0.012500 0.016667
0 0.378125 0.279167 0.014583 0.025000
0 0.278125 0.275000 0.018750 0.016667
0 0.270833 0.247222 0.016667 0.016667
0 0.434375 0.194444 0.018750 0.016667
0 0.382292 0.133333 0.014583 0.033333
0 0.584375 0.136111 0.010417 0.016667
0 0.609375 0.297222 0.018750 0.011111
0 0.638542 0.481944 0.022917 0.025000
0 0.671875 0.533333 0.018750 0.022222
