0 0.978125 0.185938 0.006250 0.012500
0 0.642188 0.605469 0.021875 0.014063
0 0.617969 0.597656 0.014063 0.020313
0 0.725781 0.800781 0.010937 0.017188
0 0.738281 0.828906 0.026562 0.014063
0 0.699219 0.739844 0.014063 0.014063
0 0.585156 0.503906 0.014063 0.014063
0 0.541406 0.515625 0.035937 0.043750
0 0.943750 0.919531 0.028125 0.014063
0 0.961719 0.886719 0.014063 0.007812
0 0.739844 0.546875 0.017188 0.018750
0 0.708594 0.559375 0.020313 0.015625
0 0.750781 0.649219 0.026562 0.042188
0 0.546875 0.562500 0.025000 0.021875
0 0.572656 0.565625 0.010937 0.018750
0 0.492969 0.607812 0.035937 0.037500
0 0.625781 0.562500 0.010937 0.015625
0 0.872656 0.720313 0.023438 0.018750
0 0.857812 0.746875 0.021875 0.015625
0 0.864062 0.930469 0.012500 0.014063
0 0.717969 0.920312 0.032813 0.021875
0 0.742969 0.889844 0.014063 0.007812
0 0.765625 0.775000 0.009375 0.012500
0 0.791406 0.769531 0.026562 0.020313
0 0.746875 0.523438 0.015625 0.006250
0 0.721875 0.515625 0.012500 0.021875
0 0.505469 0.645312 0.029687 0.025000
0 0.460938 0.656250 0.025000 0.028125
0 0.958594 0.808594 0.029687 0.010937
0 0.949219 0.770312 0.020313 0.021875
0 0.492188 0.560937 0.021875 0.015625
