0 0.361719 0.479687 0.032813 0.034375
0 0.468750 0.361719 0.021875 0.017188
0 0.435937 0.353906 0.012500 0.023438
0 0.407031 0.243750 0.014063 0.015625
0 0.360156 0.228125 0.020313 0.021875
0 0.055469 0.677344 0.023438 0.029687
0 0.017188 0.683594 0.012500 0.017188
0 0.309375 0.203906 0.015625 0.014063
0 0.031250 0.635156 0.021875 0.014063
0 0.082812 0.639844 0.012500 0.014063
0 0.406250 0.642969 0.031250 0.023438
0 0.343750 0.645312 0.009375 0.015625
0 0.834375 0.200781 0.012500 0.007812
0 0.808594 0.177344 0.014063 0.029687
0 0.457031 0.204687 0.026562 0.025000
0 0.424219 0.217969 0.023438 0.023438
0 0.539062 0.463281 0.040625 0.029687
0 0.380469 0.588281 0.032813 0.023438
0 0.708594 0.464844 0.014063 0.014063
0 0.760156 0.461719 0.020313 0.010937
0 0.567187 0.540625 0.037500 0.025000
0 0.373437 0.350781 0.053125 0.054688
0 0.402344 0.296875 0.007812 0.015625
0 0.653906 0.376563 0.032813 0.025000
0 0.650000 0.340625 0.040625 0.031250
0 0.103906 0.117188 0.014063 0.015625
0 0.139844 0.126562 0.029687 0.031250
0 0.127344 0.164062 0.020313 0.021875
0 0.624219 0.609375 0.029687 0.031250
0 0.260156 0.768750 0.017188 0.018750
