0 0.870130 0.444573 0.015584 0.025404
0 0.333117 0.488453 0.014286 0.025404
0 0.955195 0.293303 0.016883 0.041570
0 0.935065 0.406467 0.007792 0.013857
0 0.288961 0.317552 0.014286 0.020785
0 0.580519 0.569284 0.018182 0.030023
0 0.498701 0.590069 0.018182 0.025404
0 0.811688 0.297921 0.018182 0.036952
0 0.833117 0.271363 0.011688 0.016166
0 0.933117 0.294457 0.006494 0.025404
0 0.898701 0.308314 0.005195 0.016166
0 0.311688 0.809469 0.007792 0.011547
0 0.507792 0.487298 0.020779 0.041570
0 0.264286 0.727483 0.022078 0.036952
0 0.901948 0.237875 0.011688 0.032333
0 0.642208 0.482679 0.006494 0.018476
0 0.654545 0.517321 0.007792 0.018476
0 0.583766 0.603926 0.016883 0.020785
0 0.695455 0.538106 0.022078 0.041570
0 0.370130 0.446882 0.012987 0.030023
0 0.575974 0.431871 0.024675 0.041570
0 0.534416 0.422633 0.014286 0.027714
0 0.485714 0.476905 0.007792 0.011547
0 0.414286 0.336028 0.015584 0.030023
0 0.388312 0.349885 0.020779 0.034642
0 0.637662 0.401848 0.023377 0.046189
0 0.659740 0.448037 0.005195 0.018476
0 0.366234 0.210162 0.015584 0.027714
0 0.440909 0.239030 0.006494 0.016166
0 0.877273 0.242494 0.009091 0.009238
