0 0.730469 0.363281 0.035156 0.019531
0 0.697266 0.389648 0.015625 0.013672
0 0.873047 0.427734 0.039062 0.027344
0 0.914062 0.363281 0.027344 0.027344
0 0.743164 0.535156 0.013672 0.015625
0 0.915039 0.425781 0.025391 0.019531
0 0.630859 0.527344 0.027344 0.039062
0 0.668945 0.527344 0.013672 0.011719
0 0.877930 0.521484 0.017578 0.011719
0 0.845703 0.516602 0.027344 0.037109
0 0.892578 0.473633 0.019531 0.033203
0 0.845703 0.464844 0.007812 0.015625
0 0.829102 0.398438 0.017578 0.023438
0 0.744141 0.433594 0.023438 0.015625
0 0.814453 0.348633 0.011719 0.005859
0 0.868164 0.395508 0.025391 0.013672
0 0.835938 0.433594 0.011719 0.015625
0 0.790039 0.361328 0.017578 0.015625
0 0.791992 0.323242 0.025391 0.009766
0 0.785156 0.340820 0.011719 0.009766
0 0.875000 0.363281 0.031250 0.027344
0 0.838867 0.332031 0.013672 0.027344
0 0.651367 0.363281 0.013672 0.011719
0 0.796875 0.392578 0.007812 0.015625
0 0.839844 0.365234 0.023438 0.019531
0 0.784180 0.435547 0.009766 0.011719
0 0.809570 0.434570 0.013672 0.013672
0 0.654297 0.485352 0.019531 0.025391
0 0.916016 0.330078 0.015625 0.011719
0 0.769531 0.472656 0.023438 0.031250
