0 0.435937 0.554688 0.034375 0.037500
0 0.472656 0.584375 0.014063 0.018750
0 0.304688 0.571875 0.021875 0.025000
0 0.337500 0.561719 0.031250 0.029687
0 0.517188 0.500000 0.028125 0.025000
0 0.914844 0.298438 0.010937 0.012500
0 0.915625 0.269531 0.009375 0.014063
0 0.228125 0.442969 0.040625 0.045312
0 0.936719 0.293750 0.014063 0.015625
0 0.950781 0.267969 0.014063 0.014063
0 0.938281 0.234375 0.014063 0.012500
0 0.868750 0.149219 0.018750 0.023438
0 0.190625 0.632031 0.043750 0.039062
0 0.574219 0.453125 0.023438 0.025000
0 0.295312 0.490625 0.025000 0.021875
0 0.306250 0.625000 0.028125 0.021875
0 0.325000 0.435156 0.018750 0.020313
0 0.357031 0.447656 0.026562 0.023438
0 0.871094 0.246094 0.014063 0.014063
0 0.465625 0.618750 0.021875 0.009375
0 0.403906 0.617188 0.039062 0.031250
0 0.875781 0.292187 0.020313 0.021875
0 0.230469 0.581250 0.014063 0.021875
0 0.199219 0.566406 0.026562 0.026562
0 0.575781 0.624219 0.020313 0.039062
0 0.503906 0.621875 0.023438 0.021875
0 0.463281 0.457813 0.017188 0.021875
0 0.917188 0.193750 0.015625 0.021875
0 0.898438 0.189844 0.009375 0.020313
0 0.252344 0.498437 0.020313 0.021875
