0 0.346094 0.343750 0.029687 0.018750
0 0.432031 0.392969 0.020313 0.010937
0 0.444531 0.369531 0.014063 0.007812
0 0.352344 0.373437 0.014063 0.009375
0 0.301563 0.373437 0.018750 0.018750
0 0.309375 0.335156 0.015625 0.007812
0 0.278906 0.315625 0.023438 0.025000
0 0.307812 0.310156 0.015625 0.010937
0 0.276562 0.396094 0.015625 0.023438
0 0.398438 0.320312 0.009375 0.012500
0 0.389844 0.393750 0.010937 0.018750
0 0.407031 0.364844 0.007812 0.017188
0 0.380469 0.361719 0.020313 0.010937
0 0.332813 0.400781 0.018750 0.014063
0 0.357812 0.395313 0.009375 0.012500
0 0.396875 0.345313 0.012500 0.009375
0 0.442969 0.311719 0.014063 0.007812
0 0.444531 0.344531 0.026562 0.023438
0 0.355469 0.312500 0.017188 0.015625
