0 0.618333 0.609467 0.006667 0.017751
0 0.585000 0.662722 0.016667 0.017751
0 0.819167 0.905325 0.021667 0.035503
0 0.845000 0.893491 0.016667 0.023669
0 0.190000 0.643491 0.006667 0.008876
0 0.168333 0.636095 0.016667 0.035503
0 0.166667 0.442308 0.010000 0.014793
0 0.359167 0.408284 0.008333 0.023669
0 0.739167 0.446746 0.011667 0.011834
0 0.758333 0.480769 0.013333 0.014793
0 0.219167 0.366864 0.018333 0.035503
0 0.193333 0.380178 0.006667 0.020710
0 0.755000 0.408284 0.006667 0.023669
0 0.405000 0.887574 0.016667 0.029586
0 0.811667 0.843195 0.006667 0.023669
0 0.836667 0.852071 0.023333 0.029586
0 0.318333 0.696746 0.010000 0.020710
0 0.757500 0.625740 0.018333 0.020710
0 0.645833 0.754438 0.015000 0.017751
0 0.615000 0.652367 0.023333 0.038462
0 0.658333 0.633136 0.010000 0.035503
0 0.455833 0.618343 0.015000 0.011834
0 0.419167 0.644970 0.018333 0.035503
0 0.358333 0.671598 0.010000 0.011834
0 0.407500 0.738166 0.018333 0.032544
0 0.437500 0.741124 0.018333 0.038462
0 0.665000 0.674556 0.010000 0.011834
0 0.439167 0.825444 0.018333 0.041420
0 0.367500 0.607988 0.015000 0.038462
0 0.341667 0.639053 0.010000 0.017751
