0 0.299805 0.634766 0.041016 0.035156
0 0.325195 0.782227 0.025391 0.025391
0 0.396484 0.551758 0.007812 0.021484
0 0.355469 0.515625 0.023438 0.023438
0 0.447266 0.609375 0.019531 0.011719
0 0.195312 0.633789 0.015625 0.013672
0 0.196289 0.663086 0.017578 0.029297
0 0.186523 0.764648 0.029297 0.029297
0 0.223633 0.849609 0.041016 0.035156
0 0.440430 0.724609 0.021484 0.035156
0 0.482422 0.554688 0.015625 0.011719
0 0.439453 0.567383 0.015625 0.013672
0 0.446289 0.825195 0.033203 0.041016
0 0.278320 0.872070 0.029297 0.021484
0 0.217773 0.577148 0.009766 0.013672
0 0.217773 0.510742 0.017578 0.009766
0 0.361328 0.738281 0.007812 0.015625
0 0.406250 0.730469 0.019531 0.015625
0 0.292969 0.569336 0.011719 0.009766
0 0.267578 0.594727 0.019531 0.009766
0 0.397461 0.859375 0.017578 0.039062
0 0.378906 0.821289 0.011719 0.017578
0 0.384766 0.636719 0.019531 0.015625
0 0.392578 0.659180 0.011719 0.009766
