0 0.401392 0.281324 0.013921 0.014184
0 0.374710 0.364066 0.025522 0.028369
0 0.440835 0.297872 0.023202 0.037825
0 0.179814 0.553191 0.020882 0.033097
0 0.443155 0.453901 0.027842 0.018913
0 0.457077 0.496454 0.018561 0.018913
0 0.059165 0.430260 0.025522 0.033097
0 0.076566 0.460993 0.013921 0.009456
0 0.738979 0.594563 0.016241 0.011820
0 0.554524 0.423168 0.032483 0.033097
0 0.520882 0.420804 0.016241 0.018913
0 0.568445 0.653664 0.013921 0.016548
0 0.607889 0.645390 0.018561 0.009456
0 0.157773 0.437352 0.018561 0.028369
0 0.264501 0.485816 0.018561 0.021277
0 0.690255 0.678487 0.011601 0.014184
0 0.327146 0.329787 0.013921 0.011820
0 0.480278 0.380615 0.037123 0.037825
0 0.447796 0.382979 0.009281 0.014184
0 0.653132 0.380615 0.034803 0.018913
0 0.598608 0.387707 0.009281 0.014184
0 0.323666 0.217494 0.011601 0.033097
0 0.438515 0.247045 0.032483 0.035461
0 0.270302 0.356974 0.039443 0.033097
0 0.074246 0.505910 0.018561 0.014184
0 0.438515 0.546099 0.041763 0.042553
0 0.439675 0.608747 0.011601 0.016548
0 0.677494 0.625296 0.013921 0.016548
0 0.662413 0.600473 0.011601 0.014184
0 0.223898 0.439716 0.025522 0.028369
