0 0.404297 0.778320 0.023438 0.021484
0 0.330078 0.750977 0.023438 0.013672
0 0.362305 0.748047 0.013672 0.011719
0 0.380859 0.423828 0.039062 0.042969
0 0.345703 0.440430 0.015625 0.009766
0 0.360352 0.874023 0.021484 0.021484
0 0.363281 0.833984 0.019531 0.015625
0 0.789062 0.682617 0.015625 0.017578
0 0.863281 0.896484 0.039062 0.031250
0 0.903320 0.902344 0.017578 0.019531
0 0.144531 0.487305 0.039062 0.025391
0 0.193359 0.483398 0.015625 0.017578
0 0.961914 0.778320 0.033203 0.044922
0 0.308594 0.720703 0.019531 0.019531
0 0.442383 0.446289 0.033203 0.013672
0 0.389648 0.549805 0.017578 0.017578
0 0.332031 0.550781 0.019531 0.011719
0 0.288086 0.806641 0.017578 0.019531
0 0.414062 0.837891 0.011719 0.023438
0 0.447266 0.722656 0.015625 0.007812
0 0.447266 0.939453 0.027344 0.031250
0 0.799805 0.788086 0.021484 0.017578
0 0.794922 0.759766 0.027344 0.015625
0 0.734375 0.842773 0.042969 0.044922
0 0.180664 0.599609 0.021484 0.019531
0 0.880859 0.825195 0.042969 0.037109
0 0.882812 0.860352 0.015625 0.017578
0 0.891602 0.762695 0.037109 0.037109
0 0.360352 0.683594 0.021484 0.023438
0 0.353516 0.583008 0.011719 0.017578
