0 0.429688 0.726562 0.039062 0.023438
0 0.385742 0.740234 0.017578 0.011719
0 0.794922 0.375000 0.019531 0.039062
0 0.822266 0.525391 0.023438 0.027344
0 0.827148 0.556641 0.013672 0.015625
0 0.785156 0.676758 0.023438 0.041016
0 0.747070 0.691406 0.017578 0.019531
0 0.784180 0.442383 0.021484 0.017578
0 0.847656 0.790039 0.023438 0.021484
0 0.812500 0.784180 0.015625 0.025391
0 0.902344 0.382812 0.035156 0.031250
0 0.780273 0.604492 0.017578 0.009766
0 0.790039 0.580078 0.037109 0.019531
0 0.897461 0.583008 0.021484 0.025391
0 0.907227 0.618164 0.017578 0.021484
0 0.897461 0.472656 0.029297 0.015625
0 0.680664 0.791992 0.041016 0.033203
0 0.677734 0.836914 0.031250 0.029297
0 0.591797 0.742188 0.031250 0.039062
0 0.595703 0.702148 0.019531 0.017578
0 0.853516 0.360352 0.011719 0.005859
0 0.862305 0.408203 0.025391 0.031250
0 0.789062 0.544922 0.027344 0.023438
0 0.787109 0.505859 0.023438 0.015625
0 0.755859 0.732422 0.035156 0.042969
0 0.656250 0.723633 0.015625 0.013672
0 0.662109 0.641602 0.046875 0.044922
0 0.897461 0.531250 0.029297 0.027344
0 0.910156 0.503906 0.015625 0.011719
0 0.865234 0.605469 0.023438 0.027344
