0 0.375781 0.642969 0.026562 0.026562
0 0.369531 0.602344 0.014063 0.014063
0 0.385156 0.933594 0.026562 0.029687
0 0.525000 0.932031 0.028125 0.029687
0 0.490625 0.928906 0.018750 0.023438
0 0.517188 0.675781 0.025000 0.035937
0 0.314063 0.623437 0.028125 0.025000
0 0.318750 0.667188 0.015625 0.009375
0 0.345313 0.611719 0.021875 0.029687
0 0.346094 0.642969 0.014063 0.010937
0 0.342969 0.556250 0.020313 0.012500
0 0.410938 0.742188 0.028125 0.031250
0 0.414844 0.692187 0.017188 0.015625
0 0.411719 0.869531 0.029687 0.029687
0 0.219531 0.896094 0.035937 0.020313
0 0.179688 0.904687 0.015625 0.012500
0 0.064844 0.253906 0.039062 0.023438
0 0.102344 0.235937 0.014063 0.018750
0 0.231250 0.557031 0.034375 0.035937
0 0.430469 0.193750 0.035937 0.025000
0 0.448437 0.257812 0.031250 0.025000
0 0.409375 0.607031 0.015625 0.010937
0 0.407813 0.650781 0.025000 0.026562
0 0.378906 0.570312 0.029687 0.028125
0 0.237500 0.961719 0.015625 0.017188
0 0.164062 0.125000 0.043750 0.043750
0 0.183594 0.060156 0.035937 0.023438
0 0.351562 0.355469 0.018750 0.017188
0 0.371875 0.499219 0.009375 0.014063
0 0.371875 0.475000 0.012500 0.012500
