0 0.735352 0.453125 0.021484 0.035156
0 0.750000 0.409180 0.027344 0.025391
0 0.588867 0.212891 0.009766 0.015625
0 0.536133 0.462891 0.025391 0.039062
0 0.220703 0.500000 0.039062 0.031250
0 0.580078 0.309570 0.015625 0.005859
0 0.595703 0.339844 0.039062 0.039062
0 0.617188 0.626953 0.023438 0.011719
0 0.594727 0.541016 0.041016 0.042969
0 0.942383 0.700195 0.033203 0.029297
0 0.935547 0.664062 0.019531 0.015625
0 0.939453 0.625977 0.035156 0.037109
0 0.945312 0.594727 0.015625 0.009766
0 0.228516 0.375977 0.023438 0.021484
0 0.749023 0.170898 0.021484 0.013672
0 0.757812 0.224609 0.035156 0.035156
0 0.904297 0.778320 0.027344 0.025391
0 0.904297 0.810547 0.015625 0.015625
0 0.894531 0.851562 0.019531 0.015625
0 0.619141 0.421875 0.031250 0.039062
0 0.603516 0.490234 0.046875 0.039062
0 0.135742 0.634766 0.033203 0.042969
0 0.902344 0.622070 0.019531 0.041016
0 0.655273 0.329102 0.029297 0.037109
0 0.979492 0.817383 0.017578 0.037109
0 0.949219 0.760742 0.011719 0.013672
0 0.933594 0.733398 0.011719 0.009766
0 0.543945 0.583984 0.021484 0.027344
0 0.177734 0.451172 0.027344 0.031250
0 0.166992 0.481445 0.013672 0.009766
