0 0.741667 0.779167 0.016667 0.025000
0 0.254167 0.810417 0.016667 0.020833
0 0.504167 0.304167 0.033333 0.041667
0 0.302083 0.718750 0.029167 0.020833
0 0.677083 0.766667 0.020833 0.025000
0 0.675000 0.654167 0.025000 0.016667
0 0.625000 0.793750 0.016667 0.020833
0 0.650000 0.472917 0.016667 0.029167
0 0.166667 0.670833 0.025000 0.025000
0 0.333333 0.764583 0.025000 0.020833
0 0.291667 0.764583 0.016667 0.020833
0 0.168750 0.816667 0.020833 0.025000
0 0.081250 0.812500 0.029167 0.025000
0 0.514583 0.547917 0.029167 0.029167
0 0.864583 0.439583 0.045833 0.045833
0 0.793750 0.739583 0.037500 0.037500
0 0.866667 0.745833 0.016667 0.025000
0 0.120833 0.647917 0.025000 0.012500
0 0.793750 0.666667 0.029167 0.033333
0 0.091667 0.570833 0.016667 0.033333
0 0.677083 0.562500 0.029167 0.041667
0 0.358333 0.612500 0.025000 0.016667
0 0.604167 0.404167 0.016667 0.033333
0 0.020833 0.654167 0.016667 0.041667
0 0.070833 0.647917 0.016667 0.020833
0 0.864583 0.666667 0.029167 0.033333
0 0.595833 0.464583 0.016667 0.020833
0 0.345833 0.562500 0.033333 0.016667
0 0.027083 0.741667 0.012500 0.016667
0 0.066667 0.737500 0.016667 0.016667
