0 0.159375 0.197656 0.015625 0.017188
0 0.160156 0.228125 0.020313 0.018750
0 0.744531 0.359375 0.010937 0.009375
0 0.785937 0.351562 0.021875 0.018750
0 0.110156 0.436719 0.010937 0.014063
0 0.104688 0.392969 0.009375 0.014063
0 0.106250 0.203906 0.012500 0.026562
0 0.334375 0.692187 0.009375 0.009375
0 0.312500 0.708594 0.021875 0.023438
0 0.307812 0.678125 0.025000 0.021875
0 0.417187 0.353125 0.015625 0.018750
0 0.106250 0.125000 0.025000 0.021875
0 0.392188 0.329688 0.018750 0.015625
0 0.455469 0.333594 0.029687 0.014063
0 0.135937 0.258594 0.021875 0.029687
0 0.128125 0.210156 0.015625 0.020313
0 0.193750 0.221875 0.018750 0.009375
0 0.191406 0.271875 0.014063 0.028125
0 0.128125 0.398438 0.015625 0.009375
0 0.537500 0.281250 0.009375 0.012500
0 0.463281 0.274219 0.007812 0.017188
0 0.307031 0.553906 0.026562 0.026562
0 0.103906 0.328906 0.023438 0.023438
0 0.650781 0.267969 0.020313 0.010937
0 0.614844 0.278125 0.010937 0.021875
0 0.131250 0.365625 0.009375 0.009375
0 0.136719 0.332031 0.014063 0.010937
0 0.419531 0.665625 0.035937 0.034375
0 0.191406 0.346094 0.014063 0.014063
0 0.193750 0.305469 0.018750 0.020313
