0 0.111328 0.775391 0.011719 0.015625
0 0.096680 0.743164 0.013672 0.025391
0 0.453125 0.539062 0.042969 0.042969
0 0.408203 0.550781 0.011719 0.011719
0 0.603516 0.674805 0.023438 0.029297
0 0.576172 0.658203 0.011719 0.015625
0 0.135742 0.402344 0.025391 0.019531
0 0.254883 0.384766 0.021484 0.023438
0 0.259766 0.356445 0.011719 0.013672
0 0.310547 0.581055 0.015625 0.017578
0 0.280273 0.580078 0.021484 0.023438
0 0.380859 0.549805 0.011719 0.013672
0 0.247070 0.498047 0.025391 0.015625
0 0.121094 0.823242 0.015625 0.017578
0 0.092773 0.834961 0.017578 0.021484
0 0.338867 0.506836 0.013672 0.009766
0 0.324219 0.319336 0.035156 0.025391
0 0.343750 0.276367 0.011719 0.009766
0 0.872070 0.684570 0.033203 0.041016
0 0.150391 0.762695 0.015625 0.033203
0 0.343750 0.532227 0.011719 0.017578
0 0.710938 0.632812 0.035156 0.027344
0 0.274414 0.746094 0.021484 0.027344
0 0.227539 0.977539 0.017578 0.013672
0 0.380859 0.522461 0.015625 0.017578
0 0.166992 0.608398 0.029297 0.025391
0 0.350586 0.612305 0.017578 0.025391
0 0.378906 0.615234 0.011719 0.015625
0 0.758789 0.730469 0.033203 0.027344
0 0.500000 0.529297 0.015625 0.019531
