0 0.026367 0.917969 0.052734 0.160156
0 0.828125 0.722656 0.097656 0.285156
0 0.120117 0.257812 0.009766 0.027344
0 0.439453 0.681641 0.015625 0.011719
0 0.416992 0.872070 0.025391 0.029297
0 0.413086 0.838867 0.021484 0.013672
0 0.121094 0.792969 0.023438 0.027344
0 0.121094 0.767578 0.019531 0.007812
0 0.358398 0.908203 0.017578 0.015625
0 0.316406 0.933594 0.019531 0.015625
0 0.483398 0.666992 0.013672 0.009766
0 0.097656 0.960938 0.023438 0.027344
0 0.493164 0.683594 0.013672 0.007812
0 0.573242 0.642578 0.013672 0.011719
0 0.387695 0.925781 0.025391 0.019531
0 0.421875 0.939453 0.019531 0.011719
0 0.576172 0.682617 0.015625 0.013672
0 0.549805 0.668945 0.009766 0.013672
0 0.067383 0.947266 0.009766 0.019531
0 0.038086 0.775391 0.021484 0.023438
0 0.038086 0.803711 0.017578 0.013672
0 0.358398 0.940430 0.017578 0.009766
0 0.093750 0.893555 0.027344 0.029297
0 0.528320 0.656250 0.013672 0.011719
0 0.393555 0.903320 0.017578 0.009766
0 0.430664 0.906250 0.009766 0.019531
0 0.066406 0.888672 0.011719 0.023438
0 0.069336 0.794922 0.021484 0.019531
0 0.516602 0.681641 0.013672 0.011719
0 0.091797 0.794922 0.007812 0.015625
0 0.093750 0.769531 0.015625 0.011719
0 0.325195 0.842773 0.021484 0.025391
0 0.321289 0.899414 0.017578 0.013672
