0 0.821788 0.554688 0.028967 0.037500
0 0.731108 0.622656 0.013854 0.020313
0 0.756927 0.625781 0.020151 0.029687
0 0.540302 0.122656 0.015113 0.020313
0 0.389798 0.650781 0.008816 0.026562
0 0.317380 0.635938 0.015113 0.018750
0 0.188917 0.133594 0.020151 0.017188
0 0.233627 0.126562 0.023929 0.031250
0 0.586272 0.096094 0.013854 0.014063
0 0.476700 0.646875 0.008816 0.012500
0 0.498741 0.646875 0.025189 0.028125
0 0.435768 0.750781 0.035264 0.032813
0 0.492443 0.765625 0.017632 0.021875
0 0.146096 0.600000 0.025189 0.034375
0 0.287783 0.163281 0.008816 0.017188
0 0.358312 0.160156 0.031486 0.029687
0 0.342569 0.756250 0.022670 0.043750
0 0.376574 0.766406 0.025189 0.032813
0 0.514484 0.160938 0.016373 0.028125
0 0.468514 0.195312 0.022670 0.031250
0 0.425693 0.196094 0.015113 0.023438
0 0.136020 0.658594 0.010076 0.010937
0 0.810453 0.772656 0.021411 0.026562
0 0.529597 0.200000 0.021411 0.028125
0 0.583123 0.196875 0.030227 0.034375
0 0.159950 0.195312 0.020151 0.021875
0 0.212217 0.189844 0.021411 0.020313
0 0.403023 0.090625 0.017632 0.021875
0 0.431990 0.089844 0.010076 0.014063
0 0.469144 0.155469 0.011335 0.020313
