0 0.868329 0.368263 0.010441 0.032934
0 0.979118 0.282934 0.009281 0.035928
0 0.419374 0.178892 0.012761 0.019461
0 0.171114 0.086078 0.015081 0.010479
0 0.380510 0.120509 0.020882 0.028443
0 0.258121 0.077844 0.026682 0.029940
0 0.284223 0.078593 0.011601 0.010479
0 0.444316 0.063623 0.018561 0.010479
0 0.495360 0.069611 0.025522 0.031437
0 0.451276 0.170659 0.016241 0.032934
0 0.348028 0.171407 0.009281 0.007485
0 0.446056 0.211826 0.029002 0.031437
0 0.504060 0.217814 0.012761 0.013473
0 0.377610 0.153443 0.012761 0.019461
0 0.339907 0.123503 0.016241 0.025449
0 0.370650 0.187874 0.010441 0.013473
0 0.389791 0.189371 0.009281 0.010479
0 0.458237 0.124251 0.011601 0.032934
0 0.492459 0.113024 0.015081 0.013473
0 0.374130 0.221557 0.033643 0.038922
0 0.440255 0.119760 0.005800 0.020958
0 0.446056 0.094311 0.012761 0.011976
0 0.462877 0.084581 0.006961 0.013473
0 0.419954 0.091317 0.013921 0.017964
0 0.339907 0.150449 0.011601 0.016467
0 0.162413 0.175898 0.009281 0.016467
0 0.180974 0.184880 0.009281 0.016467
0 0.308585 0.225299 0.030162 0.043413
0 0.385731 0.089072 0.012761 0.022455
0 0.359629 0.065120 0.018561 0.040419
0 0.220418 0.111527 0.009281 0.016467
0 0.172854 0.115269 0.020882 0.023952
