0 0.245312 0.833594 0.031250 0.023438
0 0.512500 0.352344 0.037500 0.026562
0 0.453906 0.325000 0.017188 0.018750
0 0.847656 0.167187 0.017188 0.012500
0 0.471875 0.753906 0.050000 0.048438
0 0.424219 0.778125 0.014063 0.015625
0 0.816406 0.156250 0.023438 0.025000
0 0.809375 0.201563 0.012500 0.009375
0 0.275781 0.889062 0.029687 0.031250
0 0.239844 0.890625 0.020313 0.040625
0 0.375781 0.332031 0.029687 0.035937
0 0.718750 0.621875 0.037500 0.034375
0 0.712500 0.586719 0.015625 0.020313
0 0.432031 0.269531 0.026562 0.026562
0 0.767188 0.525781 0.031250 0.014063
0 0.764062 0.546875 0.015625 0.006250
0 0.285156 0.739844 0.032813 0.014063
0 0.267969 0.770312 0.017188 0.028125
0 0.785937 0.308594 0.018750 0.020313
0 0.803906 0.364063 0.020313 0.025000
0 0.752344 0.184375 0.007812 0.012500
0 0.672656 0.356250 0.035937 0.034375
0 0.664844 0.320312 0.017188 0.015625
0 0.765625 0.435937 0.040625 0.043750
0 0.817187 0.267969 0.021875 0.014063
0 0.817969 0.240625 0.010937 0.015625
0 0.146875 0.759375 0.018750 0.018750
0 0.178125 0.730469 0.012500 0.010937
0 0.667188 0.638281 0.015625 0.020313
0 0.527344 0.518750 0.035937 0.018750
