0 0.635938 0.724219 0.046875 0.045312
0 0.408594 0.666406 0.032813 0.032813
0 0.506250 0.757812 0.025000 0.009375
0 0.514062 0.735938 0.021875 0.018750
0 0.712500 0.742969 0.012500 0.017188
0 0.644531 0.781250 0.010937 0.015625
0 0.728125 0.812500 0.018750 0.040625
0 0.694531 0.801562 0.026562 0.015625
0 0.589844 0.653125 0.017188 0.015625
0 0.635156 0.666406 0.017188 0.032813
0 0.732031 0.657031 0.032813 0.029687
0 0.678906 0.675781 0.023438 0.026562
0 0.639062 0.898438 0.031250 0.037500
0 0.696094 0.910937 0.020313 0.015625
0 0.528125 0.785937 0.018750 0.018750
0 0.511719 0.665625 0.035937 0.043750
0 0.551562 0.667188 0.021875 0.015625
0 0.386719 0.816406 0.020313 0.017188
0 0.532031 0.881250 0.042188 0.031250
0 0.454688 0.750000 0.028125 0.028125
0 0.413281 0.871094 0.032813 0.039062
