0 0.709375 0.861719 0.025000 0.017188
0 0.740625 0.864844 0.025000 0.023438
0 0.770312 0.815625 0.028125 0.025000
0 0.713281 0.790625 0.020313 0.025000
0 0.717969 0.838281 0.014063 0.014063
0 0.739844 0.792188 0.017188 0.015625
0 0.770312 0.788281 0.012500 0.014063
0 0.740625 0.822656 0.018750 0.010937
0 0.677344 0.817969 0.020313 0.020313
0 0.685937 0.839063 0.018750 0.009375
0 0.680469 0.860156 0.007812 0.014063
0 0.705469 0.816406 0.014063 0.014063
0 0.683594 0.792188 0.014063 0.018750
0 0.772656 0.842969 0.017188 0.017188
0 0.769531 0.871875 0.017188 0.012500
0 0.739062 0.840625 0.009375 0.009375
