0 0.199219 0.681641 0.015625 0.015625
0 0.893555 0.732422 0.029297 0.027344
0 0.838867 0.869141 0.013672 0.015625
0 0.865234 0.845703 0.011719 0.015625
0 0.603516 0.660156 0.019531 0.023438
0 0.552734 0.625977 0.027344 0.025391
0 0.858398 0.488281 0.009766 0.015625
0 0.896484 0.525391 0.023438 0.011719
0 0.210938 0.883789 0.019531 0.025391
0 0.961914 0.716797 0.041016 0.027344
0 0.297852 0.872070 0.013672 0.009766
0 0.297852 0.843750 0.021484 0.019531
0 0.782227 0.813477 0.041016 0.041016
0 0.966797 0.861328 0.035156 0.039062
0 0.403320 0.680664 0.009766 0.017578
0 0.391602 0.847656 0.048828 0.050781
0 0.795898 0.736328 0.029297 0.027344
0 0.804688 0.686523 0.019531 0.017578
0 0.831055 0.775391 0.025391 0.027344
0 0.863281 0.767578 0.015625 0.011719
0 0.921875 0.806641 0.015625 0.015625
0 0.893555 0.802734 0.013672 0.015625
0 0.471680 0.677734 0.037109 0.039062
0 0.433594 0.685547 0.007812 0.015625
0 0.221680 0.769531 0.009766 0.015625
0 0.198242 0.806641 0.017578 0.019531
0 0.188477 0.602539 0.037109 0.029297
0 0.686523 0.593750 0.009766 0.015625
0 0.686523 0.551758 0.037109 0.021484
0 0.765625 0.737305 0.011719 0.017578
