0 0.535937 0.536719 0.012500 0.032813
0 0.568750 0.132031 0.028125 0.026562
0 0.742188 0.121094 0.009375 0.014063
0 0.823438 0.149219 0.012500 0.014063
0 0.144531 0.618750 0.023438 0.015625
0 0.100781 0.616406 0.014063 0.014063
0 0.068750 0.616406 0.021875 0.023438
0 0.130469 0.200781 0.039062 0.032813
0 0.570312 0.267969 0.034375 0.029687
0 0.515625 0.298438 0.012500 0.021875
0 0.314063 0.657813 0.043750 0.043750
0 0.337500 0.699219 0.021875 0.023438
0 0.649219 0.356250 0.032813 0.031250
0 0.668750 0.414062 0.015625 0.015625
0 0.417969 0.687500 0.039062 0.040625
0 0.403906 0.653125 0.007812 0.015625
0 0.597656 0.257031 0.007812 0.014063
0 0.547656 0.206250 0.042188 0.043750
0 0.560937 0.241406 0.015625 0.010937
0 0.617969 0.171875 0.010937 0.006250
0 0.645312 0.161719 0.015625 0.014063
0 0.403125 0.549219 0.012500 0.023438
0 0.080469 0.214844 0.026562 0.014063
0 0.082812 0.325781 0.040625 0.039062
0 0.145313 0.593750 0.021875 0.021875
0 0.578125 0.373437 0.037500 0.040625
0 0.509375 0.377344 0.009375 0.023438
0 0.507031 0.115625 0.020313 0.025000
0 0.246094 0.714063 0.032813 0.021875
0 0.909375 0.369531 0.025000 0.023438
0 0.861719 0.373437 0.045312 0.040625
