0 0.159744 0.574074 0.012780 0.014245
0 0.187700 0.589744 0.014377 0.017094
0 0.357827 0.547009 0.009585 0.017094
0 0.468850 0.603989 0.017572 0.017094
0 0.684505 0.531339 0.014377 0.014245
0 0.639776 0.555556 0.020767 0.022792
0 0.254792 0.407407 0.011182 0.022792
0 0.178115 0.397436 0.017572 0.014245
0 0.230032 0.603989 0.015974 0.011396
0 0.262780 0.613960 0.007987 0.019943
0 0.520767 0.742165 0.015974 0.025641
0 0.611022 0.746439 0.027157 0.045584
0 0.186901 0.547009 0.012780 0.028490
0 0.115815 0.541311 0.014377 0.022792
0 0.067093 0.564103 0.012780 0.022792
0 0.446486 0.555556 0.011182 0.022792
0 0.472045 0.554131 0.011182 0.019943
0 0.789936 0.685185 0.007987 0.019943
0 0.769968 0.689459 0.006390 0.017094
0 0.285942 0.494302 0.009585 0.014245
0 0.316294 0.509972 0.019169 0.028490
0 0.920927 0.676638 0.023962 0.031339
0 0.968051 0.679487 0.015974 0.019943
0 0.725240 0.548433 0.022364 0.037037
0 0.801917 0.586895 0.015974 0.028490
0 0.455272 0.401709 0.019169 0.022792
0 0.412141 0.398860 0.019169 0.028490
0 0.602236 0.575499 0.009585 0.011396
0 0.546326 0.578348 0.009585 0.022792
0 0.670927 0.611111 0.028754 0.048433
