0 0.357940 0.382170 0.008685 0.013716
0 0.332506 0.365960 0.032258 0.028678
0 0.686725 0.072319 0.013648 0.009975
0 0.710918 0.044264 0.014888 0.016209
0 0.686725 0.496259 0.018610 0.007481
0 0.522333 0.114713 0.012407 0.027431
0 0.406948 0.327307 0.039702 0.023691
0 0.421216 0.450748 0.021092 0.021197
0 0.409429 0.370948 0.019851 0.018703
0 0.333747 0.294888 0.017370 0.021197
0 0.354218 0.265586 0.013648 0.007481
0 0.822581 0.229426 0.019851 0.012469
0 0.691067 0.259975 0.039702 0.031172
0 0.325062 0.326060 0.029777 0.018703
0 0.354218 0.326060 0.016129 0.021197
0 0.264888 0.150249 0.038462 0.033666
0 0.909429 0.243766 0.022333 0.031172
0 0.857320 0.223815 0.029777 0.026185
0 0.785980 0.072319 0.028536 0.022444
0 0.746278 0.052993 0.011166 0.018703
0 0.423077 0.282419 0.029777 0.023691
0 0.596154 0.170200 0.045906 0.043641
0 0.373449 0.354115 0.024814 0.019950
0 0.419355 0.528678 0.022333 0.019950
0 0.705335 0.120948 0.026055 0.022444
0 0.445409 0.420200 0.024814 0.027431
0 0.421836 0.416459 0.007444 0.017456
0 0.585608 0.306733 0.012407 0.019950
0 0.787841 0.112219 0.044665 0.042394
0 0.746898 0.124688 0.014888 0.012469
