0 0.837891 0.408203 0.007812 0.019531
0 0.780273 0.423828 0.017578 0.015625
0 0.573242 0.325195 0.033203 0.033203
0 0.347656 0.725586 0.023438 0.021484
0 0.417969 0.321289 0.031250 0.033203
0 0.343750 0.317383 0.015625 0.017578
0 0.625000 0.324219 0.031250 0.031250
0 0.751953 0.522461 0.031250 0.025391
0 0.336914 0.232422 0.025391 0.031250
0 0.461914 0.475586 0.017578 0.017578
0 0.457031 0.789062 0.015625 0.023438
0 0.463867 0.752930 0.013672 0.013672
0 0.565430 0.270508 0.021484 0.013672
0 0.935547 0.470703 0.031250 0.027344
0 0.864258 0.472656 0.033203 0.035156
0 0.718750 0.258789 0.035156 0.044922
0 0.677734 0.288086 0.011719 0.009766
0 0.309570 0.370117 0.021484 0.021484
0 0.283203 0.408203 0.035156 0.035156
0 0.509766 0.322266 0.023438 0.023438
0 0.508789 0.358398 0.017578 0.017578
0 0.303711 0.320312 0.013672 0.015625
0 0.591797 0.400391 0.031250 0.039062
0 0.676758 0.563477 0.021484 0.017578
0 0.385742 0.942383 0.033203 0.029297
0 0.429688 0.246094 0.019531 0.015625
0 0.417969 0.211914 0.035156 0.029297
0 0.480469 0.325195 0.019531 0.021484
0 0.469727 0.286133 0.029297 0.037109
0 0.472656 0.381836 0.011719 0.017578
