0 0.378906 0.967773 0.039062 0.044922
0 0.362305 0.903320 0.017578 0.017578
0 0.348633 0.348633 0.013672 0.033203
0 0.345703 0.309570 0.031250 0.029297
0 0.285156 0.432617 0.007812 0.013672
0 0.292969 0.407227 0.011719 0.009766
0 0.352539 0.475586 0.017578 0.021484
0 0.516602 0.607422 0.013672 0.011719
0 0.517578 0.581055 0.007812 0.013672
0 0.916992 0.453125 0.021484 0.023438
0 0.363281 0.695312 0.015625 0.015625
0 0.395508 0.697266 0.013672 0.015625
0 0.389648 0.165039 0.029297 0.017578
0 0.515625 0.962891 0.035156 0.035156
0 0.455078 0.916992 0.031250 0.033203
0 0.308594 0.139648 0.023438 0.013672
0 0.290039 0.166016 0.017578 0.019531
0 0.492188 0.556641 0.027344 0.011719
0 0.275391 0.859375 0.019531 0.039062
0 0.260742 0.813477 0.009766 0.017578
0 0.377930 0.249023 0.013672 0.025391
0 0.392578 0.279297 0.015625 0.007812
0 0.759766 0.411133 0.027344 0.037109
0 0.763672 0.465820 0.035156 0.037109
0 0.892578 0.595703 0.035156 0.023438
0 0.806641 0.313477 0.011719 0.017578
0 0.795898 0.349609 0.037109 0.039062
0 0.719727 0.484375 0.025391 0.031250
0 0.666016 0.598633 0.019531 0.009766
0 0.667969 0.532227 0.031250 0.033203
