0 0.839844 0.239258 0.011719 0.025391
0 0.817383 0.238281 0.013672 0.019531
0 0.806641 0.316406 0.007812 0.015625
0 0.831055 0.280273 0.025391 0.041016
0 0.833008 0.326172 0.025391 0.019531
0 0.785156 0.272461 0.019531 0.017578
0 0.756836 0.238281 0.025391 0.019531
0 0.749023 0.270508 0.017578 0.021484
0 0.761719 0.296875 0.015625 0.007812
0 0.786133 0.235352 0.013672 0.021484
0 0.860352 0.358398 0.025391 0.021484
0 0.757812 0.332031 0.031250 0.023438
0 0.876953 0.228516 0.011719 0.019531
0 0.860352 0.322266 0.013672 0.015625
0 0.823242 0.356445 0.009766 0.013672
0 0.753906 0.361328 0.027344 0.015625
0 0.865234 0.278320 0.027344 0.037109
0 0.789062 0.375977 0.019531 0.013672
0 0.797852 0.350586 0.021484 0.009766
