0 0.254569 0.750000 0.023499 0.039432
0 0.278068 0.764984 0.007833 0.009464
0 0.393603 0.495268 0.011749 0.025237
0 0.406005 0.526814 0.015666 0.015773
0 0.263055 0.675079 0.032637 0.031546
0 0.333551 0.549685 0.011749 0.017350
0 0.303525 0.552050 0.019582 0.028391
0 0.478460 0.641167 0.016971 0.029968
0 0.332245 0.777603 0.022193 0.018927
0 0.301567 0.767350 0.013055 0.017350
0 0.530026 0.910095 0.007833 0.018927
0 0.523499 0.877760 0.015666 0.023659
0 0.180809 0.899054 0.009138 0.009464
0 0.200392 0.910095 0.011749 0.015773
0 0.526110 0.727918 0.018277 0.020505
0 0.201697 0.534700 0.019582 0.022082
0 0.230418 0.511830 0.011749 0.039432
0 0.266319 0.522871 0.023499 0.029968
0 0.476501 0.720032 0.020888 0.023659
0 0.480418 0.779968 0.018277 0.023659
0 0.315274 0.633281 0.032637 0.042587
0 0.351175 0.587539 0.018277 0.020505
0 0.556789 0.612776 0.019582 0.036278
0 0.553525 0.654574 0.013055 0.012618
0 0.545692 0.690063 0.007833 0.026814
0 0.552872 0.723186 0.022193 0.026814
0 0.526762 0.811514 0.022193 0.026814
0 0.528068 0.768927 0.019582 0.011041
0 0.399478 0.779968 0.013055 0.014196
0 0.180809 0.593849 0.016971 0.026814
