0 0.663086 0.289062 0.013672 0.011719
0 0.619141 0.288086 0.015625 0.009766
0 0.609375 0.333008 0.011719 0.009766
0 0.585938 0.328125 0.019531 0.019531
0 0.531250 0.317383 0.023438 0.025391
0 0.593750 0.236328 0.019531 0.019531
0 0.727539 0.220703 0.013672 0.015625
0 0.698242 0.214844 0.017578 0.023438
0 0.691406 0.307617 0.011719 0.021484
0 0.704102 0.332031 0.021484 0.011719
0 0.602539 0.174805 0.029297 0.025391
0 0.556641 0.177734 0.015625 0.007812
0 0.558594 0.196289 0.015625 0.009766
0 0.726562 0.179688 0.031250 0.031250
0 0.658203 0.226562 0.019531 0.039062
0 0.539062 0.270508 0.046875 0.041016
0 0.642578 0.331055 0.023438 0.017578
0 0.537109 0.233398 0.011719 0.009766
0 0.708984 0.273438 0.019531 0.019531
0 0.669922 0.177734 0.023438 0.019531
