0 0.460556 0.391304 0.014444 0.031621
0 0.497778 0.263834 0.017778 0.025692
0 0.520000 0.257905 0.015556 0.041502
0 0.410000 0.326087 0.013333 0.023715
0 0.431667 0.308300 0.012222 0.027668
0 0.464444 0.331028 0.011111 0.021739
0 0.405000 0.270751 0.021111 0.035573
0 0.560000 0.398221 0.011111 0.021739
0 0.554444 0.306324 0.017778 0.023715
0 0.405556 0.361660 0.008889 0.011858
0 0.498333 0.314229 0.018889 0.031621
0 0.520000 0.321146 0.006667 0.021739
0 0.473889 0.435771 0.012222 0.037549
0 0.481111 0.256917 0.004444 0.015810
0 0.502222 0.386364 0.006667 0.013834
0 0.508889 0.356719 0.008889 0.009881
0 0.497778 0.433794 0.013333 0.025692
0 0.520000 0.428854 0.015556 0.027668
0 0.558333 0.453557 0.016667 0.021739
0 0.538889 0.442688 0.008889 0.015810
0 0.405556 0.440711 0.024444 0.047431
0 0.539444 0.246047 0.007778 0.013834
