0 0.193069 0.589041 0.009901 0.016438
0 0.231683 0.515068 0.023762 0.032877
0 0.452475 0.286301 0.009901 0.024658
0 0.477228 0.250685 0.007921 0.008219
0 0.856436 0.720548 0.013861 0.016438
0 0.866337 0.772603 0.029703 0.032877
0 0.140594 0.927397 0.027723 0.035616
0 0.111881 0.884932 0.025743 0.027397
0 0.253465 0.663014 0.011881 0.016438
0 0.910891 0.586301 0.015842 0.016438
0 0.887129 0.584932 0.007921 0.013699
0 0.326733 0.280822 0.027723 0.041096
0 0.287129 0.268493 0.031683 0.043836
0 0.296040 0.326027 0.017822 0.027397
0 0.207921 0.743836 0.015842 0.019178
0 0.247525 0.820548 0.011881 0.024658
0 0.243564 0.276712 0.011881 0.010959
0 0.071287 0.764384 0.015842 0.010959
0 0.299010 0.626027 0.023762 0.041096
0 0.391089 0.128767 0.017822 0.021918
0 0.424752 0.132877 0.021782 0.024658
0 0.150495 0.434247 0.007921 0.013699
0 0.821782 0.484932 0.027723 0.038356
0 0.203960 0.639726 0.023762 0.035616
0 0.031683 0.847945 0.011881 0.019178
0 0.217822 0.869863 0.011881 0.024658
0 0.244554 0.871233 0.021782 0.021918
0 0.119802 0.810959 0.013861 0.016438
0 0.390099 0.195890 0.011881 0.019178
0 0.365347 0.217808 0.009901 0.024658
