0 0.288281 0.091406 0.026562 0.029687
0 0.290625 0.168750 0.028125 0.031250
0 0.192188 0.246875 0.021875 0.031250
0 0.170313 0.203125 0.009375 0.015625
0 0.903906 0.607031 0.017188 0.020313
0 0.382031 0.743750 0.020313 0.028125
0 0.346094 0.709375 0.035937 0.028125
0 0.470313 0.428125 0.021875 0.031250
0 0.247656 0.666406 0.029687 0.020313
0 0.280469 0.623437 0.014063 0.012500
0 0.518750 0.535156 0.025000 0.023438
0 0.683594 0.551562 0.026562 0.037500
0 0.645312 0.546094 0.028125 0.026562
0 0.534375 0.449219 0.046875 0.042188
0 0.487500 0.466406 0.028125 0.029687
0 0.775781 0.435156 0.020313 0.026562
0 0.189062 0.511719 0.040625 0.032813
0 0.200000 0.460938 0.028125 0.015625
0 0.499219 0.349219 0.017188 0.010937
0 0.551562 0.358594 0.015625 0.017188
0 0.164844 0.708594 0.023438 0.010937
0 0.711719 0.673438 0.017188 0.018750
0 0.453125 0.522656 0.012500 0.014063
0 0.488281 0.510156 0.020313 0.035937
0 0.393750 0.710156 0.012500 0.014063
0 0.470313 0.738281 0.015625 0.014063
0 0.435156 0.734375 0.032813 0.034375
0 0.839063 0.472656 0.018750 0.020313
0 0.611719 0.734375 0.032813 0.034375
0 0.650781 0.735938 0.023438 0.021875
