0 0.583203 0.162197 0.016406 0.033206
0 0.557813 0.153895 0.012500 0.021711
0 0.710547 0.114304 0.028906 0.047254
0 0.575391 0.078544 0.010156 0.016603
0 0.937109 0.123244 0.003906 0.019157
0 0.760156 0.212005 0.023438 0.033206
0 0.824609 0.194764 0.005469 0.011494
0 0.892969 0.201149 0.023438 0.031928
0 0.926953 0.210728 0.013281 0.022989
0 0.793750 0.065773 0.017188 0.042146
0 0.767969 0.068966 0.028125 0.043423
0 0.606250 0.106003 0.018750 0.025543
0 0.559766 0.118135 0.011719 0.019157
0 0.584375 0.216475 0.017188 0.016603
0 0.788672 0.159642 0.025781 0.043423
0 0.822656 0.160920 0.028125 0.045977
0 0.722266 0.164112 0.025781 0.039591
0 0.698047 0.161558 0.013281 0.016603
0 0.687500 0.203065 0.018750 0.033206
0 0.715234 0.213282 0.021094 0.035760
0 0.893750 0.072158 0.010937 0.014049
0 0.924609 0.173691 0.013281 0.022989
0 0.794141 0.117497 0.016406 0.030651
0 0.754687 0.123883 0.015625 0.022989
0 0.661719 0.060026 0.009375 0.030651
