0 0.134396 0.190255 0.009112 0.013921
0 0.125285 0.140371 0.013667 0.006961
0 0.238041 0.062645 0.029613 0.027842
0 0.298405 0.104408 0.036446 0.041763
0 0.300683 0.047564 0.013667 0.016241
0 0.159453 0.283063 0.018223 0.018561
0 0.233485 0.269142 0.015945 0.013921
0 0.191344 0.375870 0.018223 0.009281
0 0.243736 0.165893 0.027335 0.034803
0 0.130979 0.385151 0.025057 0.023202
0 0.304100 0.221578 0.034169 0.011601
0 0.312073 0.156613 0.018223 0.020882
0 0.126424 0.061485 0.038724 0.030162
0 0.159453 0.160093 0.018223 0.023202
0 0.249431 0.375870 0.029613 0.023202
0 0.130979 0.295824 0.015945 0.011601
0 0.120729 0.235499 0.018223 0.011601
0 0.184510 0.077726 0.013667 0.011601
0 0.175399 0.106729 0.031891 0.027842
0 0.301822 0.344548 0.038724 0.016241
0 0.297267 0.269142 0.029613 0.041763
