0 0.726562 0.701172 0.019531 0.019531
0 0.146484 0.251953 0.011719 0.015625
0 0.184570 0.245117 0.021484 0.025391
0 0.461914 0.348633 0.021484 0.033203
0 0.404297 0.345703 0.019531 0.019531
0 0.125000 0.834961 0.015625 0.013672
0 0.104492 0.832031 0.009766 0.019531
0 0.335938 0.802734 0.027344 0.015625
0 0.668945 0.961914 0.025391 0.029297
0 0.730469 0.934570 0.023438 0.037109
0 0.275391 0.833008 0.027344 0.021484
0 0.454102 0.552734 0.025391 0.019531
0 0.572266 0.861328 0.042969 0.031250
0 0.617188 0.834961 0.015625 0.021484
0 0.221680 0.711914 0.033203 0.025391
0 0.205078 0.666016 0.046875 0.039062
0 0.346680 0.194336 0.041016 0.033203
0 0.229492 0.202148 0.009766 0.021484
0 0.306641 0.860352 0.015625 0.013672
0 0.353516 0.851562 0.015625 0.007812
0 0.134766 0.801758 0.015625 0.017578
0 0.335938 0.831055 0.011719 0.009766
0 0.724609 0.854492 0.027344 0.029297
0 0.530273 0.812500 0.013672 0.015625
0 0.306641 0.238281 0.015625 0.023438
0 0.115234 0.862305 0.019531 0.013672
0 0.210938 0.882812 0.031250 0.023438
0 0.174805 0.885742 0.017578 0.017578
0 0.468750 0.276367 0.011719 0.009766
0 0.317383 0.503906 0.021484 0.023438
