0 0.712891 0.456055 0.031250 0.021484
0 0.784180 0.551758 0.013672 0.009766
0 0.752930 0.487305 0.017578 0.029297
0 0.756836 0.447266 0.013672 0.015625
0 0.804688 0.423828 0.015625 0.011719
0 0.789062 0.395508 0.011719 0.009766
0 0.750000 0.412109 0.027344 0.031250
0 0.718750 0.424805 0.015625 0.017578
0 0.710938 0.400391 0.023438 0.015625
0 0.794922 0.619141 0.027344 0.039062
0 0.840820 0.528320 0.013672 0.025391
0 0.837891 0.480469 0.039062 0.023438
0 0.835938 0.394531 0.023438 0.027344
0 0.833984 0.424805 0.011719 0.013672
0 0.755859 0.537109 0.019531 0.015625
0 0.755859 0.597656 0.027344 0.027344
0 0.726562 0.514648 0.011719 0.009766
0 0.705078 0.541992 0.015625 0.017578
0 0.718750 0.607422 0.019531 0.019531
0 0.783203 0.499023 0.011719 0.013672
0 0.796875 0.465820 0.015625 0.017578
0 0.842773 0.615234 0.025391 0.023438
0 0.840820 0.584961 0.017578 0.017578
