0 0.899414 0.236328 0.044922 0.078125
0 0.627930 0.628906 0.021484 0.027344
0 0.395508 0.585938 0.017578 0.015625
0 0.366211 0.682617 0.025391 0.033203
0 0.359375 0.639648 0.015625 0.005859
0 0.664062 0.591797 0.027344 0.019531
0 0.705078 0.575195 0.023438 0.025391
0 0.538086 0.592773 0.021484 0.033203
0 0.507812 0.586914 0.019531 0.017578
0 0.245117 0.686523 0.041016 0.044922
0 0.305664 0.692383 0.017578 0.029297
0 0.916992 0.731445 0.021484 0.025391
0 0.881836 0.735352 0.013672 0.017578
0 0.857422 0.685547 0.035156 0.035156
0 0.522461 0.688477 0.013672 0.013672
0 0.487305 0.676758 0.025391 0.025391
0 0.772461 0.547852 0.025391 0.025391
0 0.743164 0.550781 0.013672 0.019531
0 0.471680 0.594727 0.025391 0.017578
0 0.398438 0.479492 0.019531 0.029297
0 0.386719 0.643555 0.015625 0.013672
0 0.428711 0.627930 0.013672 0.025391
0 0.913086 0.615234 0.017578 0.019531
0 0.858398 0.598633 0.021484 0.017578
0 0.574219 0.431641 0.011719 0.011719
0 0.800781 0.591797 0.019531 0.039062
0 0.759766 0.601562 0.023438 0.027344
0 0.256836 0.738281 0.033203 0.035156
0 0.310547 0.761719 0.019531 0.011719
0 0.543945 0.692383 0.013672 0.009766
0 0.524414 0.651367 0.021484 0.029297
