0 0.043945 0.193359 0.087891 0.054688
0 0.587891 0.499023 0.199219 0.271484
0 0.777344 0.784180 0.019531 0.017578
0 0.418945 0.893555 0.037109 0.037109
0 0.500000 0.713867 0.019531 0.017578
0 0.500000 0.656250 0.027344 0.019531
0 0.454102 0.609375 0.013672 0.019531
0 0.415039 0.774414 0.017578 0.033203
0 0.660156 0.775391 0.039062 0.023438
0 0.593750 0.781250 0.007812 0.019531
0 0.720703 0.504883 0.050781 0.048828
0 0.435547 0.812500 0.031250 0.027344
0 0.397461 0.482422 0.013672 0.015625
0 0.440430 0.509766 0.033203 0.035156
0 0.436523 0.847656 0.013672 0.011719
0 0.718750 0.421875 0.027344 0.035156
0 0.707031 0.382812 0.019531 0.015625
0 0.683594 0.706055 0.039062 0.041016
0 0.508789 0.850586 0.021484 0.025391
0 0.507812 0.779297 0.011719 0.011719
0 0.754883 0.893555 0.017578 0.033203
0 0.722656 0.893555 0.007812 0.017578
0 0.632812 0.846680 0.011719 0.013672
0 0.621094 0.703125 0.031250 0.035156
0 0.584961 0.711914 0.013672 0.013672
0 0.397461 0.377930 0.017578 0.013672
0 0.388672 0.408203 0.007812 0.015625
0 0.631836 0.809570 0.029297 0.029297
0 0.709961 0.625977 0.013672 0.013672
0 0.733398 0.585938 0.013672 0.011719
0 0.512695 0.801758 0.013672 0.009766
0 0.467773 0.817383 0.017578 0.017578
