0 0.137008 0.721996 0.018898 0.030550
0 0.104724 0.780041 0.029921 0.032587
0 0.034646 0.875764 0.009449 0.024440
0 0.052756 0.852342 0.011024 0.018330
0 0.145669 0.663951 0.017323 0.012220
0 0.188189 0.748473 0.011024 0.014257
0 0.698425 0.568228 0.029921 0.028513
0 0.092126 0.719959 0.017323 0.022403
0 0.114173 0.725051 0.011024 0.012220
0 0.064567 0.880855 0.012598 0.014257
0 0.076378 0.857434 0.014173 0.008147
0 0.409449 0.630346 0.009449 0.014257
0 0.373228 0.655804 0.031496 0.016293
0 0.589764 0.524440 0.023622 0.030550
0 0.113386 0.745418 0.009449 0.012220
0 0.072441 0.808554 0.022047 0.024440
0 0.647244 0.590631 0.018898 0.028513
0 0.609449 0.598778 0.009449 0.016293
0 0.444094 0.451120 0.009449 0.014257
0 0.370079 0.478615 0.006299 0.012220
0 0.074016 0.760692 0.015748 0.022403
0 0.140157 0.759674 0.018898 0.020367
0 0.138583 0.790224 0.012598 0.008147
0 0.191339 0.723014 0.014173 0.020367
0 0.214173 0.719959 0.018898 0.018330
0 0.039370 0.766802 0.022047 0.022403
0 0.041732 0.715886 0.011024 0.018330
0 0.065354 0.721996 0.023622 0.026477
0 0.103150 0.864562 0.017323 0.026477
0 0.722047 0.519348 0.033071 0.036660
