0 0.294615 0.442263 0.020000 0.034642
0 0.316923 0.431871 0.009231 0.009238
0 0.298462 0.495381 0.012308 0.016166
0 0.365385 0.396074 0.013846 0.025404
0 0.253846 0.515012 0.006154 0.013857
0 0.424615 0.404157 0.018462 0.027714
0 0.350000 0.519630 0.020000 0.023095
0 0.309231 0.578522 0.009231 0.011547
0 0.290000 0.585450 0.016923 0.016166
0 0.310000 0.404157 0.013846 0.013857
0 0.269231 0.384527 0.006154 0.016166
0 0.411538 0.456120 0.010769 0.016166
0 0.472308 0.441109 0.012308 0.023095
0 0.436923 0.518476 0.021538 0.034642
0 0.365385 0.579677 0.023077 0.036952
0 0.398462 0.562356 0.012308 0.011547
0 0.458462 0.592379 0.012308 0.020785
0 0.436154 0.566975 0.013846 0.020785
0 0.224615 0.461894 0.024615 0.027714
0 0.360769 0.445727 0.013846 0.018476
0 0.380769 0.437644 0.010769 0.020785
0 0.232308 0.568129 0.024615 0.046189
0 0.203846 0.570439 0.013846 0.018476
0 0.210000 0.389145 0.013846 0.016166
