0 0.144531 0.807617 0.035156 0.033203
0 0.101562 0.807617 0.011719 0.005859
0 0.219727 0.405273 0.037109 0.044922
0 0.223633 0.451172 0.009766 0.011719
0 0.393555 0.577148 0.017578 0.033203
0 0.431641 0.524414 0.023438 0.021484
0 0.701172 0.209961 0.027344 0.017578
0 0.250000 0.813477 0.039062 0.041016
0 0.212891 0.813477 0.015625 0.017578
0 0.364258 0.945312 0.009766 0.011719
0 0.443359 0.341797 0.039062 0.035156
0 0.394531 0.341797 0.039062 0.027344
0 0.153320 0.428711 0.025391 0.029297
0 0.182617 0.381836 0.009766 0.013672
0 0.320312 0.128906 0.015625 0.015625
0 0.274414 0.863281 0.025391 0.039062
0 0.269531 0.240234 0.015625 0.007812
0 0.301758 0.352539 0.033203 0.041016
0 0.266602 0.492188 0.021484 0.027344
0 0.195312 0.896484 0.015625 0.015625
0 0.587891 0.240234 0.031250 0.035156
0 0.135742 0.919922 0.017578 0.019531
0 0.129883 0.894531 0.017578 0.011719
0 0.300781 0.198242 0.035156 0.025391
0 0.292969 0.268555 0.019531 0.017578
0 0.289062 0.434570 0.023438 0.025391
0 0.213867 0.304688 0.037109 0.031250
0 0.344727 0.340820 0.033203 0.037109
0 0.355469 0.304688 0.019531 0.015625
0 0.330078 0.815430 0.035156 0.025391
