0 0.199219 0.658203 0.023438 0.027344
0 0.164062 0.679688 0.007812 0.015625
0 0.433594 0.551758 0.019531 0.013672
0 0.367188 0.578125 0.007812 0.019531
0 0.847656 0.670898 0.035156 0.021484
0 0.526367 0.725586 0.025391 0.025391
0 0.479492 0.715820 0.037109 0.025391
0 0.654297 0.614258 0.027344 0.025391
0 0.607422 0.624023 0.019531 0.021484
0 0.485352 0.672852 0.041016 0.041016
0 0.875000 0.713867 0.027344 0.029297
0 0.828125 0.719727 0.035156 0.044922
0 0.302734 0.783203 0.019531 0.019531
0 0.126953 0.865234 0.039062 0.031250
0 0.293945 0.559570 0.033203 0.025391
0 0.262695 0.669922 0.048828 0.050781
0 0.461914 0.506836 0.013672 0.017578
0 0.541016 0.526367 0.031250 0.033203
0 0.521484 0.662109 0.015625 0.007812
0 0.523438 0.684570 0.019531 0.021484
0 0.317383 0.607422 0.013672 0.015625
0 0.271484 0.612305 0.019531 0.025391
0 0.630859 0.847656 0.019531 0.023438
0 0.281250 0.722656 0.027344 0.035156
0 0.758789 0.767578 0.033203 0.027344
0 0.705078 0.793945 0.011719 0.009766
0 0.349609 0.520508 0.035156 0.025391
0 0.432617 0.503906 0.017578 0.023438
0 0.581055 0.512695 0.029297 0.025391
0 0.650391 0.511719 0.031250 0.031250
