0 0.266406 0.660156 0.017188 0.014063
0 0.282813 0.636719 0.009375 0.014063
0 0.271875 0.713281 0.015625 0.020313
0 0.275000 0.682031 0.012500 0.017188
0 0.239063 0.538281 0.021875 0.023438
0 0.725781 0.576562 0.014063 0.021875
0 0.757031 0.573438 0.010937 0.015625
0 0.523438 0.579688 0.018750 0.018750
0 0.270313 0.583594 0.018750 0.020313
0 0.300000 0.696094 0.012500 0.029687
0 0.857812 0.801562 0.043750 0.037500
0 0.865625 0.846094 0.025000 0.032813
0 0.533594 0.814063 0.010937 0.034375
0 0.721875 0.549219 0.021875 0.020313
0 0.531250 0.554688 0.009375 0.018750
0 0.632812 0.546094 0.025000 0.023438
0 0.671875 0.497656 0.021875 0.020313
0 0.680469 0.548438 0.017188 0.015625
0 0.724219 0.618750 0.010937 0.015625
0 0.744531 0.613281 0.017188 0.023438
0 0.308594 0.657813 0.017188 0.021875
0 0.296875 0.585156 0.012500 0.023438
0 0.612500 0.616406 0.025000 0.032813
0 0.535156 0.614062 0.039062 0.031250
0 0.334375 0.611719 0.015625 0.017188
0 0.330469 0.579688 0.014063 0.015625
0 0.664844 0.614062 0.017188 0.031250
0 0.751563 0.753906 0.025000 0.020313
0 0.834375 0.550781 0.043750 0.048438
0 0.888281 0.583594 0.023438 0.029687
