0 0.604492 0.860352 0.009766 0.017578
0 0.641602 0.891602 0.029297 0.025391
0 0.679688 0.893555 0.027344 0.021484
0 0.685547 0.791992 0.035156 0.037109
0 0.323242 0.699219 0.033203 0.027344
0 0.283203 0.704102 0.019531 0.025391
0 0.724609 0.888672 0.042969 0.027344
0 0.729492 0.851562 0.029297 0.027344
0 0.788086 0.857422 0.013672 0.019531
0 0.298828 0.769531 0.039062 0.023438
0 0.777344 0.516602 0.027344 0.017578
0 0.743164 0.516602 0.025391 0.037109
0 0.498047 0.719727 0.035156 0.037109
0 0.457031 0.718750 0.027344 0.035156
0 0.405273 0.730469 0.017578 0.011719
0 0.412109 0.770508 0.015625 0.017578
0 0.664062 0.624023 0.019531 0.029297
0 0.632812 0.614258 0.023438 0.029297
0 0.839844 0.854492 0.039062 0.029297
0 0.899414 0.857422 0.025391 0.019531
0 0.402344 0.697266 0.015625 0.035156
0 0.376953 0.699219 0.019531 0.011719
0 0.586914 0.655273 0.017578 0.013672
0 0.507812 0.675781 0.035156 0.035156
0 0.893555 0.759766 0.025391 0.019531
0 0.796875 0.760742 0.015625 0.017578
0 0.489258 0.752930 0.017578 0.009766
0 0.771484 0.719727 0.027344 0.037109
0 0.708984 0.719727 0.027344 0.037109
0 0.612305 0.818359 0.029297 0.027344
