0 0.119531 0.825000 0.029687 0.028125
0 0.159375 0.859375 0.018750 0.009375
0 0.218750 0.145313 0.025000 0.025000
0 0.287500 0.739062 0.018750 0.015625
0 0.270313 0.716406 0.009375 0.014063
0 0.432031 0.434375 0.029687 0.037500
0 0.381250 0.460156 0.018750 0.035937
0 0.260156 0.442969 0.026562 0.023438
0 0.192969 0.437500 0.010937 0.012500
0 0.065625 0.709375 0.018750 0.018750
0 0.104688 0.421094 0.018750 0.023438
0 0.153125 0.393750 0.043750 0.043750
0 0.430469 0.749219 0.029687 0.026562
0 0.427344 0.792969 0.020313 0.020313
0 0.492188 0.450781 0.040625 0.026562
0 0.316406 0.278906 0.032813 0.017188
0 0.288281 0.242969 0.023438 0.029687
0 0.400781 0.928906 0.020313 0.029687
0 0.429688 0.875781 0.021875 0.032813
0 0.278125 0.660937 0.040625 0.040625
0 0.303906 0.700000 0.029687 0.025000
0 0.134375 0.097656 0.050000 0.048438
0 0.228125 0.808594 0.037500 0.039062
0 0.149219 0.728125 0.045312 0.037500
0 0.241406 0.380469 0.035937 0.023438
0 0.518750 0.295312 0.043750 0.037500
0 0.322656 0.323437 0.032813 0.028125
0 0.286719 0.571094 0.017188 0.010937
0 0.072656 0.175781 0.039062 0.039062
0 0.050000 0.138281 0.018750 0.023438
