0 0.125000 0.641602 0.011719 0.017578
0 0.102539 0.417969 0.013672 0.015625
0 0.131836 0.563477 0.021484 0.021484
0 0.130859 0.530273 0.019531 0.021484
0 0.104492 0.549805 0.017578 0.017578
0 0.102539 0.576172 0.017578 0.015625
0 0.078125 0.417969 0.019531 0.019531
0 0.086914 0.375000 0.009766 0.019531
0 0.049805 0.448242 0.009766 0.021484
0 0.052734 0.498047 0.011719 0.019531
0 0.075195 0.478516 0.013672 0.007812
0 0.053711 0.418945 0.009766 0.013672
0 0.104492 0.649414 0.009766 0.017578
0 0.105469 0.607422 0.015625 0.023438
0 0.132812 0.457031 0.023438 0.027344
0 0.054688 0.543945 0.011719 0.013672
0 0.080078 0.614258 0.007812 0.013672
0 0.130859 0.390625 0.019531 0.031250
0 0.132812 0.420898 0.019531 0.013672
0 0.103516 0.458008 0.019531 0.017578
0 0.081055 0.546875 0.013672 0.023438
0 0.078125 0.573242 0.011719 0.013672
0 0.057617 0.596680 0.013672 0.009766
0 0.059570 0.625000 0.017578 0.015625
