0 0.042969 0.531250 0.023438 0.066406
0 0.199219 0.440430 0.011719 0.037109
0 0.168945 0.453125 0.009766 0.042969
0 0.150391 0.435547 0.011719 0.046875
0 0.693359 0.364258 0.011719 0.005859
0 0.701172 0.395508 0.023438 0.017578
0 0.301758 0.282227 0.013672 0.017578
0 0.318359 0.318359 0.019531 0.019531
0 0.404297 0.362305 0.011719 0.013672
0 0.416992 0.303711 0.013672 0.009766
0 0.395508 0.302734 0.013672 0.015625
0 0.435547 0.208984 0.015625 0.007812
0 0.307617 0.375977 0.025391 0.025391
0 0.731445 0.541992 0.029297 0.029297
0 0.731445 0.573242 0.013672 0.017578
0 0.313477 0.226562 0.041016 0.035156
0 0.358398 0.268555 0.025391 0.013672
0 0.794922 0.448242 0.023438 0.017578
0 0.730469 0.500977 0.031250 0.037109
0 0.729492 0.456055 0.029297 0.037109
0 0.394531 0.277344 0.023438 0.011719
0 0.454102 0.319336 0.033203 0.044922
0 0.797852 0.567383 0.025391 0.021484
0 0.363281 0.375977 0.031250 0.021484
0 0.354492 0.350586 0.017578 0.013672
0 0.769531 0.502930 0.015625 0.017578
0 0.765625 0.456055 0.019531 0.009766
0 0.739258 0.381836 0.017578 0.021484
0 0.441406 0.276367 0.031250 0.025391
0 0.732422 0.316406 0.015625 0.011719
0 0.732422 0.280273 0.031250 0.029297
0 0.370117 0.221680 0.013672 0.009766
0 0.356445 0.310547 0.041016 0.031250
0 0.791992 0.325195 0.017578 0.013672
