0 0.494575 0.406752 0.012658 0.028939
0 0.553345 0.390675 0.010850 0.035370
0 0.526221 0.496785 0.010850 0.022508
0 0.553345 0.490354 0.007233 0.009646
0 0.418626 0.528939 0.016275 0.016077
0 0.374322 0.696141 0.007233 0.016077
0 0.455696 0.546624 0.010850 0.019293
0 0.204340 0.807074 0.025316 0.025723
0 0.705244 0.699357 0.021700 0.028939
0 0.576854 0.503215 0.010850 0.041801
0 0.556962 0.442122 0.007233 0.016077
0 0.551537 0.520900 0.007233 0.019293
0 0.662749 0.496785 0.023508 0.041801
0 0.657324 0.448553 0.019892 0.028939
0 0.332731 0.437299 0.007233 0.019293
0 0.488246 0.519293 0.021700 0.048232
0 0.528029 0.532154 0.007233 0.016077
0 0.518987 0.704180 0.018083 0.032154
0 0.732369 0.839228 0.021700 0.038585
0 0.692586 0.803859 0.018083 0.019293
0 0.249548 0.554662 0.010850 0.009646
0 0.475588 0.451768 0.010850 0.016077
0 0.623870 0.472669 0.010850 0.019293
0 0.346293 0.807074 0.016275 0.025723
0 0.278481 0.805466 0.018083 0.028939
0 0.376130 0.323151 0.007233 0.028939
0 0.340868 0.310289 0.012658 0.016077
0 0.822785 0.737942 0.021700 0.041801
0 0.784810 0.686495 0.018083 0.035370
0 0.714286 0.527331 0.010850 0.012862
