0 0.867188 0.171875 0.006250 0.012500
0 0.615625 0.207031 0.028125 0.026562
0 0.564844 0.110156 0.023438 0.035937
0 0.857812 0.304688 0.031250 0.012500
0 0.823438 0.257031 0.025000 0.029687
0 0.676562 0.075781 0.021875 0.032813
0 0.735156 0.094531 0.045312 0.035937
0 0.575781 0.250781 0.020313 0.026562
0 0.946875 0.375781 0.021875 0.023438
0 0.975000 0.416406 0.012500 0.014063
0 0.971875 0.052344 0.040625 0.029687
0 0.935937 0.263281 0.021875 0.023438
0 0.898438 0.248438 0.034375 0.028125
0 0.728125 0.309375 0.021875 0.018750
0 0.678906 0.279687 0.026562 0.015625
0 0.566406 0.394531 0.017188 0.020313
0 0.699219 0.182812 0.035937 0.025000
0 0.902344 0.177344 0.023438 0.023438
0 0.798438 0.396094 0.018750 0.023438
0 0.848437 0.403125 0.015625 0.018750
0 0.720313 0.412500 0.031250 0.025000
0 0.807031 0.045312 0.014063 0.012500
