0 0.404297 0.707031 0.039062 0.035156
0 0.469727 0.696289 0.017578 0.017578
0 0.488281 0.844727 0.007812 0.013672
0 0.152344 0.313477 0.007812 0.013672
0 0.293945 0.357422 0.017578 0.019531
0 0.400391 0.286133 0.015625 0.009766
0 0.031250 0.512695 0.027344 0.029297
0 0.094727 0.519531 0.029297 0.031250
0 0.458984 0.747070 0.011719 0.009766
0 0.312500 0.746094 0.042969 0.031250
0 0.433594 0.477539 0.015625 0.013672
0 0.844727 0.852539 0.021484 0.017578
0 0.863281 0.889648 0.027344 0.025391
0 0.453125 0.655273 0.015625 0.033203
0 0.147461 0.695312 0.013672 0.031250
0 0.095703 0.372070 0.019531 0.033203
0 0.266602 0.859375 0.029297 0.023438
0 0.329102 0.709961 0.025391 0.025391
0 0.349609 0.433594 0.027344 0.023438
0 0.299805 0.448242 0.017578 0.021484
0 0.093750 0.451172 0.039062 0.035156
0 0.026367 0.430664 0.025391 0.037109
0 0.194336 0.377930 0.041016 0.044922
0 0.598633 0.705078 0.013672 0.011719
0 0.648438 0.729492 0.027344 0.033203
0 0.185547 0.762695 0.015625 0.013672
0 0.287109 0.795898 0.039062 0.021484
0 0.739258 0.625000 0.017578 0.019531
0 0.694336 0.649414 0.009766 0.013672
0 0.267578 0.482422 0.015625 0.015625
