0 0.409180 0.459961 0.025391 0.021484
0 0.435547 0.597656 0.023438 0.019531
0 0.407227 0.649414 0.021484 0.013672
0 0.410156 0.674805 0.023438 0.021484
0 0.383789 0.676758 0.009766 0.013672
0 0.383789 0.641602 0.009766 0.017578
0 0.409180 0.537109 0.025391 0.031250
0 0.459961 0.459961 0.025391 0.021484
0 0.461914 0.489258 0.013672 0.013672
0 0.460938 0.526367 0.027344 0.033203
0 0.432617 0.633789 0.009766 0.017578
0 0.381836 0.493164 0.017578 0.013672
0 0.383789 0.462891 0.009766 0.027344
0 0.380859 0.594727 0.011719 0.013672
0 0.381836 0.571289 0.021484 0.017578
0 0.464844 0.592773 0.011719 0.013672
0 0.458984 0.674805 0.023438 0.021484
0 0.435547 0.491211 0.023438 0.021484
0 0.381836 0.514648 0.013672 0.009766
0 0.377930 0.534180 0.013672 0.013672
0 0.405273 0.605469 0.013672 0.031250
