0 0.283203 0.274414 0.023438 0.017578
0 0.340820 0.582031 0.013672 0.011719
0 0.291992 0.489258 0.017578 0.017578
0 0.324219 0.526367 0.015625 0.013672
0 0.159180 0.526367 0.025391 0.041016
0 0.193359 0.529297 0.019531 0.019531
0 0.239258 0.274414 0.021484 0.021484
0 0.172852 0.470703 0.033203 0.027344
0 0.657227 0.628906 0.017578 0.015625
0 0.630859 0.683594 0.035156 0.031250
0 0.103516 0.698242 0.035156 0.037109
0 0.106445 0.663086 0.021484 0.013672
0 0.440430 0.260742 0.017578 0.025391
0 0.403320 0.228516 0.013672 0.011719
0 0.234375 0.826172 0.019531 0.015625
0 0.941406 0.828125 0.015625 0.023438
0 0.919922 0.829102 0.011719 0.017578
0 0.857422 0.372070 0.035156 0.021484
0 0.860352 0.406250 0.029297 0.023438
0 0.318359 0.729492 0.031250 0.025391
0 0.305664 0.685547 0.037109 0.035156
0 0.722656 0.585938 0.035156 0.031250
0 0.421875 0.436523 0.039062 0.033203
0 0.073242 0.467773 0.037109 0.013672
0 0.064453 0.405273 0.031250 0.021484
0 0.222656 0.472656 0.019531 0.011719
0 0.225586 0.512695 0.017578 0.009766
0 0.122070 0.470703 0.013672 0.019531
0 0.111328 0.520508 0.035156 0.041016
0 0.686523 0.355469 0.013672 0.015625
