0 0.132867 0.794393 0.027972 0.023364
0 0.265734 0.828271 0.037296 0.021028
0 0.219114 0.836449 0.037296 0.028037
0 0.321678 0.839953 0.023310 0.025701
0 0.357809 0.855140 0.025641 0.028037
0 0.374126 0.469626 0.020979 0.028037
0 0.368298 0.519860 0.023310 0.030374
0 0.150350 0.866822 0.039627 0.028037
0 0.412587 0.559579 0.032634 0.035047
0 0.163170 0.700935 0.018648 0.023364
0 0.127040 0.699766 0.016317 0.025701
0 0.331002 0.600467 0.023310 0.037383
0 0.339161 0.561916 0.016317 0.016355
0 0.307692 0.703271 0.041958 0.042056
0 0.368298 0.691589 0.013986 0.014019
0 0.371795 0.316589 0.011655 0.016355
0 0.303030 0.557243 0.023310 0.025701
0 0.312354 0.650701 0.009324 0.016355
0 0.413753 0.353972 0.025641 0.016355
0 0.335664 0.478972 0.027972 0.023364
0 0.340326 0.446262 0.009324 0.014019
0 0.412587 0.738318 0.009324 0.014019
0 0.410256 0.841121 0.027972 0.037383
0 0.375291 0.755841 0.037296 0.039720
0 0.156177 0.922897 0.027972 0.018692
0 0.121212 0.922897 0.018648 0.014019
0 0.237762 0.705607 0.027972 0.023364
0 0.414918 0.697430 0.027972 0.035047
0 0.424242 0.766355 0.013986 0.023364
0 0.308858 0.525701 0.011655 0.014019
