0 0.084746 0.797535 0.022599 0.024648
0 0.710452 0.304577 0.025424 0.038732
0 0.837571 0.330986 0.036723 0.035211
0 0.036723 0.302817 0.022599 0.021127
0 0.659605 0.223592 0.025424 0.031690
0 0.200565 0.193662 0.022599 0.021127
0 0.145480 0.808099 0.025424 0.024648
0 0.223164 0.066901 0.016949 0.014085
0 0.721751 0.193662 0.036723 0.042254
0 0.748588 0.151408 0.011299 0.014085
0 0.144068 0.862676 0.022599 0.028169
0 0.641243 0.394366 0.011299 0.021127
0 0.669492 0.369718 0.022599 0.021127
0 0.813559 0.279930 0.028249 0.031690
0 0.812147 0.221831 0.014124 0.021127
0 0.110169 0.686620 0.016949 0.014085
0 0.090395 0.848592 0.022599 0.021127
0 0.878531 0.336268 0.016949 0.017606
0 0.656780 0.091549 0.025424 0.021127
0 0.632768 0.125000 0.011299 0.017606
0 0.172316 0.339789 0.016949 0.024648
0 0.189266 0.299296 0.011299 0.014085
0 0.115819 0.795775 0.011299 0.021127
0 0.730226 0.378521 0.042373 0.045775
0 0.252825 0.330986 0.036723 0.049296
0 0.847458 0.269366 0.011299 0.017606
0 0.836158 0.235915 0.011299 0.014085
0 0.771186 0.232394 0.011299 0.021127
0 0.096045 0.123239 0.022599 0.014085
0 0.100282 0.077465 0.031073 0.035211
