0 0.266949 0.395280 0.016949 0.011799
0 0.365819 0.514749 0.016949 0.020649
0 0.412429 0.491888 0.014124 0.013274
0 0.369350 0.419617 0.032486 0.033923
0 0.370056 0.358407 0.014124 0.017699
0 0.298729 0.325959 0.035311 0.041298
0 0.321328 0.591445 0.029661 0.029499
0 0.439266 0.576696 0.014124 0.014749
0 0.397599 0.587021 0.012712 0.014749
0 0.554379 0.569322 0.029661 0.023599
0 0.475989 0.574484 0.033898 0.036873
0 0.200565 0.325959 0.022599 0.020649
0 0.132768 0.328171 0.028249 0.025074
0 0.327684 0.500000 0.019774 0.020649
0 0.158192 0.609145 0.019774 0.017699
0 0.556497 0.312684 0.016949 0.020649
0 0.377119 0.319322 0.028249 0.028024
0 0.362288 0.264749 0.018362 0.016224
0 0.173023 0.418879 0.026836 0.038348
0 0.182203 0.477139 0.016949 0.013274
0 0.191384 0.511062 0.021186 0.019174
0 0.475282 0.398968 0.026836 0.025074
0 0.502119 0.392330 0.009887 0.011799
0 0.492938 0.489676 0.033898 0.044248
0 0.537429 0.477139 0.043785 0.048673
