0 0.230357 0.532143 0.025000 0.042857
0 0.235714 0.612500 0.014286 0.025000
0 0.917857 0.633929 0.014286 0.017857
0 0.192857 0.494643 0.014286 0.017857
0 0.192857 0.382143 0.035714 0.021429
0 0.367857 0.492857 0.021429 0.021429
0 0.657143 0.691071 0.021429 0.032143
0 0.710714 0.721429 0.021429 0.028571
0 0.550000 0.339286 0.014286 0.035714
0 0.789286 0.714286 0.021429 0.014286
0 0.762500 0.678571 0.025000 0.014286
0 0.257143 0.378571 0.014286 0.021429
0 0.632143 0.771429 0.042857 0.035714
0 0.303571 0.387500 0.021429 0.017857
0 0.226786 0.469643 0.017857 0.032143
0 0.232143 0.426786 0.014286 0.017857
0 0.692857 0.639286 0.042857 0.042857
0 0.632143 0.639286 0.035714 0.042857
0 0.485714 0.323214 0.014286 0.032143
0 0.262500 0.482143 0.017857 0.021429
0 0.185714 0.769643 0.014286 0.017857
0 0.180357 0.825000 0.025000 0.028571
0 0.564286 0.691071 0.035714 0.032143
0 0.516071 0.721429 0.017857 0.021429
0 0.787500 0.612500 0.046429 0.039286
0 0.835714 0.625000 0.014286 0.021429
0 0.153571 0.433929 0.014286 0.032143
0 0.550000 0.503571 0.028571 0.028571
0 0.492857 0.526786 0.028571 0.025000
0 0.496429 0.491071 0.014286 0.017857
