0 0.279297 0.439453 0.031250 0.023438
0 0.612305 0.381836 0.017578 0.017578
0 0.473633 0.443359 0.025391 0.027344
0 0.510742 0.438477 0.017578 0.021484
0 0.246094 0.475586 0.019531 0.017578
0 0.286133 0.473633 0.013672 0.013672
0 0.584961 0.474609 0.029297 0.031250
0 0.243164 0.415039 0.009766 0.013672
0 0.287109 0.388672 0.015625 0.011719
0 0.245117 0.385742 0.037109 0.017578
0 0.517578 0.405273 0.015625 0.013672
0 0.603516 0.443359 0.015625 0.011719
0 0.468750 0.376953 0.011719 0.019531
0 0.394531 0.389648 0.031250 0.013672
0 0.379883 0.418945 0.017578 0.013672
0 0.382812 0.472656 0.023438 0.027344
0 0.558594 0.415039 0.023438 0.021484
0 0.612305 0.416016 0.025391 0.023438
0 0.414062 0.442383 0.023438 0.021484
0 0.354492 0.444336 0.013672 0.029297
0 0.446289 0.471680 0.017578 0.013672
