0 0.475446 0.130841 0.017857 0.014019
0 0.476562 0.182243 0.020089 0.023364
0 0.429688 0.168224 0.037946 0.042056
0 0.418527 0.127336 0.033482 0.021028
0 0.488839 0.250000 0.031250 0.028037
0 0.466518 0.081776 0.026786 0.028037
0 0.482143 0.032710 0.008929 0.014019
0 0.421875 0.317757 0.031250 0.018692
0 0.370536 0.039720 0.008929 0.014019
0 0.367188 0.100467 0.024554 0.028037
0 0.532366 0.144860 0.033482 0.032710
0 0.373884 0.224299 0.033482 0.028037
0 0.376116 0.275701 0.020089 0.018692
0 0.525670 0.067757 0.024554 0.028037
0 0.545759 0.107477 0.011161 0.014019
0 0.485491 0.377336 0.024554 0.030374
0 0.414062 0.252336 0.015625 0.014019
0 0.373884 0.181075 0.029018 0.039720
0 0.362723 0.134346 0.029018 0.016355
0 0.543527 0.283879 0.020089 0.011682
0 0.520089 0.245327 0.013393 0.018692
0 0.371652 0.369159 0.051339 0.051402
0 0.524554 0.331776 0.026786 0.018692
0 0.535714 0.375000 0.026786 0.035047
0 0.417411 0.074766 0.013393 0.009346
