0 0.277778 0.542222 0.040000 0.035556
0 0.422222 0.553333 0.026667 0.031111
0 0.208889 0.204444 0.044444 0.044444
0 0.262222 0.435556 0.026667 0.035556
0 0.284444 0.377778 0.035556 0.026667
0 0.368889 0.317778 0.017778 0.013333
0 0.366667 0.524444 0.048889 0.044444
0 0.351111 0.475556 0.026667 0.017778
0 0.424444 0.282222 0.031111 0.031111
0 0.428889 0.206667 0.048889 0.040000
0 0.197778 0.444444 0.040000 0.035556
0 0.211111 0.391111 0.031111 0.017778
0 0.200000 0.537778 0.017778 0.017778
0 0.226667 0.500000 0.026667 0.022222
0 0.353333 0.417778 0.048889 0.044444
0 0.368889 0.200000 0.017778 0.026667
0 0.404444 0.384444 0.017778 0.040000
0 0.433333 0.444444 0.031111 0.035556
0 0.215556 0.328889 0.022222 0.044444
0 0.173333 0.322222 0.017778 0.022222
0 0.302222 0.306667 0.017778 0.017778
0 0.291111 0.244444 0.022222 0.035556
0 0.302222 0.175556 0.017778 0.022222
