0 0.339623 0.564457 0.021563 0.027624
0 0.247305 0.534991 0.009434 0.023941
0 0.243935 0.617864 0.021563 0.016575
0 0.303235 0.616022 0.018868 0.009208
0 0.313342 0.635359 0.014825 0.011050
0 0.243261 0.590239 0.017520 0.016575
0 0.338275 0.624309 0.013477 0.029466
0 0.338949 0.531308 0.009434 0.012891
0 0.278976 0.593002 0.010782 0.011050
0 0.302561 0.593002 0.009434 0.014733
0 0.316712 0.593923 0.008086 0.016575
0 0.307951 0.543278 0.006739 0.014733
0 0.268868 0.632597 0.012129 0.016575
0 0.269542 0.565378 0.016173 0.029466
0 0.336927 0.593002 0.005391 0.014733
0 0.241914 0.561694 0.014825 0.014733
0 0.285040 0.537753 0.009434 0.011050
0 0.312668 0.569061 0.013477 0.018416
