0 0.429091 0.803279 0.014545 0.021858
0 0.385455 0.806011 0.014545 0.027322
0 0.407273 0.868852 0.014545 0.021858
0 0.461818 0.866120 0.014545 0.027322
0 0.520000 0.806011 0.014545 0.027322
0 0.585455 0.803279 0.021818 0.021858
0 0.712727 0.855191 0.014545 0.027322
0 0.378182 0.890710 0.014545 0.021858
0 0.600000 0.885246 0.014545 0.021858
0 0.716364 0.781421 0.014545 0.021858
0 0.516364 0.901639 0.014545 0.021858
0 0.672727 0.855191 0.021818 0.027322
0 0.881818 0.920765 0.025455 0.027322
0 0.836364 0.912568 0.021818 0.021858
0 0.640000 0.830601 0.014545 0.021858
0 0.490909 0.852459 0.014545 0.021858
0 0.749091 0.830601 0.014545 0.021858
0 0.883636 0.978142 0.014545 0.021858
0 0.840000 0.980874 0.014545 0.027322
0 0.530909 0.857923 0.021818 0.021858
0 0.778182 0.983607 0.014545 0.021858
0 0.680000 0.945355 0.014545 0.021858
0 0.776364 0.808743 0.010909 0.021858
0 0.720000 0.912568 0.021818 0.021858
0 0.563636 0.863388 0.014545 0.021858
0 0.792727 0.885246 0.014545 0.021858
0 0.760000 0.885246 0.014545 0.021858
0 0.685455 0.803279 0.010909 0.021858
0 0.461818 0.808743 0.014545 0.021858
0 0.549091 0.781421 0.014545 0.021858
