0 0.204687 0.782813 0.025000 0.037500
0 0.237500 0.755469 0.009375 0.020313
0 0.555469 0.587500 0.020313 0.018750
0 0.218750 0.576562 0.025000 0.040625
0 0.250781 0.589844 0.014063 0.017188
0 0.595313 0.776563 0.018750 0.012500
0 0.576562 0.722656 0.018750 0.014063
0 0.553125 0.728125 0.012500 0.021875
0 0.271094 0.700781 0.010937 0.014063
0 0.248438 0.704688 0.006250 0.012500
0 0.528906 0.772656 0.029687 0.020313
0 0.560156 0.703125 0.010937 0.009375
0 0.460156 0.784375 0.032813 0.025000
0 0.450000 0.750781 0.012500 0.007812
0 0.320312 0.559375 0.021875 0.018750
0 0.605469 0.727344 0.007812 0.023438
0 0.366406 0.700000 0.032813 0.028125
0 0.538281 0.750781 0.014063 0.010937
0 0.471875 0.635156 0.021875 0.029687
0 0.631250 0.725781 0.021875 0.020313
0 0.589844 0.703125 0.020313 0.009375
0 0.525000 0.726562 0.025000 0.021875
0 0.646875 0.776563 0.018750 0.028125
0 0.619531 0.792188 0.014063 0.018750
0 0.603906 0.632031 0.039062 0.035937
0 0.628125 0.667969 0.009375 0.010937
0 0.617969 0.702344 0.010937 0.014063
0 0.399219 0.769531 0.045312 0.042188
0 0.350000 0.759375 0.006250 0.012500
0 0.436719 0.693750 0.023438 0.025000
