0 0.320714 0.537500 0.021429 0.035000
0 0.290000 0.536250 0.020000 0.032500
0 0.766429 0.352500 0.010000 0.015000
0 0.074286 0.267500 0.020000 0.040000
0 0.912143 0.340000 0.018571 0.020000
0 0.701429 0.315000 0.017143 0.025000
0 0.263571 0.367500 0.012857 0.025000
0 0.325000 0.388750 0.018571 0.022500
0 0.109286 0.485000 0.021429 0.040000
0 0.290714 0.397500 0.012857 0.015000
0 0.317143 0.431250 0.014286 0.042500
0 0.097143 0.253750 0.005714 0.022500
0 0.110714 0.247500 0.007143 0.015000
0 0.530000 0.448750 0.022857 0.022500
0 0.585000 0.446250 0.010000 0.012500
0 0.103571 0.335000 0.021429 0.040000
0 0.060714 0.213750 0.024286 0.032500
0 0.165000 0.221250 0.012857 0.022500
0 0.182143 0.203750 0.010000 0.012500
0 0.182143 0.625000 0.012857 0.025000
0 0.437143 0.545000 0.008571 0.010000
0 0.387857 0.536250 0.015714 0.027500
0 0.131429 0.330000 0.008571 0.010000
0 0.145000 0.312500 0.007143 0.015000
0 0.147143 0.216250 0.008571 0.022500
0 0.181429 0.537500 0.022857 0.040000
0 0.865714 0.251250 0.008571 0.017500
0 0.404286 0.763750 0.008571 0.012500
0 0.367143 0.576250 0.008571 0.012500
0 0.347143 0.595000 0.017143 0.035000
