0 0.352227 0.413008 0.018893 0.022764
0 0.375169 0.424390 0.016194 0.019512
0 0.042510 0.425203 0.020243 0.017886
0 0.066802 0.420325 0.017544 0.021138
0 0.161269 0.265041 0.014845 0.013008
0 0.197706 0.269106 0.031039 0.030894
0 0.253711 0.408130 0.013495 0.019512
0 0.274629 0.419512 0.012146 0.016260
0 0.746289 0.069106 0.021592 0.027642
0 0.772605 0.068293 0.006748 0.013008
0 0.231444 0.428455 0.012146 0.014634
0 0.226721 0.394309 0.010796 0.011382
0 0.278003 0.391057 0.013495 0.008130
0 0.865047 0.771545 0.037787 0.047154
0 0.892038 0.745528 0.005398 0.014634
0 0.048583 0.362602 0.037787 0.045528
0 0.765857 0.711382 0.041835 0.050407
0 0.702429 0.565854 0.028340 0.032520
0 0.053981 0.310569 0.029690 0.035772
0 0.028340 0.305691 0.010796 0.009756
0 0.929825 0.821951 0.035088 0.037398
0 0.156545 0.328455 0.013495 0.019512
0 0.836032 0.650407 0.006748 0.016260
0 0.818489 0.160976 0.012146 0.013008
0 0.809042 0.193496 0.014845 0.013008
0 0.041835 0.259350 0.016194 0.011382
0 0.584345 0.534959 0.016194 0.019512
0 0.367746 0.371545 0.036437 0.037398
0 0.822537 0.605691 0.017544 0.027642
0 0.698381 0.105691 0.033738 0.029268
