0 0.344531 0.073600 0.017188 0.019200
0 0.372656 0.078400 0.023438 0.022400
0 0.611719 0.183200 0.014063 0.011200
0 0.533594 0.188800 0.023438 0.012800
0 0.496094 0.171200 0.010937 0.022400
0 0.338281 0.233600 0.023438 0.022400
0 0.307812 0.212800 0.012500 0.019200
0 0.439063 0.177600 0.037500 0.038400
0 0.434375 0.084000 0.031250 0.027200
0 0.306250 0.120800 0.021875 0.020800
0 0.345313 0.124000 0.021875 0.030400
0 0.436719 0.138400 0.035937 0.011200
0 0.397656 0.126400 0.026562 0.032000
0 0.635938 0.220800 0.025000 0.025600
0 0.668750 0.228800 0.015625 0.016000
0 0.514062 0.229600 0.031250 0.030400
0 0.546875 0.239200 0.018750 0.020800
0 0.298438 0.169600 0.021875 0.025600
0 0.360938 0.176800 0.037500 0.040000
0 0.513281 0.117600 0.017188 0.017600
0 0.535156 0.112800 0.014063 0.014400
0 0.459375 0.226400 0.046875 0.046400
0 0.406250 0.224000 0.037500 0.041600
0 0.607812 0.112800 0.012500 0.014400
0 0.642188 0.126400 0.037500 0.038400
0 0.548438 0.067200 0.034375 0.022400
0 0.650000 0.084800 0.012500 0.016000
