0 0.288312 0.542885 0.018182 0.029240
0 0.148052 0.263158 0.012987 0.019493
0 0.167532 0.259259 0.010390 0.015595
0 0.210390 0.434698 0.010390 0.011696
0 0.235714 0.406433 0.016883 0.029240
0 0.506494 0.379142 0.007792 0.009747
0 0.540909 0.369396 0.006494 0.025341
0 0.322727 0.443470 0.016883 0.013645
0 0.354545 0.445419 0.007792 0.009747
0 0.348701 0.628655 0.011688 0.013645
0 0.258442 0.611111 0.010390 0.013645
0 0.265584 0.653021 0.022078 0.031189
0 0.676623 0.368421 0.018182 0.023392
0 0.082468 0.224172 0.035065 0.050682
0 0.470130 0.655945 0.007792 0.017544
0 0.138961 0.425926 0.007792 0.009747
0 0.677922 0.411306 0.018182 0.019493
0 0.120130 0.292398 0.014286 0.023392
0 0.235065 0.731969 0.015584 0.021442
0 0.487013 0.748538 0.020779 0.031189
0 0.317532 0.304094 0.019481 0.038986
0 0.269481 0.327485 0.014286 0.011696
0 0.198701 0.157895 0.012987 0.023392
0 0.225325 0.171540 0.014286 0.019493
0 0.161688 0.155945 0.032468 0.042885
0 0.583117 0.521442 0.023377 0.029240
0 0.538961 0.509747 0.010390 0.017544
0 0.038961 0.310916 0.012987 0.029240
0 0.574026 0.334308 0.007792 0.009747
0 0.570779 0.443470 0.011688 0.013645
