0 0.782723 0.760802 0.010471 0.015432
0 0.799738 0.799383 0.013089 0.018519
0 0.837696 0.399691 0.026178 0.027778
0 0.808901 0.442901 0.010471 0.015432
0 0.460733 0.813272 0.020942 0.021605
0 0.617801 0.358025 0.015707 0.024691
0 0.596859 0.396605 0.015707 0.015432
0 0.710733 0.773148 0.028796 0.040123
0 0.882199 0.547840 0.015707 0.015432
0 0.897906 0.584877 0.010471 0.021605
0 0.712042 0.893519 0.020942 0.027778
0 0.831152 0.481481 0.023560 0.012346
0 0.831152 0.444444 0.013089 0.012346
0 0.468586 0.765432 0.010471 0.024691
0 0.837696 0.842593 0.010471 0.018519
0 0.761780 0.410494 0.020942 0.024691
0 0.731675 0.424383 0.013089 0.021605
0 0.827225 0.242284 0.015707 0.021605
0 0.829843 0.294753 0.010471 0.021605
0 0.472513 0.672840 0.023560 0.037037
0 0.435864 0.677469 0.028796 0.033951
0 0.625654 0.510802 0.010471 0.021605
0 0.662304 0.557099 0.010471 0.015432
0 0.888743 0.445988 0.023560 0.033951
0 0.890052 0.399691 0.026178 0.021605
0 0.857330 0.123457 0.034031 0.043210
0 0.812827 0.152778 0.023560 0.021605
0 0.824607 0.339506 0.015707 0.012346
0 0.829843 0.905864 0.020942 0.027778
0 0.632199 0.313272 0.028796 0.033951
