0 0.652344 0.821875 0.014063 0.012500
0 0.659375 0.798438 0.015625 0.012500
0 0.660156 0.757812 0.032813 0.031250
0 0.756250 0.882031 0.025000 0.026562
0 0.723437 0.690625 0.037500 0.037500
0 0.550000 0.835938 0.012500 0.015625
0 0.547656 0.803906 0.017188 0.023438
0 0.571094 0.945312 0.048438 0.050000
0 0.575781 0.985938 0.010937 0.012500
0 0.595313 0.754687 0.018750 0.028125
0 0.560937 0.774219 0.012500 0.004687
0 0.660937 0.942187 0.028125 0.028125
0 0.586719 0.823438 0.032813 0.031250
0 0.549219 0.750781 0.029687 0.017188
0 0.627344 0.928906 0.010937 0.014063
0 0.621875 0.954688 0.015625 0.012500
0 0.587500 0.886719 0.031250 0.029687
0 0.482031 0.819531 0.026562 0.010937
0 0.489063 0.840625 0.006250 0.012500
0 0.653906 0.875000 0.023438 0.021875
0 0.597656 0.663281 0.014063 0.032813
0 0.482812 0.918750 0.025000 0.025000
0 0.501563 0.956250 0.040625 0.034375
0 0.621875 0.805469 0.018750 0.007812
0 0.584375 0.851562 0.012500 0.012500
0 0.546875 0.864062 0.009375 0.012500
0 0.664062 0.729688 0.009375 0.012500
0 0.737500 0.954688 0.015625 0.015625
0 0.726562 0.982812 0.015625 0.015625
0 0.628125 0.764062 0.015625 0.028125
