0 0.278320 0.587891 0.017578 0.023438
0 0.255859 0.556641 0.015625 0.011719
0 0.268555 0.617188 0.021484 0.019531
0 0.240234 0.616211 0.019531 0.021484
0 0.736328 0.692383 0.019531 0.021484
0 0.495117 0.882812 0.021484 0.035156
0 0.838867 0.875000 0.017578 0.015625
0 0.229492 0.565430 0.017578 0.025391
0 0.335938 0.821289 0.011719 0.005859
0 0.361328 0.821289 0.011719 0.009766
0 0.697266 0.852539 0.019531 0.025391
0 0.286133 0.796875 0.017578 0.011719
0 0.296875 0.628906 0.007812 0.015625
0 0.477539 0.652344 0.013672 0.031250
0 0.875000 0.847656 0.027344 0.031250
0 0.838867 0.847656 0.017578 0.019531
0 0.208984 0.519531 0.007812 0.019531
0 0.232422 0.519531 0.015625 0.015625
0 0.689453 0.914062 0.019531 0.019531
0 0.725586 0.916016 0.029297 0.023438
0 0.333008 0.620117 0.033203 0.041016
0 0.661133 0.891602 0.009766 0.017578
0 0.221680 0.654297 0.021484 0.027344
0 0.879883 0.960938 0.025391 0.023438
0 0.822266 0.956055 0.019531 0.033203
0 0.172852 0.795898 0.021484 0.009766
0 0.362305 0.577148 0.013672 0.017578
0 0.594727 0.846680 0.029297 0.029297
0 0.654297 0.851562 0.019531 0.023438
0 0.483398 0.583008 0.029297 0.025391
