0 0.243750 0.367969 0.018750 0.020313
0 0.262500 0.395313 0.012500 0.012500
0 0.781250 0.582031 0.037500 0.026562
0 0.653906 0.510938 0.014063 0.012500
0 0.678906 0.502344 0.023438 0.023438
0 0.213281 0.103906 0.029687 0.029687
0 0.210156 0.396094 0.026562 0.029687
0 0.652344 0.540625 0.014063 0.018750
0 0.796094 0.460156 0.014063 0.020313
0 0.790625 0.439063 0.031250 0.009375
0 0.178906 0.140625 0.023438 0.021875
0 0.165625 0.081250 0.012500 0.015625
0 0.170313 0.046875 0.034375 0.015625
0 0.125000 0.163281 0.012500 0.010937
0 0.132812 0.206250 0.031250 0.031250
0 0.128125 0.279687 0.040625 0.037500
0 0.114844 0.240625 0.010937 0.015625
0 0.673438 0.454688 0.031250 0.021875
0 0.732031 0.585938 0.035937 0.025000
0 0.831250 0.439844 0.037500 0.023438
0 0.134375 0.101562 0.021875 0.015625
0 0.121875 0.043750 0.025000 0.028125
0 0.847656 0.496875 0.010937 0.018750
0 0.825781 0.483594 0.014063 0.010937
0 0.214844 0.183594 0.032813 0.042188
0 0.231250 0.145313 0.006250 0.015625
0 0.264062 0.257812 0.028125 0.025000
0 0.722656 0.439844 0.029687 0.014063
0 0.718750 0.461719 0.015625 0.017188
0 0.831250 0.589063 0.015625 0.015625
