0 0.070312 0.756836 0.015625 0.021484
0 0.090820 0.789062 0.013672 0.011719
0 0.403320 0.665039 0.021484 0.013672
0 0.557617 0.679688 0.017578 0.015625
0 0.523438 0.678711 0.011719 0.013672
0 0.071289 0.728516 0.009766 0.015625
0 0.228516 0.909180 0.015625 0.013672
0 0.092773 0.825195 0.017578 0.025391
0 0.068359 0.824219 0.015625 0.015625
0 0.116211 0.762695 0.017578 0.033203
0 0.315430 0.695312 0.009766 0.015625
0 0.250977 0.934570 0.017578 0.009766
0 0.204102 0.909180 0.017578 0.013672
0 0.044922 0.803711 0.023438 0.009766
0 0.252930 0.909180 0.009766 0.013672
0 0.334961 0.679688 0.013672 0.015625
0 0.115234 0.794922 0.015625 0.011719
0 0.295898 0.911133 0.013672 0.009766
0 0.477539 0.697266 0.017578 0.011719
0 0.443359 0.696289 0.007812 0.013672
0 0.337891 0.711914 0.011719 0.013672
0 0.041992 0.833008 0.009766 0.013672
0 0.101562 0.719727 0.011719 0.005859
0 0.274414 0.923828 0.005859 0.011719
0 0.125000 0.727539 0.007812 0.017578
0 0.392578 0.683594 0.015625 0.007812
0 0.091797 0.766602 0.011719 0.017578
0 0.292969 0.893555 0.015625 0.009766
0 0.219727 0.935547 0.013672 0.011719
0 0.046875 0.769531 0.015625 0.011719
