0 0.636364 0.293883 0.019139 0.029255
0 0.643541 0.337766 0.009569 0.015957
0 0.288278 0.772606 0.021531 0.023936
0 0.559809 0.095745 0.014354 0.015957
0 0.561005 0.136968 0.016746 0.018617
0 0.516746 0.131649 0.038278 0.029255
0 0.631579 0.190160 0.033493 0.034574
0 0.595694 0.381649 0.014354 0.013298
0 0.547847 0.602394 0.009569 0.007979
0 0.449761 0.658245 0.009569 0.013298
0 0.638756 0.083777 0.023923 0.023936
0 0.697368 0.769947 0.021531 0.013298
0 0.293062 0.696809 0.035885 0.021277
0 0.594498 0.263298 0.021531 0.021277
0 0.498804 0.792553 0.011962 0.015957
0 0.556220 0.755319 0.031100 0.026596
0 0.595694 0.130319 0.033493 0.026596
0 0.666268 0.708777 0.040670 0.045213
0 0.313397 0.648936 0.028708 0.037234
0 0.272727 0.668883 0.014354 0.013298
0 0.502392 0.714096 0.023923 0.029255
0 0.279904 0.585106 0.023923 0.021277
0 0.346890 0.597074 0.019139 0.018617
0 0.592105 0.659574 0.011962 0.015957
0 0.551435 0.408245 0.026316 0.023936
0 0.552632 0.328457 0.009569 0.013298
0 0.541866 0.279255 0.011962 0.021277
0 0.446172 0.704787 0.016746 0.015957
0 0.519139 0.203457 0.009569 0.007979
0 0.555024 0.218085 0.038278 0.037234
