0 0.737500 0.153125 0.037500 0.037500
0 0.514844 0.410938 0.029687 0.025000
0 0.520312 0.453125 0.037500 0.018750
0 0.614062 0.446094 0.028125 0.029687
0 0.646875 0.390625 0.037500 0.031250
0 0.827344 0.296875 0.042188 0.046875
0 0.779687 0.314844 0.012500 0.007812
0 0.479687 0.246094 0.012500 0.014063
0 0.438281 0.241406 0.014063 0.014063
0 0.850000 0.472656 0.012500 0.010937
0 0.866406 0.087500 0.020313 0.015625
0 0.844531 0.110937 0.010937 0.009375
0 0.608594 0.484375 0.020313 0.021875
0 0.635938 0.489844 0.012500 0.010937
0 0.835156 0.138281 0.014063 0.017188
0 0.846094 0.168750 0.032813 0.012500
0 0.627344 0.292969 0.026562 0.029687
0 0.674219 0.298438 0.010937 0.018750
0 0.362500 0.682031 0.009375 0.017188
0 0.745313 0.200000 0.040625 0.031250
0 0.534375 0.235156 0.021875 0.042188
0 0.557031 0.177344 0.010937 0.026562
0 0.619531 0.182031 0.026562 0.035937
0 0.524219 0.639844 0.017188 0.007812
0 0.470313 0.640625 0.012500 0.009375
0 0.600781 0.525781 0.032813 0.029687
0 0.711719 0.326562 0.029687 0.037500
0 0.742188 0.374219 0.025000 0.023438
0 0.439844 0.292969 0.026562 0.020313
0 0.824219 0.195312 0.014063 0.015625
