0 0.734375 0.208008 0.031250 0.021484
0 0.754883 0.303711 0.017578 0.017578
0 0.552734 0.333008 0.023438 0.029297
0 0.518555 0.344727 0.013672 0.017578
0 0.659180 0.662109 0.029297 0.027344
0 0.932617 0.470703 0.017578 0.023438
0 0.878906 0.548828 0.027344 0.023438
0 0.732422 0.569336 0.011719 0.013672
0 0.765625 0.599609 0.035156 0.035156
0 0.635742 0.457031 0.009766 0.019531
0 0.577148 0.460938 0.013672 0.011719
0 0.760742 0.537109 0.017578 0.023438
0 0.735352 0.530273 0.009766 0.021484
0 0.690430 0.251953 0.037109 0.042969
0 0.647461 0.193359 0.013672 0.011719
0 0.851562 0.416016 0.019531 0.019531
0 0.837891 0.333984 0.039062 0.039062
0 0.529297 0.582031 0.019531 0.015625
0 0.539062 0.520508 0.039062 0.029297
0 0.666016 0.534180 0.031250 0.025391
0 0.700195 0.512695 0.017578 0.033203
0 0.911133 0.288086 0.041016 0.025391
0 0.912109 0.240234 0.019531 0.023438
0 0.765625 0.492188 0.031250 0.035156
0 0.749023 0.445312 0.017578 0.015625
0 0.657227 0.485352 0.013672 0.021484
0 0.685547 0.448242 0.015625 0.017578
0 0.614258 0.194336 0.017578 0.021484
0 0.577148 0.231445 0.009766 0.013672
0 0.759766 0.410156 0.035156 0.039062
