0 0.741211 0.694336 0.017578 0.013672
0 0.825195 0.823242 0.025391 0.017578
0 0.787109 0.826172 0.015625 0.015625
0 0.717773 0.769531 0.021484 0.023438
0 0.750000 0.774414 0.027344 0.025391
0 0.612305 0.764648 0.041016 0.041016
0 0.601562 0.836914 0.015625 0.017578
0 0.639648 0.821289 0.025391 0.025391
0 0.646484 0.711914 0.042969 0.044922
0 0.610352 0.705078 0.013672 0.011719
0 0.558594 0.692383 0.015625 0.009766
0 0.803711 0.759766 0.025391 0.019531
0 0.549805 0.861328 0.037109 0.019531
0 0.810547 0.730469 0.015625 0.011719
0 0.632812 0.870117 0.027344 0.017578
0 0.662109 0.885742 0.015625 0.013672
0 0.746094 0.875977 0.031250 0.033203
0 0.714844 0.885742 0.011719 0.029297
0 0.721680 0.811523 0.033203 0.025391
0 0.682617 0.809570 0.013672 0.029297
0 0.846680 0.895508 0.009766 0.017578
0 0.784180 0.855469 0.017578 0.011719
0 0.519531 0.775391 0.035156 0.027344
0 0.568359 0.752930 0.019531 0.021484
0 0.542969 0.812500 0.019531 0.023438
0 0.502930 0.826172 0.025391 0.023438
