0 0.892157 0.814951 0.006536 0.017157
0 0.909314 0.813725 0.008170 0.019608
0 0.722222 0.714461 0.013072 0.026961
0 0.279412 0.549020 0.009804 0.014706
0 0.254902 0.577206 0.013072 0.022059
0 0.378268 0.691176 0.024510 0.039216
0 0.412582 0.140931 0.027778 0.026961
0 0.442810 0.137255 0.006536 0.019608
0 0.108660 0.414216 0.021242 0.044118
0 0.133170 0.424020 0.008170 0.014706
0 0.488562 0.627451 0.009804 0.014706
0 0.460784 0.606618 0.019608 0.026961
0 0.260621 0.444853 0.027778 0.017157
0 0.294118 0.627451 0.006536 0.019608
0 0.251634 0.655637 0.009804 0.031863
0 0.422386 0.574755 0.011438 0.022059
0 0.472222 0.568627 0.006536 0.014706
0 0.481209 0.153186 0.014706 0.022059
0 0.548203 0.161765 0.011438 0.019608
0 0.414216 0.292892 0.017974 0.041667
0 0.264706 0.295343 0.026144 0.046569
0 0.310458 0.269608 0.029412 0.044118
0 0.196895 0.508578 0.011438 0.022059
0 0.251634 0.702206 0.009804 0.036765
0 0.206699 0.424020 0.024510 0.019608
0 0.173203 0.334559 0.022876 0.036765
0 0.162582 0.372549 0.014706 0.019608
0 0.410948 0.050245 0.014706 0.026961
0 0.346405 0.197304 0.016340 0.031863
0 0.421569 0.224265 0.019608 0.041667
0 0.186275 0.645833 0.032680 0.051471
0 0.218954 0.650735 0.016340 0.017157
