0 0.313966 0.700000 0.027619 0.079630
0 0.253125 0.465972 0.020313 0.015278
0 0.219531 0.491667 0.015625 0.022222
0 0.695312 0.368750 0.014063 0.029167
0 0.721875 0.379861 0.017188 0.037500
0 0.808203 0.839583 0.010156 0.023611
0 0.787109 0.863194 0.021094 0.043056
0 0.674609 0.625694 0.007031 0.015278
0 0.730469 0.621528 0.023438 0.037500
0 0.623437 0.940972 0.017188 0.029167
0 0.412109 0.449306 0.008594 0.023611
0 0.407422 0.493750 0.013281 0.018056
0 0.920703 0.624306 0.005469 0.018056
0 0.901563 0.621528 0.014063 0.026389
0 0.366797 0.421528 0.028906 0.051389
0 0.342969 0.430556 0.012500 0.025000
0 0.516406 0.860417 0.018750 0.026389
0 0.593750 0.472917 0.007812 0.015278
0 0.648828 0.443750 0.019531 0.023611
0 0.576953 0.577778 0.017969 0.033333
0 0.210156 0.418056 0.007812 0.008333
0 0.248438 0.430556 0.014063 0.022222
0 0.884375 0.093056 0.021875 0.016667
0 0.853125 0.066667 0.021875 0.027778
0 0.630078 0.864583 0.024219 0.037500
0 0.914062 0.848611 0.010937 0.013889
0 0.742969 0.473611 0.006250 0.019444
0 0.691406 0.532639 0.006250 0.018056
0 0.633984 0.829861 0.005469 0.018056
0 0.621094 0.826389 0.014063 0.025000
0 0.238281 0.531944 0.023438 0.038889
