0 0.473633 0.530273 0.025391 0.017578
0 0.478516 0.565430 0.011719 0.013672
0 0.473633 0.643555 0.021484 0.037109
0 0.448242 0.423828 0.025391 0.035156
0 0.453125 0.374023 0.011719 0.009766
0 0.452148 0.254883 0.013672 0.009766
0 0.448242 0.307617 0.025391 0.037109
0 0.427734 0.387695 0.011719 0.021484
0 0.417969 0.307617 0.011719 0.013672
0 0.422852 0.257812 0.017578 0.019531
0 0.399414 0.549805 0.021484 0.025391
0 0.389648 0.486328 0.009766 0.027344
0 0.395508 0.609375 0.017578 0.027344
0 0.404297 0.345703 0.011719 0.015625
0 0.447266 0.477539 0.015625 0.013672
0 0.482422 0.342773 0.007812 0.013672
0 0.478516 0.423828 0.019531 0.031250
0 0.422852 0.648438 0.017578 0.023438
0 0.444336 0.619141 0.013672 0.015625
0 0.446289 0.591797 0.017578 0.015625
0 0.426758 0.523438 0.017578 0.019531
0 0.416992 0.481445 0.013672 0.013672
0 0.397461 0.408203 0.013672 0.015625
0 0.394531 0.375000 0.019531 0.019531
