0 0.575781 0.828906 0.035937 0.026562
0 0.517969 0.831250 0.029687 0.021875
0 0.712500 0.521875 0.043750 0.031250
0 0.650781 0.346875 0.023438 0.031250
0 0.714844 0.279687 0.014063 0.009375
0 0.583594 0.382812 0.032813 0.031250
0 0.440625 0.828125 0.031250 0.031250
0 0.411719 0.841406 0.014063 0.007812
0 0.317188 0.737500 0.009375 0.009375
0 0.343750 0.671094 0.025000 0.023438
0 0.582031 0.882812 0.014063 0.021875
0 0.714844 0.317969 0.029687 0.026562
0 0.746094 0.432031 0.020313 0.020313
0 0.785156 0.414844 0.020313 0.014063
0 0.526563 0.310156 0.031250 0.007812
0 0.484375 0.346875 0.031250 0.031250
0 0.660937 0.884375 0.028125 0.025000
0 0.614844 0.885938 0.026562 0.028125
0 0.785156 0.278906 0.023438 0.017188
0 0.636719 0.280469 0.032813 0.029687
0 0.510938 0.477344 0.018750 0.032813
0 0.482812 0.501563 0.025000 0.037500
0 0.487500 0.750781 0.025000 0.026562
0 0.521875 0.753125 0.015625 0.021875
0 0.637500 0.390625 0.021875 0.018750
0 0.664844 0.384375 0.017188 0.009375
0 0.607812 0.831250 0.009375 0.021875
0 0.657813 0.478125 0.025000 0.034375
0 0.660937 0.445312 0.009375 0.012500
0 0.444531 0.864062 0.023438 0.015625
