0 0.226562 0.478516 0.011719 0.035156
0 0.751953 0.689453 0.031250 0.019531
0 0.750000 0.658203 0.023438 0.019531
0 0.759766 0.819336 0.023438 0.025391
0 0.752930 0.791992 0.033203 0.013672
0 0.758789 0.446289 0.037109 0.025391
0 0.035156 0.176758 0.039062 0.044922
0 0.069336 0.176758 0.009766 0.017578
0 0.615234 0.415039 0.035156 0.037109
0 0.576172 0.343750 0.023438 0.015625
0 0.599609 0.547852 0.035156 0.037109
0 0.602539 0.605469 0.017578 0.035156
0 0.239258 0.224609 0.017578 0.011719
0 0.812500 0.679688 0.023438 0.019531
0 0.802734 0.706055 0.011719 0.009766
0 0.046875 0.274414 0.035156 0.037109
0 0.828125 0.587891 0.031250 0.015625
0 0.292969 0.528320 0.007812 0.013672
0 0.163086 0.217773 0.017578 0.017578
0 0.204102 0.208984 0.017578 0.011719
0 0.318359 0.458984 0.039062 0.031250
0 0.860352 0.624023 0.033203 0.025391
0 0.177734 0.461914 0.011719 0.013672
0 0.159180 0.459961 0.009766 0.017578
0 0.652344 0.683594 0.035156 0.035156
0 0.638672 0.714844 0.011719 0.011719
0 0.850586 0.801758 0.041016 0.033203
0 0.551758 0.430664 0.013672 0.017578
0 0.525391 0.446289 0.019531 0.017578
0 0.023438 0.238281 0.011719 0.015625
0 0.060547 0.223633 0.011719 0.029297
