0 0.719203 0.480216 0.025362 0.025180
0 0.929348 0.307554 0.025362 0.032374
0 0.913043 0.345324 0.014493 0.014388
0 0.855072 0.143885 0.021739 0.028777
0 0.744565 0.537770 0.032609 0.017986
0 0.773551 0.474820 0.018116 0.021583
0 0.641304 0.406475 0.036232 0.014388
0 0.530797 0.388489 0.039855 0.028777
0 0.943841 0.645683 0.018116 0.017986
0 0.474638 0.354317 0.014493 0.017986
0 0.445652 0.359712 0.014493 0.021583
0 0.922101 0.501799 0.039855 0.032374
0 0.806159 0.129496 0.018116 0.021583
0 0.932971 0.138489 0.025362 0.039568
0 0.711957 0.669065 0.032609 0.043165
0 0.476449 0.399281 0.018116 0.014388
0 0.612319 0.724820 0.014493 0.017986
0 0.634058 0.757194 0.014493 0.017986
0 0.884058 0.278777 0.014493 0.017986
0 0.690217 0.392086 0.025362 0.028777
0 0.561594 0.652878 0.014493 0.017986
0 0.594203 0.678058 0.021739 0.039568
0 0.670290 0.300360 0.014493 0.010791
0 0.923913 0.404676 0.014493 0.017986
0 0.583333 0.735612 0.014493 0.010791
0 0.818841 0.296763 0.028986 0.039568
0 0.822464 0.347122 0.021739 0.017986
0 0.815217 0.393885 0.036232 0.039568
0 0.625000 0.620504 0.039855 0.032374
0 0.485507 0.321942 0.014493 0.010791
