0 0.605105 0.636771 0.021021 0.035874
0 0.618619 0.681614 0.012012 0.017937
0 0.726727 0.302691 0.012012 0.022422
0 0.711712 0.360987 0.012012 0.013453
0 0.648649 0.760090 0.024024 0.022422
0 0.665165 0.515695 0.033033 0.044843
0 0.645646 0.591928 0.030030 0.017937
0 0.636637 0.630045 0.018018 0.022422
0 0.729730 0.443946 0.012012 0.017937
0 0.723724 0.405830 0.012012 0.022422
0 0.648649 0.670404 0.018018 0.022422
0 0.612613 0.535874 0.030030 0.031390
0 0.606607 0.582960 0.024024 0.026906
0 0.563063 0.502242 0.027027 0.035874
0 0.722222 0.600897 0.033033 0.044843
0 0.684685 0.340807 0.012012 0.017937
0 0.684685 0.396861 0.018018 0.022422
0 0.618619 0.488789 0.012012 0.017937
0 0.561562 0.322870 0.024024 0.017937
0 0.714715 0.547085 0.012012 0.017937
0 0.635135 0.300448 0.015015 0.026906
0 0.603604 0.345291 0.012012 0.017937
0 0.612613 0.822870 0.024024 0.031390
0 0.570571 0.625561 0.012012 0.031390
0 0.683183 0.576233 0.021021 0.040359
0 0.695195 0.762332 0.015015 0.026906
0 0.680180 0.708520 0.021021 0.026906
0 0.567568 0.394619 0.012012 0.017937
0 0.575075 0.452915 0.021021 0.026906
0 0.650150 0.809417 0.027027 0.040359
