0 0.225895 0.936893 0.014325 0.050701
0 0.251515 0.608414 0.008264 0.032362
0 0.165014 0.778317 0.010468 0.042071
0 0.109917 0.822006 0.011570 0.040992
0 0.136364 0.588997 0.007163 0.032362
0 0.249862 0.909385 0.011570 0.040992
0 0.176309 0.693635 0.007713 0.030205
0 0.182094 0.855448 0.011570 0.040992
0 0.036364 0.700108 0.011019 0.036677
0 0.365625 0.585627 0.012500 0.021407
0 0.305078 0.584862 0.010156 0.016820
0 0.356641 0.680428 0.011719 0.018349
0 0.935547 0.746177 0.007031 0.024465
0 0.939063 0.806575 0.009375 0.016820
0 0.422266 0.776758 0.014844 0.030581
0 0.453906 0.788991 0.021875 0.042813
0 0.087500 0.296636 0.009375 0.015291
0 0.068750 0.301988 0.009375 0.007645
0 0.066406 0.192661 0.009375 0.030581
0 0.960547 0.571865 0.014844 0.009174
0 0.405078 0.709480 0.016406 0.039755
0 0.475000 0.716361 0.018750 0.029052
0 0.958594 0.680428 0.012500 0.027523
0 0.968359 0.633028 0.011719 0.018349
0 0.280859 0.667431 0.016406 0.041284
0 0.959766 0.746942 0.014844 0.044343
0 0.882031 0.746177 0.018750 0.036697
0 0.890625 0.801223 0.006250 0.009174
0 0.558984 0.607798 0.013281 0.019878
0 0.400000 0.639144 0.007812 0.027523
0 0.878516 0.571865 0.021094 0.045872
0 0.880078 0.608563 0.010156 0.012232
0 0.201953 0.111621 0.005469 0.018349
0 0.425000 0.670489 0.015625 0.038226
0 0.406250 0.600153 0.009375 0.038226
0 0.434375 0.595566 0.017188 0.022936
0 0.193750 0.561927 0.006250 0.013761
0 0.942969 0.551988 0.014063 0.027523
0 0.936328 0.598624 0.017969 0.035168
