0 0.426758 0.213867 0.029297 0.025391
0 0.465820 0.207031 0.021484 0.019531
0 0.833008 0.113281 0.013672 0.015625
0 0.833008 0.078125 0.029297 0.023438
0 0.535156 0.677734 0.015625 0.015625
0 0.144531 0.692383 0.019531 0.013672
0 0.209961 0.678711 0.033203 0.025391
0 0.402344 0.509766 0.023438 0.019531
0 0.175781 0.460938 0.027344 0.015625
0 0.219727 0.458984 0.029297 0.039062
0 0.636719 0.966797 0.031250 0.035156
0 0.220703 0.139648 0.039062 0.029297
0 0.177734 0.140625 0.031250 0.027344
0 0.928711 0.190430 0.021484 0.029297
0 0.635742 0.684570 0.017578 0.009766
0 0.665039 0.761719 0.013672 0.015625
0 0.641602 0.625000 0.017578 0.015625
0 0.351562 0.676758 0.039062 0.037109
0 0.925781 0.076172 0.035156 0.039062
0 0.584961 0.834961 0.021484 0.013672
0 0.572266 0.796875 0.035156 0.027344
0 0.537109 0.938477 0.011719 0.013672
0 0.529297 0.906250 0.019531 0.019531
0 0.447266 0.809570 0.050781 0.048828
0 0.171875 0.226562 0.015625 0.007812
0 0.576172 0.985352 0.007812 0.017578
0 0.271484 0.174805 0.015625 0.017578
0 0.081055 0.173828 0.017578 0.015625
0 0.140625 0.191406 0.023438 0.011719
0 0.524414 0.748047 0.021484 0.031250
