0 0.611719 0.664844 0.017188 0.014063
0 0.546875 0.659375 0.015625 0.015625
0 0.943750 0.293750 0.025000 0.025000
0 0.171875 0.230469 0.021875 0.017188
0 0.971875 0.400781 0.025000 0.023438
0 0.971875 0.443750 0.025000 0.040625
0 0.078906 0.248438 0.014063 0.015625
0 0.162500 0.257031 0.015625 0.017188
0 0.121094 0.225000 0.026562 0.018750
0 0.917969 0.514062 0.026562 0.018750
0 0.967187 0.239844 0.012500 0.014063
0 0.164062 0.278906 0.015625 0.014063
0 0.186719 0.280469 0.014063 0.026562
0 0.922656 0.333594 0.014063 0.014063
0 0.921094 0.362500 0.014063 0.025000
0 0.460156 0.670312 0.017188 0.012500
0 0.888281 0.473438 0.014063 0.015625
0 0.569531 0.772656 0.007812 0.014063
0 0.542969 0.770312 0.032813 0.025000
0 0.119531 0.286719 0.014063 0.010937
0 0.121875 0.250781 0.012500 0.007812
0 0.942187 0.184375 0.015625 0.015625
0 0.948438 0.231250 0.012500 0.012500
0 0.069531 0.312500 0.010937 0.015625
0 0.085938 0.301563 0.009375 0.009375
0 0.462500 0.757812 0.034375 0.040625
0 0.377344 0.609375 0.007812 0.025000
0 0.971094 0.579688 0.026562 0.031250
0 0.970313 0.527344 0.025000 0.035937
0 0.892188 0.199219 0.021875 0.026562
