0 0.494141 0.626953 0.007812 0.015625
0 0.494141 0.682617 0.035156 0.021484
0 0.740234 0.245117 0.011719 0.017578
0 0.696289 0.298828 0.017578 0.019531
0 0.164062 0.079102 0.042969 0.041016
0 0.124023 0.067383 0.013672 0.017578
0 0.560547 0.732422 0.035156 0.023438
0 0.568359 0.765625 0.011719 0.019531
0 0.774414 0.170898 0.021484 0.013672
0 0.719727 0.156250 0.033203 0.031250
0 0.572266 0.314453 0.027344 0.019531
0 0.638672 0.851562 0.011719 0.023438
0 0.606445 0.527344 0.029297 0.039062
0 0.412109 0.183594 0.035156 0.035156
0 0.821289 0.236328 0.017578 0.019531
0 0.685547 0.859375 0.042969 0.039062
0 0.475586 0.299805 0.041016 0.041016
0 0.538086 0.325195 0.013672 0.033203
0 0.209961 0.234375 0.025391 0.035156
0 0.892578 0.389648 0.007812 0.013672
0 0.378906 0.097656 0.011719 0.015625
0 0.704102 0.760742 0.029297 0.033203
0 0.668945 0.746094 0.017578 0.019531
0 0.626953 0.409180 0.027344 0.029297
0 0.616211 0.375977 0.009766 0.017578
0 0.411133 0.132812 0.013672 0.023438
0 0.370117 0.136719 0.025391 0.019531
0 0.612305 0.746094 0.037109 0.039062
0 0.253906 0.147461 0.023438 0.021484
0 0.569336 0.638672 0.029297 0.027344
