0 0.282227 0.400391 0.017578 0.023438
0 0.690430 0.256836 0.029297 0.029297
0 0.318359 0.303711 0.035156 0.041016
0 0.329102 0.364258 0.021484 0.025391
0 0.564453 0.329102 0.011719 0.013672
0 0.589844 0.298828 0.015625 0.031250
0 0.506836 0.519531 0.029297 0.031250
0 0.458008 0.206055 0.037109 0.021484
0 0.423828 0.191406 0.011719 0.015625
0 0.655273 0.429688 0.013672 0.015625
0 0.368164 0.561523 0.013672 0.017578
0 0.330078 0.196289 0.031250 0.029297
0 0.302734 0.244141 0.019531 0.011719
0 0.396484 0.527344 0.039062 0.031250
0 0.451172 0.505859 0.042969 0.042969
0 0.522461 0.393555 0.017578 0.025391
0 0.662109 0.331055 0.015625 0.013672
0 0.385742 0.342773 0.017578 0.021484
0 0.527344 0.247070 0.023438 0.025391
0 0.548828 0.206055 0.019531 0.017578
0 0.676758 0.541016 0.041016 0.035156
0 0.425781 0.471680 0.011719 0.009766
