0 0.351562 0.268555 0.031250 0.021484
0 0.564453 0.126953 0.023438 0.031250
0 0.605469 0.468750 0.019531 0.019531
0 0.602539 0.505859 0.021484 0.031250
0 0.767578 0.657227 0.019531 0.021484
0 0.762695 0.686523 0.017578 0.021484
0 0.878906 0.425781 0.031250 0.027344
0 0.793945 0.706055 0.025391 0.021484
0 0.796875 0.652344 0.019531 0.035156
0 0.813477 0.478516 0.017578 0.019531
0 0.809570 0.419922 0.025391 0.027344
0 0.769531 0.955078 0.023438 0.015625
0 0.759766 0.915039 0.027344 0.013672
0 0.375977 0.187500 0.017578 0.023438
0 0.701172 0.762695 0.023438 0.025391
0 0.730469 0.784180 0.015625 0.037109
0 0.365234 0.128906 0.039062 0.035156
0 0.500000 0.296875 0.023438 0.027344
0 0.528320 0.264648 0.017578 0.013672
0 0.738281 0.746094 0.015625 0.011719
0 0.492188 0.721680 0.023438 0.025391
0 0.553711 0.625000 0.013672 0.019531
0 0.838867 0.628906 0.013672 0.011719
0 0.833984 0.590820 0.015625 0.009766
0 0.601562 0.657227 0.042969 0.044922
0 0.487305 0.482422 0.013672 0.015625
0 0.488281 0.511719 0.015625 0.011719
0 0.776367 0.811523 0.021484 0.029297
0 0.912109 0.371094 0.035156 0.023438
0 0.638672 0.710938 0.011719 0.019531
