0 0.349105 0.827543 0.023018 0.017370
0 0.554987 0.470223 0.015345 0.017370
0 0.322251 0.945409 0.020460 0.029777
0 0.777494 0.898263 0.015345 0.009926
0 0.491049 0.379653 0.025575 0.019851
0 0.295396 0.895782 0.023018 0.019851
0 0.290281 0.939206 0.017903 0.012407
0 0.768542 0.466501 0.017903 0.024814
0 0.445013 0.450372 0.010230 0.017370
0 0.778772 0.758065 0.023018 0.017370
0 0.378517 0.461538 0.015345 0.009926
0 0.638107 0.558313 0.017903 0.014888
0 0.650895 0.462779 0.017903 0.012407
0 0.643223 0.493797 0.012788 0.014888
0 0.543478 0.125310 0.033248 0.012407
0 0.557545 0.879653 0.020460 0.012407
0 0.851662 0.481390 0.010230 0.014888
0 0.860614 0.452854 0.017903 0.017370
0 0.649616 0.403226 0.025575 0.022333
0 0.675192 0.570720 0.030691 0.024814
0 0.583120 0.467742 0.020460 0.017370
0 0.450128 0.421836 0.015345 0.009926
0 0.690537 0.875931 0.020460 0.024814
0 0.675192 0.826303 0.020460 0.014888
0 0.641944 0.436725 0.025575 0.019851
0 0.457801 0.115385 0.020460 0.017370
0 0.485934 0.167494 0.015345 0.022333
0 0.693095 0.542184 0.015345 0.012407
0 0.443734 0.557072 0.012788 0.017370
0 0.681586 0.444169 0.023018 0.024814
