0 0.472727 0.635478 0.007792 0.023392
0 0.618182 0.179337 0.025974 0.027290
0 0.601299 0.212476 0.010390 0.015595
0 0.477922 0.801170 0.007792 0.027290
0 0.529870 0.828460 0.025974 0.027290
0 0.240260 0.641326 0.020779 0.023392
0 0.328571 0.647173 0.018182 0.031189
0 0.888312 0.115984 0.015584 0.021442
0 0.922078 0.134503 0.012987 0.015595
0 0.674026 0.544834 0.012987 0.025341
0 0.875974 0.497076 0.019481 0.038986
0 0.820130 0.600390 0.011688 0.023392
0 0.517532 0.548733 0.011688 0.021442
0 0.827922 0.192982 0.011688 0.011696
0 0.782468 0.162768 0.009091 0.013645
0 0.894805 0.269981 0.012987 0.025341
0 0.622727 0.594542 0.032468 0.042885
0 0.668831 0.597466 0.015584 0.025341
0 0.874675 0.449318 0.016883 0.017544
0 0.825325 0.451267 0.027273 0.029240
0 0.436364 0.808967 0.025974 0.031189
0 0.361688 0.821637 0.011688 0.017544
0 0.483117 0.744639 0.023377 0.023392
0 0.710390 0.603314 0.007792 0.009747
0 0.598052 0.249513 0.009091 0.011696
0 0.814935 0.116959 0.024675 0.027290
0 0.618182 0.495127 0.031169 0.046784
0 0.646104 0.503899 0.011688 0.017544
0 0.259091 0.821637 0.016883 0.029240
0 0.283766 0.814815 0.014286 0.023392
