0 0.617647 0.788060 0.016471 0.029851
0 0.572941 0.779104 0.021176 0.023881
0 0.400000 0.814925 0.014118 0.029851
0 0.175294 0.698507 0.030588 0.029851
0 0.612941 0.879104 0.025882 0.014925
0 0.574118 0.870149 0.023529 0.026866
0 0.150588 0.580597 0.028235 0.038806
0 0.187059 0.574627 0.016471 0.032836
0 0.315294 0.679104 0.032941 0.038806
0 0.030588 0.573134 0.014118 0.023881
0 0.096471 0.574627 0.014118 0.014925
0 0.467059 0.952239 0.021176 0.029851
0 0.460000 0.900000 0.021176 0.038806
0 0.814118 0.764179 0.014118 0.023881
0 0.131765 0.726866 0.014118 0.020896
0 0.651765 0.832836 0.014118 0.011940
0 0.807059 0.819403 0.018824 0.014925
0 0.427059 0.946269 0.016471 0.023881
0 0.430588 0.901493 0.014118 0.017910
0 0.362353 0.959701 0.009412 0.014925
0 0.584706 0.828358 0.025882 0.026866
0 0.618824 0.825373 0.009412 0.014925
0 0.432941 0.694030 0.028235 0.038806
0 0.435294 0.753731 0.028235 0.020896
0 0.085882 0.694030 0.025882 0.020896
0 0.051765 0.697015 0.018824 0.020896
0 0.463529 0.625373 0.023529 0.026866
0 0.251765 0.631343 0.014118 0.020896
0 0.220000 0.638806 0.011765 0.023881
0 0.362353 0.620896 0.032941 0.029851
