0 0.096774 0.403846 0.007590 0.019231
0 0.164137 0.177885 0.028463 0.036538
0 0.142315 0.322115 0.026565 0.028846
0 0.138520 0.278846 0.015180 0.011538
0 0.107211 0.075000 0.032258 0.030769
0 0.108159 0.044231 0.015180 0.015385
0 0.168880 0.270192 0.018975 0.017308
0 0.281784 0.403846 0.017078 0.023077
0 0.345351 0.459615 0.007590 0.015385
0 0.173624 0.241346 0.017078 0.017308
0 0.411765 0.060577 0.018975 0.017308
0 0.290323 0.304808 0.034156 0.032692
0 0.302657 0.266346 0.024668 0.013462
0 0.363378 0.342308 0.028463 0.019231
0 0.400380 0.275000 0.037951 0.046154
0 0.277040 0.121154 0.018975 0.023077
0 0.291271 0.065385 0.036053 0.034615
0 0.276091 0.195192 0.017078 0.021154
0 0.307400 0.156731 0.015180 0.017308
0 0.493359 0.146154 0.026565 0.011538
0 0.556926 0.165385 0.020873 0.026923
0 0.132827 0.129808 0.015180 0.021154
0 0.133776 0.165385 0.013283 0.015385
0 0.212524 0.136538 0.011385 0.015385
0 0.215370 0.162500 0.024668 0.017308
0 0.105313 0.240385 0.024668 0.019231
0 0.203036 0.245192 0.011385 0.013462
0 0.222011 0.258654 0.011385 0.013462
0 0.130930 0.239423 0.007590 0.013462
0 0.148008 0.225962 0.007590 0.013462
0 0.186907 0.105769 0.020873 0.030769
