0 0.519531 0.564453 0.027344 0.031250
0 0.482422 0.561523 0.019531 0.025391
0 0.513672 0.833984 0.035156 0.023438
0 0.510742 0.860352 0.025391 0.013672
0 0.133789 0.901367 0.021484 0.013672
0 0.173828 0.878906 0.019531 0.023438
0 0.242188 0.628906 0.019531 0.019531
0 0.250977 0.666016 0.013672 0.015625
0 0.405273 0.779297 0.029297 0.042969
0 0.094727 0.780273 0.025391 0.033203
0 0.566406 0.117188 0.019531 0.023438
0 0.540039 0.136719 0.013672 0.019531
0 0.234375 0.829102 0.031250 0.029297
0 0.483398 0.217773 0.029297 0.017578
0 0.292969 0.777344 0.015625 0.011719
0 0.131836 0.836914 0.021484 0.021484
0 0.166992 0.828125 0.029297 0.031250
0 0.488281 0.698242 0.011719 0.005859
0 0.486328 0.728516 0.019531 0.007812
0 0.207031 0.640625 0.015625 0.015625
0 0.349609 0.793945 0.011719 0.009766
0 0.050781 0.730469 0.023438 0.019531
0 0.377930 0.111328 0.041016 0.015625
0 0.500977 0.133789 0.025391 0.033203
0 0.472656 0.110352 0.011719 0.009766
0 0.518555 0.916992 0.029297 0.017578
0 0.525391 0.889648 0.015625 0.009766
0 0.286133 0.601562 0.021484 0.015625
0 0.560547 0.337891 0.023438 0.011719
0 0.351562 0.826172 0.027344 0.019531
