0 0.265625 0.247070 0.035156 0.033203
0 0.678711 0.455078 0.029297 0.035156
0 0.641602 0.465820 0.017578 0.017578
0 0.360352 0.417969 0.037109 0.035156
0 0.522461 0.551758 0.021484 0.029297
0 0.551758 0.560547 0.017578 0.011719
0 0.296875 0.507812 0.019531 0.023438
0 0.280273 0.210938 0.017578 0.015625
0 0.168945 0.588867 0.013672 0.013672
0 0.214844 0.553711 0.011719 0.005859
0 0.330078 0.516602 0.027344 0.037109
0 0.246094 0.595703 0.015625 0.007812
0 0.515625 0.503906 0.035156 0.035156
0 0.333984 0.134766 0.019531 0.027344
0 0.670898 0.502930 0.041016 0.029297
0 0.284180 0.639648 0.033203 0.017578
0 0.285156 0.616211 0.011719 0.009766
0 0.440430 0.420898 0.017578 0.009766
0 0.415039 0.389648 0.025391 0.025391
0 0.363281 0.477539 0.011719 0.021484
0 0.325195 0.462891 0.017578 0.023438
0 0.250000 0.551758 0.007812 0.013672
0 0.248047 0.577148 0.011719 0.013672
0 0.430664 0.205078 0.033203 0.031250
0 0.659180 0.406250 0.017578 0.015625
0 0.687500 0.401367 0.015625 0.005859
0 0.203125 0.293945 0.027344 0.033203
0 0.202148 0.252930 0.029297 0.025391
0 0.392578 0.592773 0.015625 0.017578
0 0.446289 0.556641 0.044922 0.042969
