0 0.412109 0.337891 0.031250 0.070312
0 0.757812 0.778320 0.015625 0.025391
0 0.721680 0.774414 0.021484 0.009766
0 0.719727 0.701172 0.037109 0.039062
0 0.786133 0.718750 0.017578 0.023438
0 0.702148 0.607422 0.017578 0.015625
0 0.658203 0.622070 0.015625 0.013672
0 0.582031 0.550781 0.015625 0.011719
0 0.759766 0.384766 0.023438 0.023438
0 0.659180 0.527344 0.013672 0.007812
0 0.674805 0.705078 0.017578 0.023438
0 0.792969 0.611328 0.035156 0.042969
0 0.724609 0.458984 0.027344 0.027344
0 0.644531 0.454102 0.035156 0.033203
0 0.584961 0.423828 0.013672 0.011719
0 0.758789 0.472656 0.025391 0.019531
0 0.896484 0.767578 0.019531 0.019531
0 0.511719 0.355469 0.007812 0.019531
0 0.462891 0.348633 0.007812 0.013672
0 0.544922 0.895508 0.031250 0.029297
0 0.583008 0.882812 0.013672 0.015625
0 0.673828 0.759766 0.023438 0.027344
0 0.705078 0.741211 0.015625 0.009766
0 0.620117 0.708008 0.033203 0.041016
0 0.635742 0.759766 0.017578 0.011719
0 0.646484 0.416992 0.035156 0.017578
0 0.687500 0.458008 0.015625 0.013672
0 0.773438 0.541016 0.015625 0.011719
0 0.597656 0.369141 0.035156 0.035156
0 0.734375 0.917969 0.035156 0.023438
0 0.764648 0.891602 0.013672 0.013672
