0 0.588867 0.584961 0.013672 0.029297
0 0.214844 0.650391 0.023438 0.015625
0 0.188477 0.655273 0.013672 0.013672
0 0.463867 0.536133 0.041016 0.041016
0 0.453125 0.496094 0.011719 0.019531
0 0.666016 0.519531 0.039062 0.039062
0 0.320312 0.524414 0.011719 0.013672
0 0.263672 0.690430 0.015625 0.025391
0 0.212891 0.847656 0.027344 0.015625
0 0.224609 0.620117 0.011719 0.013672
0 0.196289 0.620117 0.013672 0.017578
0 0.419922 0.832031 0.019531 0.019531
0 0.145508 0.688477 0.017578 0.033203
0 0.141602 0.751953 0.017578 0.019531
0 0.150391 0.791992 0.015625 0.009766
0 0.140625 0.914062 0.035156 0.035156
0 0.373047 0.399414 0.031250 0.037109
0 0.509766 0.419922 0.015625 0.023438
0 0.302734 0.735352 0.007812 0.017578
0 0.328125 0.650391 0.035156 0.035156
0 0.367188 0.656250 0.011719 0.023438
0 0.142578 0.827148 0.031250 0.025391
0 0.520508 0.581055 0.013672 0.013672
0 0.419922 0.927734 0.015625 0.015625
0 0.103516 0.799805 0.011719 0.017578
0 0.092773 0.769531 0.025391 0.023438
0 0.180664 0.918945 0.029297 0.021484
0 0.181641 0.941406 0.015625 0.007812
0 0.041992 0.797852 0.017578 0.021484
0 0.078125 0.939453 0.019531 0.015625
0 0.085938 0.915039 0.039062 0.017578
