0 0.765976 0.468354 0.025907 0.021097
0 0.772021 0.493671 0.013817 0.012658
0 0.478411 0.535865 0.017271 0.025316
0 0.618307 0.332278 0.013817 0.018987
0 0.545769 0.617089 0.024180 0.010549
0 0.156304 0.661392 0.015544 0.018987
0 0.186528 0.385021 0.034542 0.027426
0 0.126943 0.387131 0.022453 0.031646
0 0.543178 0.369198 0.022453 0.029536
0 0.580311 0.602321 0.010363 0.014768
0 0.581174 0.627637 0.008636 0.014768
0 0.547496 0.531646 0.020725 0.016878
0 0.837651 0.560127 0.010363 0.010549
0 0.807427 0.440928 0.022453 0.029536
0 0.681347 0.366034 0.025907 0.040084
0 0.813472 0.488397 0.013817 0.014768
0 0.571675 0.386076 0.013817 0.012658
0 0.764249 0.379747 0.036269 0.037975
0 0.221934 0.392405 0.018998 0.025316
0 0.886010 0.431435 0.020725 0.027426
0 0.924007 0.411392 0.013817 0.025316
0 0.683074 0.329114 0.022453 0.016878
0 0.640760 0.597046 0.006908 0.016878
0 0.711572 0.578059 0.010363 0.016878
0 0.685665 0.437764 0.013817 0.014768
0 0.659758 0.441983 0.020725 0.031646
0 0.696028 0.402954 0.013817 0.016878
0 0.123489 0.539030 0.008636 0.018987
0 0.811744 0.377637 0.020725 0.029536
0 0.718480 0.382911 0.013817 0.014768
