0 0.335938 0.469727 0.027344 0.025391
0 0.716797 0.725586 0.011719 0.009766
0 0.678711 0.703125 0.017578 0.011719
0 0.709961 0.701172 0.029297 0.019531
0 0.243164 0.517578 0.029297 0.027344
0 0.254883 0.559570 0.017578 0.009766
0 0.282227 0.460938 0.025391 0.027344
0 0.284180 0.494141 0.029297 0.015625
0 0.369141 0.616211 0.031250 0.029297
0 0.380859 0.580078 0.015625 0.007812
0 0.612305 0.742188 0.021484 0.019531
0 0.612305 0.716797 0.013672 0.011719
0 0.644531 0.740234 0.007812 0.015625
0 0.330078 0.589844 0.031250 0.027344
0 0.336914 0.630859 0.017578 0.023438
0 0.291992 0.525391 0.025391 0.023438
0 0.293945 0.560547 0.013672 0.015625
0 0.295898 0.406250 0.025391 0.019531
0 0.283203 0.371094 0.015625 0.007812
0 0.384766 0.378906 0.015625 0.011719
0 0.376953 0.413086 0.015625 0.013672
0 0.609375 0.768555 0.015625 0.013672
0 0.371094 0.445312 0.019531 0.019531
0 0.325195 0.517578 0.017578 0.015625
0 0.321289 0.543945 0.013672 0.017578
0 0.672852 0.742188 0.017578 0.015625
0 0.654297 0.767578 0.015625 0.011719
0 0.286133 0.606445 0.041016 0.037109
0 0.333984 0.412109 0.023438 0.031250
0 0.329102 0.380859 0.013672 0.015625
