0 0.063380 0.544534 0.028169 0.036437
0 0.529930 0.775304 0.031690 0.044534
0 0.227113 0.641700 0.031690 0.036437
0 0.309859 0.566802 0.014085 0.024291
0 0.375000 0.605263 0.017606 0.036437
0 0.769366 0.289474 0.031690 0.020243
0 0.880282 0.224696 0.014085 0.020243
0 0.839789 0.216599 0.031690 0.028340
0 0.461268 0.609312 0.021127 0.020243
0 0.200704 0.419028 0.021127 0.020243
0 0.140845 0.433198 0.014085 0.024291
0 0.253521 0.698381 0.021127 0.020243
0 0.089789 0.427126 0.024648 0.044534
0 0.739437 0.248988 0.021127 0.020243
0 0.654930 0.748988 0.014085 0.016194
0 0.681338 0.789474 0.031690 0.032389
0 0.355634 0.483806 0.035211 0.052632
0 0.373239 0.429150 0.014085 0.016194
0 0.102113 0.493927 0.014085 0.032389
0 0.248239 0.431174 0.038732 0.036437
0 0.232394 0.491903 0.021127 0.012146
0 0.126761 0.603239 0.014085 0.032389
0 0.642606 0.500000 0.038732 0.020243
0 0.204225 0.779352 0.014085 0.020243
0 0.193662 0.744939 0.014085 0.016194
0 0.876761 0.184211 0.014085 0.020243
0 0.188380 0.360324 0.024648 0.032389
0 0.139085 0.325911 0.038732 0.036437
0 0.052817 0.394737 0.014085 0.020243
0 0.661972 0.848178 0.035211 0.036437
