0 0.944336 0.536133 0.013672 0.017578
0 0.943359 0.486328 0.011719 0.015625
0 0.792969 0.815430 0.015625 0.009766
0 0.824219 0.792969 0.031250 0.031250
0 0.663086 0.445312 0.017578 0.019531
0 0.692383 0.500000 0.029297 0.031250
0 0.695312 0.610352 0.023438 0.013672
0 0.548828 0.393555 0.019531 0.021484
0 0.629883 0.420898 0.021484 0.021484
0 0.668945 0.354492 0.029297 0.033203
0 0.859375 0.675781 0.011719 0.011719
0 0.746094 0.620117 0.031250 0.033203
0 0.755859 0.581055 0.019531 0.017578
0 0.353516 0.257812 0.019531 0.019531
0 0.309570 0.266602 0.021484 0.025391
0 0.789062 0.559570 0.015625 0.017578
0 0.759766 0.822266 0.019531 0.019531
0 0.754883 0.500977 0.044922 0.041016
0 0.743164 0.735352 0.021484 0.025391
0 0.353516 0.398438 0.019531 0.019531
0 0.938477 0.698242 0.048828 0.044922
0 0.812500 0.610352 0.031250 0.017578
0 0.579102 0.489258 0.017578 0.021484
0 0.350586 0.599609 0.029297 0.035156
0 0.342773 0.537109 0.033203 0.019531
0 0.870117 0.610352 0.033203 0.017578
0 0.878906 0.639648 0.027344 0.025391
0 0.485352 0.314453 0.041016 0.035156
0 0.557617 0.317383 0.041016 0.037109
0 0.554688 0.261719 0.011719 0.011719
