0 0.136719 0.562500 0.019531 0.035156
0 0.141602 0.606445 0.013672 0.025391
0 0.165039 0.613281 0.013672 0.015625
0 0.300781 0.639648 0.031250 0.033203
0 0.291016 0.555664 0.015625 0.017578
0 0.344727 0.561523 0.025391 0.025391
0 0.080078 0.592773 0.015625 0.009766
0 0.040039 0.601562 0.017578 0.019531
0 0.044922 0.570312 0.019531 0.011719
0 0.069336 0.549805 0.013672 0.013672
0 0.082031 0.676758 0.031250 0.033203
0 0.031250 0.685547 0.027344 0.023438
0 0.247070 0.679688 0.033203 0.031250
0 0.163086 0.684570 0.033203 0.029297
0 0.360352 0.613281 0.005859 0.015625
0 0.332031 0.600586 0.027344 0.025391
0 0.211914 0.600586 0.037109 0.029297
0 0.068359 0.635742 0.023438 0.029297
0 0.026367 0.647461 0.013672 0.017578
0 0.329102 0.686523 0.017578 0.017578
0 0.296875 0.682617 0.027344 0.037109
0 0.198242 0.642578 0.017578 0.031250
0 0.256836 0.556641 0.025391 0.019531
0 0.214844 0.555664 0.023438 0.021484
0 0.147461 0.648438 0.021484 0.019531
0 0.118164 0.637695 0.017578 0.025391
