0 0.851562 0.930664 0.027344 0.033203
0 0.847656 0.963867 0.027344 0.017578
0 0.936523 0.861328 0.025391 0.023438
0 0.938477 0.894531 0.017578 0.015625
0 0.848633 0.434570 0.021484 0.033203
0 0.679688 0.206055 0.027344 0.037109
0 0.805664 0.436523 0.013672 0.009766
0 0.175781 0.812500 0.007812 0.019531
0 0.189453 0.846680 0.027344 0.029297
0 0.854492 0.885742 0.017578 0.025391
0 0.779297 0.395508 0.031250 0.025391
0 0.889648 0.920898 0.021484 0.029297
0 0.851562 0.742188 0.031250 0.023438
0 0.855469 0.705078 0.015625 0.015625
0 0.814453 0.768555 0.011719 0.005859
0 0.812500 0.812500 0.027344 0.019531
0 0.062500 0.659180 0.011719 0.013672
0 0.060547 0.680664 0.007812 0.013672
0 0.281250 0.894531 0.015625 0.027344
0 0.250977 0.974609 0.037109 0.035156
0 0.719727 0.114258 0.021484 0.013672
0 0.782227 0.470703 0.029297 0.039062
0 0.784180 0.513672 0.025391 0.031250
0 0.263672 0.845703 0.042969 0.035156
0 0.214844 0.927734 0.027344 0.031250
0 0.183594 0.904297 0.015625 0.019531
0 0.644531 0.160156 0.023438 0.039062
0 0.244141 0.566406 0.011719 0.023438
0 0.064453 0.556641 0.035156 0.031250
0 0.060547 0.601562 0.031250 0.019531
