0 0.460938 0.621875 0.015625 0.012500
0 0.699219 0.415625 0.020313 0.012500
0 0.733594 0.444531 0.023438 0.020313
0 0.650000 0.789062 0.040625 0.021875
0 0.573438 0.552344 0.031250 0.039062
0 0.591406 0.587500 0.017188 0.018750
0 0.770312 0.408594 0.018750 0.023438
0 0.764844 0.443750 0.014063 0.015625
0 0.418750 0.492969 0.037500 0.014063
0 0.792969 0.326562 0.023438 0.040625
0 0.765625 0.360938 0.012500 0.012500
0 0.743750 0.662500 0.021875 0.034375
0 0.903906 0.741406 0.032813 0.020313
0 0.614062 0.515625 0.037500 0.028125
0 0.599219 0.473438 0.014063 0.012500
0 0.347656 0.715625 0.014063 0.009375
0 0.292187 0.671875 0.021875 0.034375
0 0.491406 0.558594 0.023438 0.023438
0 0.818750 0.653906 0.025000 0.029687
0 0.818750 0.680469 0.021875 0.010937
0 0.253906 0.789062 0.017188 0.018750
0 0.206250 0.809375 0.028125 0.037500
0 0.623437 0.241406 0.031250 0.039062
0 0.587500 0.271094 0.025000 0.026562
0 0.827344 0.404687 0.026562 0.012500
0 0.829688 0.440625 0.012500 0.012500
0 0.301563 0.600000 0.009375 0.012500
0 0.860938 0.232031 0.025000 0.020313
0 0.853125 0.285938 0.009375 0.021875
0 0.758594 0.244531 0.032813 0.035937
