0 0.600000 0.565000 0.020000 0.020000
0 0.265000 0.485000 0.020000 0.030000
0 0.355000 0.052500 0.030000 0.035000
0 0.415000 0.090000 0.020000 0.020000
0 0.275000 0.647500 0.020000 0.025000
0 0.307500 0.207500 0.045000 0.045000
0 0.462500 0.040000 0.035000 0.030000
0 0.147500 0.485000 0.035000 0.040000
0 0.210000 0.465000 0.040000 0.020000
0 0.530000 0.147500 0.020000 0.025000
0 0.195000 0.770000 0.020000 0.020000
0 0.195000 0.732500 0.020000 0.015000
0 0.600000 0.480000 0.020000 0.020000
0 0.545000 0.482500 0.020000 0.025000
0 0.460000 0.492500 0.030000 0.025000
0 0.252500 0.550000 0.035000 0.020000
0 0.327500 0.552500 0.025000 0.035000
0 0.315000 0.600000 0.030000 0.020000
0 0.085000 0.445000 0.030000 0.020000
0 0.380000 0.520000 0.040000 0.030000
0 0.320000 0.480000 0.020000 0.020000
0 0.145000 0.760000 0.020000 0.040000
0 0.192500 0.530000 0.015000 0.020000
0 0.330000 0.772500 0.030000 0.025000
0 0.645000 0.587500 0.020000 0.015000
0 0.610000 0.517500 0.020000 0.015000
0 0.152500 0.670000 0.035000 0.030000
0 0.115000 0.555000 0.040000 0.030000
0 0.560000 0.632500 0.020000 0.025000
0 0.640000 0.625000 0.030000 0.020000
