0 0.760742 0.326172 0.029297 0.019531
0 0.681641 0.433594 0.031250 0.035156
0 0.518555 0.323242 0.013672 0.041016
0 0.744141 0.441406 0.027344 0.042969
0 0.774414 0.427734 0.013672 0.019531
0 0.638672 0.453125 0.019531 0.011719
0 0.613281 0.451172 0.015625 0.011719
0 0.769531 0.397461 0.031250 0.017578
0 0.721680 0.380859 0.013672 0.019531
0 0.427734 0.460938 0.007812 0.015625
0 0.401367 0.455078 0.017578 0.023438
0 0.434570 0.558594 0.017578 0.015625
0 0.461914 0.572266 0.009766 0.019531
0 0.186523 0.835938 0.017578 0.015625
0 0.189453 0.865234 0.015625 0.011719
0 0.224609 0.855469 0.015625 0.015625
0 0.321289 0.834961 0.017578 0.013672
0 0.501953 0.479492 0.011719 0.005859
0 0.592773 0.519531 0.029297 0.031250
0 0.812500 0.511719 0.015625 0.011719
0 0.322266 0.569336 0.035156 0.029297
0 0.682617 0.377930 0.041016 0.029297
0 0.171875 0.662109 0.027344 0.031250
0 0.128906 0.670898 0.027344 0.029297
0 0.360352 0.738281 0.021484 0.031250
0 0.231445 0.804688 0.017578 0.015625
0 0.799805 0.464844 0.021484 0.011719
0 0.830078 0.458008 0.023438 0.021484
0 0.579102 0.329102 0.021484 0.021484
0 0.612305 0.307617 0.025391 0.017578
