0 0.651697 0.575000 0.025948 0.022000
0 0.615768 0.586000 0.017964 0.024000
0 0.628743 0.770000 0.031936 0.024000
0 0.613772 0.637000 0.021956 0.014000
0 0.643713 0.620000 0.021956 0.020000
0 0.458084 0.637000 0.025948 0.018000
0 0.501996 0.622000 0.013972 0.012000
0 0.704591 0.785000 0.015968 0.034000
0 0.736527 0.751000 0.015968 0.014000
0 0.707585 0.592000 0.021956 0.016000
0 0.681637 0.550000 0.017964 0.024000
0 0.699601 0.634000 0.025948 0.020000
0 0.572854 0.580000 0.015968 0.012000
0 0.695609 0.718000 0.025948 0.028000
0 0.699601 0.682000 0.021956 0.016000
0 0.658683 0.685000 0.007984 0.014000
0 0.556886 0.797000 0.011976 0.010000
0 0.536926 0.771000 0.019960 0.014000
0 0.567864 0.639000 0.013972 0.014000
0 0.535928 0.624000 0.021956 0.024000
0 0.491018 0.588000 0.035928 0.032000
0 0.490020 0.556000 0.017964 0.016000
0 0.528942 0.707000 0.019960 0.038000
0 0.552894 0.711000 0.007984 0.014000
0 0.474052 0.775000 0.013972 0.026000
0 0.466068 0.707000 0.037924 0.038000
0 0.503992 0.708000 0.013972 0.012000
