0 0.710938 0.855469 0.027344 0.035156
0 0.330078 0.379883 0.011719 0.017578
0 0.358398 0.331055 0.021484 0.013672
0 0.668945 0.821289 0.029297 0.017578
0 0.626953 0.838867 0.039062 0.037109
0 0.902344 0.839844 0.019531 0.019531
0 0.870117 0.842773 0.029297 0.021484
0 0.669922 0.788086 0.011719 0.017578
0 0.815430 0.865234 0.017578 0.019531
0 0.465820 0.277344 0.029297 0.011719
0 0.442383 0.295898 0.021484 0.009766
0 0.390625 0.331055 0.023438 0.033203
0 0.914062 0.789062 0.027344 0.035156
0 0.868164 0.791992 0.025391 0.021484
0 0.732422 0.772461 0.015625 0.005859
0 0.721680 0.791016 0.017578 0.015625
0 0.346680 0.288086 0.041016 0.037109
0 0.335938 0.419922 0.027344 0.023438
0 0.697266 0.707031 0.027344 0.031250
0 0.801758 0.707031 0.025391 0.027344
0 0.777344 0.702148 0.007812 0.013672
0 0.652344 0.938477 0.015625 0.009766
0 0.446289 0.334961 0.029297 0.033203
0 0.301758 0.281250 0.025391 0.027344
0 0.274414 0.295898 0.013672 0.017578
0 0.402344 0.412109 0.023438 0.023438
0 0.864258 0.695312 0.025391 0.027344
0 0.892578 0.704102 0.011719 0.009766
0 0.307617 0.330078 0.017578 0.023438
0 0.408203 0.378906 0.015625 0.007812
