0 0.215625 0.864844 0.006250 0.017188
0 0.292187 0.854688 0.006250 0.015625
0 0.272656 0.857812 0.007812 0.015625
0 0.324219 0.844531 0.007812 0.020313
0 0.253906 0.860938 0.007812 0.021875
0 0.732812 0.325781 0.043750 0.029687
0 0.178125 0.240625 0.009375 0.015625
0 0.212500 0.491406 0.012500 0.014063
0 0.413281 0.409375 0.020313 0.006250
0 0.472656 0.425000 0.035937 0.040625
0 0.656250 0.289062 0.021875 0.015625
0 0.678125 0.332813 0.040625 0.037500
0 0.456250 0.660937 0.025000 0.028125
0 0.789062 0.310937 0.025000 0.034375
0 0.321094 0.571094 0.023438 0.029687
0 0.659375 0.396875 0.034375 0.037500
0 0.660937 0.441406 0.028125 0.029687
0 0.775000 0.963281 0.043750 0.029687
0 0.843750 0.670312 0.034375 0.037500
0 0.866406 0.723437 0.020313 0.031250
0 0.699219 0.965625 0.020313 0.025000
0 0.691406 0.910937 0.020313 0.018750
0 0.322656 0.366406 0.026562 0.017188
0 0.323437 0.439844 0.034375 0.026562
0 0.505469 0.337500 0.020313 0.009375
0 0.141406 0.491406 0.020313 0.014063
0 0.732031 0.225000 0.032813 0.021875
0 0.728125 0.250000 0.034375 0.009375
0 0.286719 0.446094 0.020313 0.029687
0 0.361719 0.420312 0.026562 0.037500
0 0.496094 0.657031 0.029687 0.026562
0 0.503125 0.609375 0.021875 0.018750
0 0.611719 0.431250 0.039062 0.018750
0 0.294531 0.633594 0.023438 0.017188
0 0.325781 0.638281 0.020313 0.017188
