0 0.250000 0.712891 0.015625 0.019531
0 0.383789 0.827148 0.033203 0.033203
0 0.536133 0.656250 0.033203 0.015625
0 0.542969 0.632812 0.027344 0.015625
0 0.463867 0.785156 0.033203 0.019531
0 0.512695 0.791016 0.033203 0.035156
0 0.331055 0.718750 0.041016 0.035156
0 0.294922 0.730469 0.015625 0.011719
0 0.374023 0.738281 0.021484 0.023438
0 0.267578 0.803711 0.011719 0.005859
0 0.429688 0.976562 0.031250 0.035156
0 0.685547 0.658203 0.019531 0.027344
0 0.329102 0.868164 0.041016 0.041016
0 0.302734 0.828125 0.011719 0.015625
0 0.241211 0.817383 0.013672 0.009766
0 0.483398 0.865234 0.017578 0.023438
0 0.557617 0.936523 0.013672 0.025391
0 0.610352 0.905273 0.025391 0.029297
0 0.558594 0.867188 0.035156 0.035156
0 0.560547 0.978516 0.031250 0.035156
0 0.478516 0.835938 0.027344 0.011719
0 0.510742 0.869141 0.017578 0.015625
0 0.640625 0.550781 0.039062 0.039062
0 0.596680 0.555664 0.009766 0.021484
0 0.474609 0.664062 0.027344 0.023438
0 0.394531 0.614258 0.035156 0.037109
0 0.508789 0.756836 0.013672 0.009766
0 0.595703 0.821289 0.039062 0.025391
0 0.244141 0.866211 0.027344 0.021484
0 0.247070 0.895508 0.013672 0.013672
