0 0.382812 0.575195 0.027344 0.013672
0 0.179688 0.826172 0.019531 0.019531
0 0.495117 0.638672 0.017578 0.011719
0 0.268555 0.939453 0.013672 0.011719
0 0.265625 0.964844 0.015625 0.015625
0 0.445312 0.610352 0.015625 0.013672
0 0.335938 0.651367 0.011719 0.013672
0 0.295898 0.650391 0.013672 0.011719
0 0.472656 0.652344 0.007812 0.015625
0 0.394531 0.905273 0.035156 0.017578
0 0.392578 0.637695 0.011719 0.013672
0 0.367188 0.625977 0.011719 0.005859
0 0.275391 0.635742 0.011719 0.013672
0 0.298828 0.631836 0.011719 0.005859
0 0.204102 0.863281 0.029297 0.027344
0 0.126953 0.869141 0.015625 0.027344
0 0.506836 0.919922 0.025391 0.027344
0 0.416992 0.623047 0.013672 0.011719
0 0.481445 0.612305 0.021484 0.017578
0 0.559570 0.643555 0.021484 0.013672
0 0.335938 0.624023 0.011719 0.013672
0 0.286133 0.795898 0.017578 0.017578
0 0.340820 0.796875 0.013672 0.007812
0 0.336914 0.597656 0.017578 0.011719
0 0.308594 0.859375 0.031250 0.031250
0 0.261719 0.861328 0.011719 0.015625
0 0.305664 0.610352 0.017578 0.013672
0 0.537109 0.859375 0.031250 0.042969
0 0.332031 0.674805 0.015625 0.009766
0 0.369141 0.673828 0.027344 0.031250
