0 0.589701 0.681144 0.009967 0.010593
0 0.623754 0.063559 0.008306 0.021186
0 0.576412 0.573093 0.016611 0.019068
0 0.590532 0.604873 0.014950 0.019068
0 0.839701 0.061441 0.028239 0.042373
0 0.777409 0.024364 0.013289 0.014831
0 0.553156 0.806144 0.029900 0.014831
0 0.267442 0.739407 0.036545 0.042373
0 0.204319 0.731992 0.013289 0.031780
0 0.618771 0.689619 0.028239 0.040254
0 0.627076 0.635593 0.024917 0.038136
0 0.665282 0.578390 0.038206 0.046610
0 0.683555 0.497881 0.011628 0.021186
0 0.675249 0.527542 0.018272 0.021186
0 0.608804 0.525424 0.028239 0.033898
0 0.633721 0.536017 0.008306 0.016949
0 0.364618 0.692797 0.018272 0.016949
0 0.349668 0.656780 0.018272 0.029661
0 0.737542 0.251059 0.016611 0.031780
0 0.684385 0.274364 0.013289 0.014831
0 0.681894 0.239407 0.018272 0.029661
0 0.719269 0.488347 0.006645 0.014831
0 0.710963 0.541314 0.016611 0.027542
0 0.784053 0.307203 0.029900 0.038136
0 0.852990 0.318856 0.011628 0.023305
0 0.704319 0.381356 0.019934 0.016949
0 0.344684 0.742585 0.028239 0.036017
0 0.277409 0.609110 0.026578 0.044492
0 0.490033 0.262712 0.026578 0.025424
0 0.656977 0.699153 0.011628 0.042373
