0 0.249509 0.617188 0.007859 0.020089
0 0.179764 0.016741 0.037328 0.015625
0 0.263261 0.341518 0.015717 0.017857
0 0.678782 0.922991 0.021611 0.015625
0 0.113949 0.243304 0.019646 0.022321
0 0.128684 0.018973 0.021611 0.024554
0 0.140472 0.061384 0.013752 0.011161
0 0.698428 0.650670 0.029470 0.020089
0 0.346758 0.337054 0.013752 0.017857
0 0.329077 0.305804 0.021611 0.017857
0 0.474460 0.323661 0.037328 0.044643
0 0.425344 0.510045 0.021611 0.020089
0 0.353635 0.525670 0.027505 0.015625
0 0.474460 0.510045 0.017682 0.029018
0 0.726916 0.675223 0.011788 0.011161
0 0.069745 0.217634 0.017682 0.024554
0 0.231827 0.289062 0.027505 0.029018
0 0.107073 0.185268 0.033399 0.035714
0 0.298625 0.428571 0.023576 0.026786
0 0.475442 0.579241 0.023576 0.033482
0 0.555992 0.623884 0.035363 0.037946
0 0.862475 0.607143 0.027505 0.040179
0 0.897839 0.614955 0.011788 0.011161
0 0.162083 0.497768 0.037328 0.044643
0 0.197446 0.116071 0.013752 0.017857
0 0.551081 0.763393 0.013752 0.017857
0 0.880157 0.660714 0.019646 0.017857
0 0.831041 0.661830 0.015717 0.015625
0 0.223969 0.353795 0.019646 0.015625
0 0.203340 0.322545 0.013752 0.029018
