0 0.680000 0.487179 0.040000 0.043393
0 0.690909 0.439842 0.018182 0.027613
0 0.799091 0.603550 0.020000 0.027613
0 0.727273 0.731755 0.014545 0.019724
0 0.727273 0.701183 0.029091 0.013807
0 0.816364 0.728797 0.021818 0.029586
0 0.710909 0.380671 0.014545 0.023669
0 0.769091 0.672584 0.029091 0.039448
0 0.768182 0.601578 0.016364 0.015779
0 0.723636 0.471400 0.032727 0.035503
0 0.720000 0.518738 0.018182 0.019724
0 0.797273 0.396450 0.016364 0.027613
0 0.673636 0.620316 0.023636 0.025641
0 0.809091 0.482249 0.036364 0.041420
0 0.710909 0.578895 0.021818 0.033531
0 0.669091 0.371795 0.014545 0.013807
0 0.679091 0.660750 0.041818 0.035503
0 0.777273 0.519724 0.016364 0.013807
0 0.771818 0.440828 0.016364 0.013807
0 0.766364 0.370809 0.020000 0.027613
