0 0.485507 0.173516 0.011858 0.045662
0 0.163373 0.383562 0.005270 0.018265
0 0.141634 0.369863 0.009223 0.036530
0 0.194993 0.331050 0.005270 0.022831
0 0.434124 0.324201 0.009223 0.027397
0 0.519104 0.244292 0.005270 0.022831
0 0.515152 0.168950 0.005270 0.027397
0 0.503294 0.139269 0.007905 0.013699
0 0.119895 0.367580 0.005270 0.022831
0 0.160079 0.447489 0.006588 0.018265
0 0.147563 0.474886 0.005270 0.018265
0 0.084321 0.470320 0.005270 0.027397
0 0.122530 0.424658 0.007905 0.027397
0 0.505270 0.376712 0.009223 0.022831
0 0.511858 0.305936 0.011858 0.018265
0 0.159420 0.315068 0.005270 0.027397
0 0.173913 0.333333 0.005270 0.018265
0 0.469038 0.406393 0.007905 0.027397
0 0.454545 0.449772 0.007905 0.022831
0 0.072464 0.315068 0.005270 0.018265
0 0.086957 0.317352 0.005270 0.022831
0 0.189723 0.374429 0.013175 0.027397
0 0.465086 0.276256 0.007905 0.041096
0 0.461133 0.344749 0.005270 0.031963
0 0.139657 0.426941 0.007905 0.022831
0 0.105402 0.463470 0.005270 0.031963
0 0.127800 0.470320 0.005270 0.018265
0 0.109354 0.321918 0.005270 0.022831
0 0.125823 0.319635 0.011858 0.036530
0 0.491436 0.447489 0.007905 0.045662
