0 0.434439 0.224083 0.009479 0.017544
0 0.428120 0.271930 0.012638 0.014354
0 0.951027 0.814195 0.031596 0.033493
0 0.968404 0.784689 0.012638 0.006380
0 0.848341 0.395534 0.025276 0.028708
0 0.499210 0.142743 0.031596 0.033493
0 0.952607 0.866826 0.012638 0.011164
0 0.845182 0.802233 0.018957 0.022329
0 0.898104 0.813397 0.042654 0.038278
0 0.488942 0.306220 0.033175 0.019139
0 0.933649 0.935407 0.012638 0.027113
0 0.966035 0.963317 0.017378 0.022329
0 0.902844 0.440191 0.011058 0.015949
0 0.849131 0.454545 0.020537 0.022329
0 0.384676 0.301435 0.030016 0.012759
0 0.888626 0.934609 0.026856 0.031898
0 0.390205 0.138756 0.031596 0.031898
0 0.832543 0.934609 0.022117 0.022329
0 0.258294 0.283094 0.033175 0.027113
0 0.293839 0.287879 0.015798 0.011164
0 0.497630 0.222488 0.012638 0.030303
0 0.499210 0.253589 0.025276 0.019139
0 0.824645 0.551037 0.012638 0.030303
0 0.466035 0.255183 0.006319 0.012759
0 0.853870 0.500000 0.020537 0.020734
0 0.443128 0.247209 0.011058 0.009569
0 0.397314 0.251994 0.014218 0.009569
0 0.462875 0.216108 0.015798 0.020734
0 0.323065 0.245614 0.014218 0.012759
0 0.251185 0.225678 0.031596 0.020734
