0 0.767689 0.214118 0.021226 0.018824
0 0.422170 0.917647 0.042453 0.032941
0 0.378538 0.929412 0.011792 0.014118
0 0.783019 0.292941 0.014151 0.007059
0 0.790094 0.272941 0.014151 0.009412
0 0.810142 0.244706 0.021226 0.018824
0 0.725236 0.283529 0.035377 0.030588
0 0.341981 0.881176 0.037736 0.021176
0 0.298349 0.878824 0.025943 0.030588
0 0.865566 0.216471 0.014151 0.023529
0 0.219340 0.952941 0.028302 0.028235
0 0.266509 0.964706 0.009434 0.014118
0 0.413915 0.840000 0.021226 0.023529
0 0.376179 0.838824 0.025943 0.030588
0 0.760613 0.252941 0.016509 0.011765
0 0.785377 0.244706 0.009434 0.018824
0 0.761792 0.185882 0.018868 0.018824
0 0.200472 0.842353 0.018868 0.037647
0 0.465802 0.835294 0.025943 0.018824
0 0.507075 0.834118 0.023585 0.021176
0 0.398585 0.880000 0.009434 0.018824
0 0.424528 0.870588 0.014151 0.014118
0 0.831368 0.181176 0.021226 0.018824
0 0.290094 0.918824 0.023585 0.016471
0 0.483491 0.881176 0.014151 0.030588
0 0.734670 0.248235 0.011792 0.021176
0 0.712264 0.254118 0.014151 0.009412
0 0.724057 0.184706 0.023585 0.021176
0 0.413915 0.951765 0.011792 0.016471
0 0.438679 0.960000 0.014151 0.018824
