0 0.450781 0.782813 0.026562 0.021875
0 0.479687 0.800000 0.012500 0.006250
0 0.720313 0.821875 0.021875 0.021875
0 0.701562 0.752344 0.021875 0.020313
0 0.579688 0.724219 0.025000 0.014063
0 0.545312 0.715625 0.028125 0.028125
0 0.714063 0.789062 0.034375 0.031250
0 0.682031 0.787500 0.010937 0.025000
0 0.304688 0.753125 0.025000 0.025000
0 0.484375 0.838281 0.021875 0.023438
0 0.425781 0.829688 0.023438 0.028125
0 0.550000 0.754687 0.031250 0.034375
0 0.742188 0.713281 0.025000 0.039062
0 0.489063 0.720313 0.018750 0.021875
0 0.425000 0.711719 0.040625 0.035937
0 0.558594 0.816406 0.026562 0.010937
0 0.296875 0.827344 0.025000 0.029687
0 0.368750 0.831250 0.034375 0.034375
0 0.497656 0.750000 0.026562 0.021875
0 0.416406 0.752344 0.026562 0.020313
0 0.593750 0.789062 0.015625 0.015625
0 0.346875 0.791406 0.037500 0.029687
0 0.357031 0.714063 0.023438 0.037500
0 0.308594 0.717969 0.042188 0.023438
