0 0.549884 0.527972 0.009281 0.020979
0 0.214617 0.983683 0.016241 0.018648
0 0.258701 0.235431 0.039443 0.037296
0 0.248260 0.276224 0.023202 0.011655
0 0.335267 0.882284 0.020882 0.020979
0 0.377030 0.884615 0.020882 0.025641
0 0.265661 0.974359 0.016241 0.041958
0 0.301624 0.980186 0.027842 0.030303
0 0.560325 0.491841 0.020882 0.018648
0 0.520882 0.540793 0.016241 0.018648
0 0.861949 0.496503 0.044084 0.046620
0 0.893271 0.536131 0.013921 0.009324
0 0.779582 0.819347 0.032483 0.030303
0 0.790023 0.765734 0.016241 0.025641
0 0.185615 0.448718 0.018561 0.020979
0 0.267981 0.378788 0.020882 0.016317
0 0.617169 0.614219 0.032483 0.039627
0 0.680974 0.634033 0.039443 0.032634
0 0.158933 0.854312 0.020882 0.020979
0 0.359629 0.487179 0.023202 0.023310
0 0.396752 0.561772 0.018561 0.018648
0 0.154292 0.895105 0.025522 0.027972
0 0.450116 0.487179 0.027842 0.013986
0 0.486079 0.494172 0.025522 0.032634
0 0.222738 0.847319 0.032483 0.030303
0 0.131090 0.386946 0.034803 0.032634
0 0.222738 0.900932 0.018561 0.016317
0 0.306265 0.552448 0.041763 0.013986
0 0.271462 0.559441 0.009281 0.013986
0 0.145012 0.931235 0.030162 0.025641
