0 0.025391 0.488281 0.015625 0.011719
0 0.455078 0.617188 0.039062 0.039062
0 0.498047 0.631836 0.019531 0.013672
0 0.223633 0.732422 0.021484 0.015625
0 0.208008 0.768555 0.009766 0.013672
0 0.782227 0.503906 0.017578 0.019531
0 0.769531 0.471680 0.035156 0.029297
0 0.695312 0.198242 0.023438 0.025391
0 0.263672 0.481445 0.042969 0.041016
0 0.313477 0.691406 0.013672 0.011719
0 0.376953 0.677734 0.035156 0.019531
0 0.829102 0.154297 0.017578 0.031250
0 0.876953 0.211914 0.011719 0.013672
0 0.172852 0.391602 0.033203 0.029297
0 0.170898 0.632812 0.017578 0.015625
0 0.175781 0.663086 0.007812 0.013672
0 0.594727 0.830078 0.033203 0.019531
0 0.564453 0.770508 0.035156 0.029297
0 0.863281 0.630859 0.023438 0.015625
0 0.506836 0.692383 0.021484 0.021484
0 0.447266 0.667969 0.039062 0.035156
0 0.069336 0.400391 0.009766 0.011719
0 0.583008 0.501953 0.041016 0.031250
0 0.122070 0.397461 0.037109 0.033203
0 0.690430 0.495117 0.033203 0.025391
0 0.244141 0.620117 0.023438 0.037109
0 0.257812 0.665039 0.019531 0.033203
0 0.374023 0.586914 0.009766 0.021484
0 0.826172 0.449219 0.031250 0.035156
0 0.805664 0.898438 0.021484 0.011719
