0 0.342773 0.465820 0.009766 0.013672
0 0.649414 0.531250 0.009766 0.015625
0 0.521484 0.530273 0.035156 0.037109
0 0.093750 0.464844 0.007812 0.015625
0 0.127930 0.467773 0.021484 0.013672
0 0.175781 0.504883 0.023438 0.017578
0 0.314453 0.522461 0.015625 0.013672
0 0.339844 0.525391 0.015625 0.019531
0 0.440430 0.498047 0.017578 0.015625
0 0.528320 0.464844 0.029297 0.031250
0 0.250000 0.462891 0.015625 0.007812
0 0.218750 0.467773 0.007812 0.013672
0 0.166992 0.527344 0.013672 0.011719
0 0.197266 0.530273 0.011719 0.009766
0 0.495117 0.429688 0.033203 0.015625
0 0.541992 0.426758 0.037109 0.017578
0 0.592773 0.480469 0.013672 0.019531
0 0.378906 0.438477 0.011719 0.009766
0 0.346680 0.432617 0.029297 0.029297
0 0.092773 0.522461 0.009766 0.013672
0 0.130859 0.522461 0.015625 0.013672
0 0.273438 0.528320 0.042969 0.029297
0 0.129883 0.501953 0.017578 0.011719
0 0.296875 0.491211 0.015625 0.005859
0 0.324219 0.487305 0.011719 0.017578
0 0.421875 0.459961 0.031250 0.017578
0 0.524414 0.370117 0.017578 0.017578
0 0.527344 0.341797 0.011719 0.015625
0 0.380859 0.491211 0.023438 0.013672
0 0.693359 0.357422 0.007812 0.015625
