0 0.238281 0.327148 0.011719 0.009766
0 0.647461 0.535156 0.029297 0.027344
0 0.162109 0.334961 0.035156 0.033203
0 0.646484 0.645508 0.031250 0.033203
0 0.728516 0.639648 0.011719 0.009766
0 0.163086 0.165039 0.033203 0.033203
0 0.208984 0.179688 0.015625 0.007812
0 0.197266 0.139648 0.011719 0.013672
0 0.122070 0.343750 0.017578 0.019531
0 0.690430 0.663086 0.021484 0.025391
0 0.677734 0.628906 0.011719 0.011719
0 0.118164 0.159180 0.013672 0.013672
0 0.114258 0.136719 0.013672 0.011719
0 0.758789 0.596680 0.025391 0.021484
0 0.753906 0.568359 0.015625 0.007812
0 0.156250 0.218750 0.023438 0.027344
0 0.653320 0.590820 0.021484 0.009766
0 0.725586 0.529297 0.021484 0.019531
0 0.694336 0.599609 0.021484 0.019531
0 0.727539 0.472656 0.013672 0.027344
0 0.684570 0.472656 0.021484 0.031250
0 0.762695 0.526367 0.033203 0.025391
0 0.116211 0.196289 0.017578 0.017578
0 0.766602 0.640625 0.041016 0.042969
0 0.202148 0.350586 0.029297 0.017578
0 0.634766 0.487305 0.007812 0.017578
0 0.646484 0.458008 0.015625 0.009766
0 0.200195 0.213867 0.029297 0.021484
0 0.159180 0.282227 0.029297 0.029297
0 0.171875 0.250000 0.015625 0.011719
