0 0.478860 0.484055 0.027574 0.034169
0 0.635110 0.396355 0.031250 0.036446
0 0.603860 0.379271 0.009191 0.015945
0 0.532169 0.480638 0.023897 0.036446
0 0.561581 0.484055 0.012868 0.025057
0 0.574449 0.353075 0.009191 0.009112
0 0.533088 0.341686 0.018382 0.022779
0 0.527574 0.386105 0.025735 0.029613
0 0.563419 0.381549 0.020221 0.011390
0 0.568934 0.421412 0.009191 0.013667
0 0.471507 0.391800 0.034926 0.041002
0 0.690257 0.481777 0.016544 0.043280
0 0.660846 0.487472 0.012868 0.013667
0 0.488971 0.437358 0.022059 0.031891
0 0.456801 0.429385 0.009191 0.015945
0 0.698529 0.338269 0.011029 0.006834
0 0.631434 0.350797 0.012868 0.027335
0 0.606618 0.348519 0.011029 0.022779
0 0.473346 0.349658 0.016544 0.020501
0 0.678309 0.394077 0.014706 0.013667
0 0.712316 0.435080 0.016544 0.022779
0 0.674632 0.427107 0.007353 0.015945
0 0.623162 0.480638 0.040441 0.041002
0 0.596507 0.432802 0.023897 0.018223
