0 0.547619 0.719429 0.009921 0.028533
0 0.722718 0.798234 0.016865 0.033967
0 0.674603 0.663043 0.025794 0.029891
0 0.581845 0.665082 0.022817 0.014946
0 0.672619 0.726223 0.013889 0.025815
0 0.701885 0.730299 0.012897 0.012228
0 0.331845 0.594429 0.020833 0.028533
0 0.652778 0.763587 0.009921 0.016304
0 0.703373 0.748641 0.011905 0.013587
0 0.445933 0.684103 0.014881 0.031250
0 0.247024 0.631114 0.021825 0.028533
0 0.582341 0.758152 0.023810 0.032609
0 0.621528 0.751359 0.010913 0.013587
0 0.622024 0.675272 0.009921 0.013587
0 0.622520 0.789402 0.012897 0.021739
0 0.341270 0.666440 0.011905 0.020380
0 0.353671 0.668478 0.004960 0.019022
0 0.296627 0.592391 0.015873 0.016304
0 0.259921 0.591712 0.009921 0.014946
0 0.295139 0.663043 0.008929 0.029891
0 0.274802 0.665082 0.015873 0.028533
0 0.467262 0.725543 0.013889 0.013587
0 0.503968 0.721467 0.021825 0.029891
0 0.846230 0.746603 0.017857 0.012228
0 0.528770 0.698370 0.015873 0.019022
0 0.477679 0.690217 0.004960 0.013587
0 0.836806 0.681386 0.020833 0.028533
0 0.781746 0.687500 0.021825 0.029891
0 0.246528 0.699049 0.028770 0.033967
0 0.277282 0.694293 0.014881 0.019022
