0 0.738281 0.739258 0.035156 0.037109
0 0.819336 0.617188 0.033203 0.027344
0 0.814453 0.669922 0.027344 0.015625
0 0.659180 0.707031 0.021484 0.023438
0 0.696289 0.740234 0.017578 0.019531
0 0.691406 0.806641 0.046875 0.050781
0 0.821289 0.898438 0.017578 0.011719
0 0.818359 0.933594 0.011719 0.015625
0 0.741211 0.892578 0.037109 0.031250
0 0.604492 0.712891 0.041016 0.046875
0 0.616211 0.751953 0.025391 0.015625
0 0.777344 0.791992 0.027344 0.029297
0 0.740234 0.820312 0.023438 0.027344
0 0.582031 0.651367 0.015625 0.029297
0 0.676758 0.657227 0.041016 0.044922
0 0.661133 0.614258 0.013672 0.017578
0 0.825195 0.729492 0.017578 0.021484
0 0.798828 0.714844 0.015625 0.027344
0 0.696289 0.888672 0.025391 0.019531
0 0.624023 0.810547 0.033203 0.039062
0 0.580078 0.846680 0.011719 0.013672
0 0.621094 0.910156 0.042969 0.039062
0 0.746094 0.672852 0.027344 0.025391
0 0.847656 0.818359 0.035156 0.039062
0 0.822266 0.778320 0.011719 0.013672
