0 0.871094 0.818359 0.015625 0.027344
0 0.838867 0.810547 0.029297 0.039062
0 0.554688 0.562500 0.023438 0.015625
0 0.304688 0.544922 0.011719 0.015625
0 0.343750 0.537109 0.042969 0.031250
0 0.440430 0.598633 0.017578 0.009766
0 0.419922 0.632812 0.019531 0.023438
0 0.765625 0.757812 0.023438 0.039062
0 0.708984 0.779297 0.027344 0.015625
0 0.708008 0.823242 0.025391 0.037109
0 0.821289 0.650391 0.029297 0.035156
0 0.497070 0.614258 0.021484 0.029297
0 0.527344 0.610352 0.023438 0.025391
0 0.447266 0.444336 0.019531 0.021484
0 0.952148 0.663086 0.025391 0.029297
0 0.595703 0.632812 0.011719 0.019531
0 0.844727 0.701172 0.037109 0.035156
0 0.330078 0.408203 0.015625 0.015625
0 0.672852 0.648438 0.041016 0.039062
0 0.628906 0.662109 0.031250 0.019531
0 0.628906 0.756836 0.031250 0.033203
0 0.675781 0.764648 0.015625 0.017578
0 0.762695 0.657227 0.013672 0.009766
0 0.722656 0.656250 0.023438 0.031250
0 0.389648 0.378906 0.037109 0.027344
0 0.427734 0.552734 0.031250 0.031250
0 0.722656 0.709961 0.019531 0.025391
0 0.575195 0.456055 0.017578 0.017578
0 0.617188 0.426758 0.015625 0.013672
0 0.977539 0.687500 0.009766 0.011719
