0 0.646766 0.325933 0.023217 0.023091
0 0.424544 0.721137 0.026534 0.031972
0 0.425373 0.774423 0.028192 0.024867
0 0.605307 0.809947 0.019900 0.017762
0 0.534826 0.806394 0.021559 0.021314
0 0.362355 0.158970 0.011609 0.008881
0 0.429519 0.214920 0.019900 0.014210
0 0.109453 0.196270 0.036484 0.040853
0 0.157546 0.214032 0.016584 0.012433
0 0.106136 0.257549 0.026534 0.035524
0 0.150912 0.248668 0.026534 0.031972
0 0.813433 0.835702 0.034826 0.023091
0 0.763682 0.835702 0.014925 0.012433
0 0.622720 0.678508 0.014925 0.007105
0 0.456053 0.777975 0.013267 0.017762
0 0.747098 0.805506 0.024876 0.015986
0 0.828358 0.804618 0.011609 0.017762
0 0.574627 0.595027 0.018242 0.017762
0 0.536484 0.690941 0.031509 0.046181
0 0.538972 0.766430 0.023217 0.026643
0 0.289386 0.643872 0.038143 0.044405
0 0.286899 0.577265 0.029851 0.028419
0 0.481758 0.867673 0.011609 0.012433
0 0.451078 0.831261 0.016584 0.014210
0 0.345771 0.714032 0.021559 0.024867
0 0.335821 0.680284 0.011609 0.010657
0 0.147595 0.502664 0.019900 0.017762
0 0.202322 0.386323 0.013267 0.012433
0 0.150912 0.388099 0.033167 0.040853
0 0.510779 0.373890 0.009950 0.008881
