0 0.114844 0.123438 0.017188 0.018750
0 0.739062 0.276562 0.028125 0.025000
0 0.768750 0.226562 0.015625 0.015625
0 0.110156 0.085938 0.026562 0.028125
0 0.335156 0.205469 0.014063 0.032813
0 0.848437 0.349219 0.043750 0.042188
0 0.903906 0.380469 0.020313 0.007812
0 0.345313 0.401562 0.028125 0.028125
0 0.164844 0.042969 0.014063 0.023438
0 0.076563 0.130469 0.028125 0.032813
0 0.139844 0.080469 0.017188 0.017188
0 0.433594 0.414062 0.023438 0.028125
0 0.428906 0.373437 0.020313 0.015625
0 0.075000 0.042188 0.015625 0.015625
0 0.436719 0.501563 0.023438 0.028125
0 0.430469 0.461719 0.014063 0.014063
0 0.170313 0.086719 0.028125 0.020313
0 0.465625 0.315625 0.031250 0.018750
0 0.435156 0.198437 0.023438 0.031250
0 0.397656 0.356250 0.017188 0.021875
0 0.339062 0.459375 0.015625 0.012500
0 0.342969 0.507031 0.026562 0.026562
0 0.757031 0.308594 0.032813 0.020313
0 0.750000 0.353125 0.031250 0.028125
0 0.073438 0.169531 0.021875 0.020313
0 0.174219 0.173437 0.023438 0.031250
0 0.388281 0.501563 0.020313 0.025000
0 0.712500 0.235156 0.012500 0.014063
0 0.681250 0.268750 0.012500 0.012500
0 0.933594 0.200781 0.014063 0.014063
