0 0.172852 0.601562 0.021484 0.023438
0 0.162109 0.957031 0.019531 0.019531
0 0.113281 0.400391 0.031250 0.015625
0 0.341797 0.291992 0.042969 0.037109
0 0.366211 0.216797 0.029297 0.035156
0 0.246094 0.361328 0.015625 0.015625
0 0.788086 0.258789 0.033203 0.025391
0 0.482422 0.365234 0.039062 0.035156
0 0.304688 0.866211 0.035156 0.025391
0 0.315430 0.812500 0.013672 0.023438
0 0.341797 0.837891 0.015625 0.015625
0 0.874023 0.191406 0.025391 0.031250
0 0.380859 0.853516 0.015625 0.027344
0 0.883789 0.082031 0.048828 0.046875
0 0.430664 0.281250 0.013672 0.019531
0 0.518555 0.244141 0.033203 0.035156
0 0.393555 0.806641 0.013672 0.015625
0 0.362305 0.800781 0.025391 0.011719
0 0.332031 0.526367 0.027344 0.017578
0 0.306641 0.467773 0.011719 0.005859
0 0.353516 0.108398 0.015625 0.029297
0 0.408203 0.117188 0.011719 0.023438
0 0.136719 0.545898 0.031250 0.025391
0 0.270508 0.864258 0.017578 0.013672
0 0.292969 0.573242 0.019531 0.021484
0 0.064453 0.640625 0.007812 0.015625
0 0.075195 0.581055 0.013672 0.017578
0 0.821289 0.125977 0.025391 0.017578
0 0.152344 0.249023 0.007812 0.017578
0 0.182617 0.902344 0.025391 0.027344
