0 0.675000 0.553125 0.031250 0.028125
0 0.876563 0.417187 0.009375 0.021875
0 0.903125 0.461719 0.037500 0.032813
0 0.627344 0.166406 0.029687 0.020313
0 0.590625 0.135937 0.021875 0.031250
0 0.657813 0.316406 0.012500 0.020313
0 0.675000 0.181250 0.031250 0.012500
0 0.867969 0.174219 0.017188 0.010937
0 0.892969 0.228125 0.042188 0.025000
0 0.598437 0.333594 0.012500 0.020313
0 0.894531 0.350000 0.014063 0.018750
0 0.905469 0.301563 0.017188 0.028125
0 0.698438 0.241406 0.031250 0.032813
0 0.378125 0.158594 0.028125 0.032813
0 0.419531 0.181250 0.020313 0.021875
0 0.518750 0.176563 0.012500 0.006250
0 0.521875 0.139844 0.031250 0.035937
0 0.424219 0.387500 0.014063 0.015625
0 0.397656 0.403906 0.017188 0.017188
0 0.592969 0.228906 0.007812 0.014063
0 0.692969 0.412500 0.010937 0.037500
0 0.700781 0.479687 0.023438 0.025000
0 0.832031 0.211719 0.032813 0.014063
0 0.525000 0.288281 0.015625 0.020313
0 0.482031 0.307812 0.045312 0.043750
0 0.697656 0.205469 0.010937 0.017188
0 0.757812 0.182031 0.025000 0.023438
0 0.761719 0.222656 0.026562 0.026562
0 0.514062 0.360938 0.012500 0.015625
0 0.830469 0.546875 0.048438 0.043750
