0 0.764062 0.389583 0.014063 0.018056
0 0.743359 0.384028 0.014844 0.031944
0 0.385937 0.475000 0.017188 0.038889
0 0.271094 0.259028 0.021875 0.029167
0 0.296484 0.188889 0.017969 0.025000
0 0.700000 0.379861 0.021875 0.040278
0 0.671875 0.380556 0.009375 0.016667
0 0.396875 0.238194 0.010937 0.018056
0 0.465234 0.231944 0.011719 0.016667
0 0.494922 0.333333 0.011719 0.016667
0 0.499609 0.305556 0.010156 0.016667
0 0.177734 0.188889 0.013281 0.016667
0 0.157422 0.263194 0.021094 0.043056
0 0.751563 0.352778 0.007812 0.011111
0 0.554688 0.427778 0.012500 0.022222
0 0.570703 0.439583 0.005469 0.018056
0 0.340234 0.367361 0.010156 0.023611
0 0.318750 0.318750 0.020313 0.026389
0 0.357812 0.449306 0.017188 0.034722
0 0.573438 0.377083 0.007812 0.029167
0 0.622266 0.895139 0.013281 0.026389
0 0.608984 0.812500 0.021094 0.047222
0 0.471094 0.300000 0.007812 0.016667
0 0.349609 0.702083 0.025781 0.037500
0 0.369531 0.721528 0.007812 0.012500
0 0.270703 0.060417 0.017969 0.026389
0 0.745313 0.429167 0.020313 0.025000
0 0.782813 0.431250 0.006250 0.012500
0 0.397656 0.139583 0.028125 0.045833
0 0.544922 0.111806 0.007031 0.023611
