0 0.772461 0.310547 0.017578 0.015625
0 0.752930 0.280273 0.009766 0.013672
0 0.771484 0.352539 0.039062 0.041016
0 0.766602 0.231445 0.025391 0.017578
0 0.874023 0.229492 0.033203 0.044922
0 0.767578 0.425781 0.031250 0.042969
0 0.687500 0.369141 0.011719 0.019531
0 0.720703 0.349609 0.035156 0.031250
0 0.808594 0.241211 0.007812 0.013672
0 0.712891 0.248047 0.035156 0.031250
0 0.715820 0.289062 0.013672 0.019531
0 0.688477 0.298828 0.013672 0.015625
0 0.814453 0.408203 0.015625 0.011719
0 0.818359 0.435547 0.019531 0.027344
0 0.708008 0.416016 0.041016 0.042969
0 0.889648 0.379883 0.009766 0.013672
0 0.894531 0.345703 0.019531 0.019531
0 0.825195 0.303711 0.037109 0.033203
0 0.893555 0.300781 0.017578 0.027344
0 0.833984 0.373047 0.035156 0.027344
0 0.845703 0.334961 0.011719 0.009766
0 0.890625 0.436523 0.031250 0.033203
