0 0.274414 0.792969 0.025391 0.027344
0 0.249023 0.786133 0.009766 0.017578
0 0.813477 0.680664 0.033203 0.033203
0 0.852539 0.624023 0.037109 0.013672
0 0.556641 0.771484 0.007812 0.015625
0 0.656250 0.457031 0.031250 0.031250
0 0.639648 0.555664 0.041016 0.033203
0 0.741211 0.555664 0.017578 0.013672
0 0.427734 0.639648 0.019531 0.013672
0 0.606445 0.767578 0.037109 0.023438
0 0.663086 0.851562 0.021484 0.042969
0 0.776367 0.339844 0.029297 0.042969
0 0.737305 0.854492 0.041016 0.033203
0 0.652344 0.755859 0.035156 0.035156
0 0.269531 0.739258 0.007812 0.013672
0 0.239258 0.730469 0.017578 0.015625
0 0.702148 0.778320 0.025391 0.029297
0 0.750977 0.746094 0.017578 0.023438
0 0.419922 0.692383 0.042969 0.037109
0 0.263672 0.867188 0.023438 0.023438
0 0.321289 0.751953 0.029297 0.027344
0 0.361328 0.746094 0.015625 0.015625
0 0.490234 0.754883 0.019531 0.025391
0 0.714844 0.458984 0.023438 0.019531
0 0.739258 0.505859 0.017578 0.023438
0 0.858398 0.225586 0.017578 0.013672
0 0.870117 0.252930 0.013672 0.017578
0 0.689453 0.663086 0.023438 0.021484
0 0.746094 0.622070 0.015625 0.021484
0 0.639648 0.375977 0.044922 0.044922
