0 0.560547 0.776367 0.019531 0.009766
0 0.763672 0.794922 0.019531 0.035156
0 0.865234 0.958008 0.015625 0.009766
0 0.889648 0.958008 0.013672 0.009766
0 0.804688 0.901367 0.031250 0.033203
0 0.584961 0.765625 0.013672 0.011719
0 0.666016 0.831055 0.019531 0.029297
0 0.606445 0.833008 0.017578 0.017578
0 0.608398 0.858398 0.017578 0.017578
0 0.633789 0.861328 0.017578 0.015625
0 0.756836 0.958008 0.017578 0.009766
0 0.661133 0.789062 0.013672 0.015625
0 0.686523 0.792969 0.009766 0.015625
0 0.768555 0.870117 0.029297 0.013672
0 0.632812 0.831055 0.019531 0.017578
0 0.611328 0.780273 0.015625 0.009766
0 0.733398 0.855469 0.013672 0.015625
0 0.706055 0.852539 0.009766 0.029297
0 0.791016 0.958008 0.011719 0.009766
0 0.633789 0.802734 0.017578 0.019531
0 0.685547 0.862305 0.015625 0.017578
0 0.820312 0.838867 0.011719 0.009766
0 0.750977 0.829102 0.021484 0.017578
0 0.556641 0.862305 0.015625 0.021484
0 0.916016 0.978516 0.011719 0.011719
0 0.626953 0.970703 0.015625 0.015625
0 0.858398 0.978516 0.017578 0.011719
0 0.722656 0.926758 0.027344 0.029297
0 0.654297 0.901367 0.015625 0.013672
0 0.683594 0.892578 0.011719 0.015625
