0 0.494141 0.595703 0.015625 0.011719
0 0.484375 0.564453 0.039062 0.035156
0 0.550781 0.493164 0.031250 0.033203
0 0.448242 0.516602 0.021484 0.021484
0 0.475586 0.518555 0.013672 0.021484
0 0.753906 0.624023 0.027344 0.033203
0 0.546875 0.782227 0.019531 0.017578
0 0.579102 0.794922 0.021484 0.023438
0 0.265625 0.291992 0.027344 0.029297
0 0.518555 0.497070 0.013672 0.009766
0 0.384766 0.790039 0.031250 0.029297
0 0.431641 0.813477 0.019531 0.021484
0 0.350586 0.646484 0.025391 0.015625
0 0.402344 0.665039 0.023438 0.013672
0 0.416016 0.631836 0.031250 0.037109
0 0.318359 0.423828 0.015625 0.019531
0 0.583984 0.439453 0.042969 0.039062
0 0.843750 0.436523 0.031250 0.033203
0 0.797852 0.407227 0.017578 0.037109
0 0.644531 0.533203 0.031250 0.031250
0 0.680664 0.516602 0.017578 0.021484
0 0.661133 0.428711 0.033203 0.021484
0 0.212891 0.451172 0.015625 0.011719
0 0.207031 0.430664 0.015625 0.009766
0 0.645508 0.469727 0.017578 0.009766
0 0.558594 0.529297 0.007812 0.015625
0 0.208984 0.287109 0.019531 0.019531
0 0.222656 0.309570 0.011719 0.005859
0 0.210938 0.367188 0.027344 0.039062
0 0.217773 0.331055 0.013672 0.017578
