0 0.466216 0.540997 0.018919 0.017685
0 0.604054 0.190514 0.029730 0.024116
0 0.631757 0.188103 0.006757 0.016077
0 0.483108 0.647910 0.009459 0.012862
0 0.470946 0.622186 0.025676 0.025723
0 0.570270 0.215434 0.013514 0.019293
0 0.752027 0.672830 0.017568 0.014469
0 0.734459 0.709003 0.025676 0.041801
0 0.516892 0.577170 0.012162 0.016077
0 0.642568 0.690514 0.012162 0.024116
0 0.604054 0.654341 0.013514 0.016077
0 0.816892 0.413183 0.033784 0.045016
0 0.723649 0.164791 0.017568 0.011254
0 0.625676 0.528939 0.043243 0.045016
0 0.524324 0.630225 0.032432 0.038585
0 0.518243 0.491158 0.039189 0.049839
0 0.600676 0.454180 0.020270 0.017685
0 0.608784 0.490354 0.012162 0.009646
0 0.369595 0.700161 0.020270 0.027331
0 0.804730 0.525723 0.020270 0.019293
0 0.831757 0.540997 0.022973 0.030547
0 0.481081 0.741158 0.010811 0.012862
0 0.470946 0.696945 0.020270 0.024116
0 0.570946 0.492765 0.012162 0.014469
0 0.539865 0.189711 0.014865 0.016077
0 0.417568 0.506431 0.035135 0.032154
0 0.368919 0.506431 0.029730 0.028939
0 0.551351 0.432476 0.018919 0.028939
0 0.527027 0.403537 0.018919 0.028939
0 0.753378 0.395498 0.009459 0.012862
