0 0.513636 0.565097 0.018182 0.027701
0 0.309848 0.648199 0.016667 0.027701
0 0.474242 0.567867 0.009091 0.011080
0 0.487879 0.566482 0.006061 0.013850
0 0.555303 0.515235 0.007576 0.011080
0 0.342424 0.855956 0.012121 0.027701
0 0.634848 0.516620 0.021212 0.041551
0 0.434091 0.821330 0.013636 0.019391
0 0.875758 0.331025 0.024242 0.036011
0 0.918182 0.335180 0.018182 0.027701
0 0.622727 0.875346 0.012121 0.033241
0 0.602273 0.695291 0.010606 0.022161
0 0.678788 0.387812 0.024242 0.038781
0 0.642424 0.380886 0.009091 0.019391
0 0.631061 0.635734 0.010606 0.013850
0 0.601515 0.644044 0.021212 0.019391
0 0.069697 0.777008 0.015152 0.019391
0 0.040909 0.775623 0.009091 0.022161
0 0.837879 0.278393 0.009091 0.024931
0 0.746212 0.693906 0.016667 0.013850
0 0.701515 0.693906 0.015152 0.024931
0 0.754545 0.296399 0.018182 0.027701
0 0.323485 0.527701 0.010606 0.013850
0 0.300758 0.554017 0.013636 0.027701
0 0.519697 0.491690 0.006061 0.013850
0 0.539394 0.558172 0.021212 0.041551
0 0.120455 0.858726 0.010606 0.022161
0 0.316667 0.772853 0.009091 0.016620
0 0.343939 0.772853 0.009091 0.016620
0 0.382576 0.506925 0.010606 0.016620
