0 0.381836 0.359375 0.017578 0.027344
0 0.383789 0.450195 0.017578 0.033203
0 0.491211 0.361328 0.017578 0.019531
0 0.527344 0.365234 0.015625 0.027344
0 0.354492 0.580078 0.013672 0.007812
0 0.418945 0.603516 0.029297 0.027344
0 0.620117 0.396484 0.013672 0.019531
0 0.580078 0.430664 0.007812 0.017578
0 0.375000 0.766602 0.027344 0.029297
0 0.190430 0.852539 0.029297 0.025391
0 0.251953 0.759766 0.015625 0.007812
0 0.381836 0.287109 0.029297 0.023438
0 0.326172 0.304688 0.042969 0.042969
0 0.560547 0.363281 0.011719 0.015625
0 0.722656 0.409180 0.019531 0.013672
0 0.623047 0.456055 0.023438 0.029297
0 0.601562 0.489258 0.031250 0.013672
0 0.273438 0.458984 0.027344 0.027344
0 0.432617 0.405273 0.029297 0.041016
0 0.491211 0.417969 0.021484 0.019531
0 0.023438 0.869141 0.007812 0.015625
0 0.107422 0.895508 0.011719 0.009766
0 0.280273 0.883789 0.013672 0.033203
0 0.359375 0.407227 0.019531 0.037109
0 0.336914 0.411133 0.009766 0.017578
0 0.044922 0.634766 0.019531 0.019531
0 0.090820 0.575195 0.013672 0.017578
0 0.708008 0.315430 0.021484 0.021484
0 0.760742 0.302734 0.013672 0.011719
0 0.566406 0.295898 0.035156 0.037109
