0 0.225586 0.547852 0.021484 0.029297
0 0.463867 0.298828 0.017578 0.023438
0 0.371094 0.377930 0.015625 0.013672
0 0.380859 0.403320 0.019531 0.013672
0 0.377930 0.435547 0.033203 0.023438
0 0.455078 0.516602 0.027344 0.021484
0 0.401367 0.495117 0.009766 0.013672
0 0.493164 0.828125 0.009766 0.023438
0 0.556641 0.823242 0.011719 0.017578
0 0.280273 0.452148 0.013672 0.013672
0 0.315430 0.459961 0.041016 0.025391
0 0.490234 0.623047 0.027344 0.019531
0 0.468750 0.374023 0.027344 0.029297
0 0.524414 0.781250 0.025391 0.023438
0 0.557617 0.783203 0.013672 0.019531
0 0.223633 0.607422 0.041016 0.019531
0 0.258789 0.598633 0.013672 0.013672
0 0.608398 0.591797 0.017578 0.015625
0 0.516602 0.439453 0.025391 0.027344
0 0.445312 0.663086 0.015625 0.017578
0 0.569336 0.371094 0.017578 0.039062
0 0.501953 0.596680 0.015625 0.017578
0 0.478516 0.596680 0.011719 0.013672
0 0.158203 0.721680 0.011719 0.009766
0 0.552734 0.573242 0.019531 0.021484
0 0.576172 0.565430 0.007812 0.013672
0 0.659180 0.452148 0.029297 0.029297
0 0.700195 0.460938 0.025391 0.015625
0 0.458008 0.800781 0.017578 0.023438
0 0.388672 0.792969 0.035156 0.027344
