0 0.349359 0.455492 0.008974 0.013258
0 0.325000 0.498106 0.011538 0.015152
0 0.342949 0.665720 0.019231 0.024621
0 0.309615 0.660985 0.014103 0.030303
0 0.145513 0.668561 0.029487 0.034091
0 0.165385 0.465909 0.015385 0.011364
0 0.132051 0.478220 0.015385 0.028409
0 0.192949 0.570076 0.019231 0.022727
0 0.226923 0.545455 0.007692 0.011364
0 0.042308 0.633523 0.017949 0.013258
0 0.037821 0.568182 0.016667 0.026515
0 0.167949 0.410985 0.020513 0.018939
0 0.207051 0.395833 0.011538 0.026515
0 0.107051 0.628788 0.014103 0.022727
0 0.111538 0.438447 0.007692 0.013258
0 0.241667 0.274621 0.014103 0.022727
0 0.314744 0.353220 0.019231 0.028409
0 0.433974 0.410038 0.011538 0.017045
0 0.156410 0.778409 0.015385 0.026515
0 0.178205 0.796402 0.015385 0.020833
0 0.207692 0.670455 0.010256 0.015152
0 0.216026 0.720644 0.014103 0.020833
0 0.255769 0.667614 0.032051 0.043561
0 0.287179 0.707386 0.017949 0.039773
0 0.110256 0.269886 0.023077 0.035985
0 0.404487 0.552083 0.016667 0.020833
0 0.239103 0.338068 0.011538 0.017045
0 0.303205 0.806818 0.008974 0.015152
0 0.230769 0.405303 0.025641 0.037879
0 0.235897 0.439394 0.010256 0.011364
