0 0.466797 0.365234 0.027344 0.019531
0 0.254883 0.474609 0.025391 0.023438
0 0.537109 0.194336 0.031250 0.021484
0 0.500000 0.210938 0.023438 0.027344
0 0.260742 0.399414 0.013672 0.017578
0 0.589844 0.607422 0.015625 0.019531
0 0.081055 0.354492 0.025391 0.037109
0 0.782227 0.696289 0.037109 0.033203
0 0.952148 0.633789 0.029297 0.037109
0 0.889648 0.646484 0.021484 0.031250
0 0.818359 0.841797 0.023438 0.011719
0 0.826172 0.867188 0.019531 0.023438
0 0.676758 0.072266 0.044922 0.042969
0 0.666016 0.532227 0.023438 0.029297
0 0.608398 0.482422 0.029297 0.027344
0 0.594727 0.531250 0.017578 0.023438
0 0.737305 0.315430 0.033203 0.033203
0 0.734375 0.358398 0.035156 0.037109
0 0.127930 0.368164 0.017578 0.017578
0 0.090820 0.414062 0.033203 0.031250
0 0.517578 0.302734 0.015625 0.011719
0 0.856445 0.261719 0.021484 0.023438
0 0.853516 0.212891 0.011719 0.023438
0 0.730469 0.459961 0.046875 0.044922
0 0.949219 0.497070 0.027344 0.029297
0 0.912109 0.474609 0.015625 0.007812
0 0.198242 0.420898 0.041016 0.029297
0 0.862305 0.315430 0.025391 0.029297
0 0.852539 0.368164 0.029297 0.037109
0 0.308594 0.506836 0.015625 0.025391
