0 0.710938 0.463867 0.011719 0.009766
0 0.314453 0.539062 0.027344 0.019531
0 0.313477 0.285156 0.017578 0.015625
0 0.925781 0.164062 0.023438 0.015625
0 0.913086 0.122070 0.013672 0.025391
0 0.709961 0.509766 0.025391 0.019531
0 0.684570 0.514648 0.009766 0.013672
0 0.647461 0.452148 0.017578 0.029297
0 0.816406 0.618164 0.015625 0.009766
0 0.242188 0.455078 0.023438 0.031250
0 0.245117 0.409180 0.017578 0.017578
0 0.572266 0.471680 0.019531 0.013672
0 0.240234 0.506836 0.023438 0.025391
0 0.851562 0.646484 0.023438 0.027344
0 0.619141 0.357422 0.019531 0.019531
0 0.554688 0.350586 0.023438 0.037109
0 0.481445 0.811523 0.009766 0.017578
0 0.450195 0.780273 0.037109 0.029297
0 0.777344 0.536133 0.015625 0.017578
0 0.790039 0.604492 0.021484 0.017578
0 0.314453 0.491211 0.015625 0.025391
0 0.858398 0.542969 0.013672 0.027344
0 0.682617 0.318359 0.037109 0.015625
0 0.781250 0.326172 0.031250 0.027344
0 0.950195 0.343750 0.041016 0.019531
0 0.885742 0.356445 0.037109 0.041016
0 0.572266 0.224609 0.019531 0.007812
0 0.564453 0.189453 0.027344 0.027344
0 0.882812 0.646484 0.019531 0.011719
0 0.488281 0.611328 0.019531 0.011719
