0 0.404687 0.563281 0.015625 0.014063
0 0.406250 0.594531 0.034375 0.032813
0 0.221094 0.637500 0.023438 0.034375
0 0.379688 0.704688 0.015625 0.012500
0 0.825781 0.142187 0.026562 0.025000
0 0.744531 0.143750 0.017188 0.018750
0 0.078125 0.735156 0.031250 0.026562
0 0.117969 0.745313 0.029687 0.040625
0 0.330469 0.567969 0.045312 0.045312
0 0.437500 0.574219 0.015625 0.010937
0 0.431250 0.556250 0.009375 0.012500
0 0.493750 0.625781 0.034375 0.035937
0 0.532031 0.625781 0.014063 0.007812
0 0.925000 0.054688 0.018750 0.012500
0 0.853906 0.058594 0.010937 0.020313
0 0.650000 0.089063 0.034375 0.021875
0 0.710938 0.088281 0.021875 0.026562
0 0.538281 0.084375 0.017188 0.015625
0 0.607812 0.085938 0.028125 0.021875
0 0.331250 0.678906 0.015625 0.023438
0 0.258594 0.465625 0.020313 0.034375
0 0.351562 0.482031 0.018750 0.007812
0 0.192188 0.702344 0.021875 0.039062
0 0.156250 0.690625 0.031250 0.043750
0 0.474219 0.519531 0.014063 0.029687
0 0.514844 0.511719 0.020313 0.023438
0 0.225781 0.600000 0.026562 0.015625
0 0.212500 0.555469 0.034375 0.032813
0 0.099219 0.676562 0.035937 0.015625
0 0.113281 0.703125 0.026562 0.015625
