0 0.763281 0.658594 0.020313 0.039062
0 0.757031 0.624219 0.014063 0.017188
0 0.491406 0.107031 0.014063 0.026562
0 0.523438 0.110156 0.025000 0.023438
0 0.461719 0.191406 0.023438 0.035937
0 0.813281 0.453125 0.017188 0.021875
0 0.812500 0.492188 0.025000 0.015625
0 0.407031 0.141406 0.014063 0.014063
0 0.386719 0.057813 0.029687 0.043750
0 0.303906 0.043750 0.014063 0.015625
0 0.794531 0.382812 0.010937 0.015625
0 0.790625 0.319531 0.012500 0.010937
0 0.590625 0.103125 0.031250 0.040625
0 0.625000 0.102344 0.009375 0.017188
0 0.813281 0.633594 0.014063 0.017188
0 0.812500 0.672656 0.018750 0.032813
0 0.764062 0.433594 0.018750 0.023438
0 0.759375 0.497656 0.012500 0.007812
0 0.783594 0.471094 0.020313 0.017188
0 0.790625 0.414062 0.012500 0.015625
0 0.763281 0.388281 0.014063 0.014063
0 0.760156 0.357031 0.026562 0.026562
0 0.767188 0.567969 0.012500 0.014063
0 0.757031 0.544531 0.020313 0.010937
0 0.814063 0.376563 0.015625 0.021875
0 0.263281 0.146094 0.032813 0.035937
0 0.821094 0.561719 0.010937 0.023438
0 0.343750 0.103125 0.028125 0.012500
0 0.398438 0.100781 0.018750 0.020313
0 0.739844 0.515625 0.014063 0.015625
