0 0.183746 0.410112 0.021201 0.022472
0 0.420495 0.334270 0.014134 0.028090
0 0.699647 0.516854 0.014134 0.022472
0 0.332155 0.786517 0.014134 0.044944
0 0.657244 0.592697 0.014134 0.028090
0 0.614841 0.674157 0.021201 0.033708
0 0.166078 0.331461 0.014134 0.033708
0 0.250883 0.808989 0.014134 0.022472
0 0.678445 0.719101 0.021201 0.033708
0 0.293286 0.325843 0.014134 0.033708
0 0.113074 0.325843 0.028269 0.044944
0 0.699647 0.654494 0.021201 0.028090
0 0.371025 0.382022 0.014134 0.022472
0 0.300353 0.452247 0.021201 0.028090
0 0.593640 0.744382 0.014134 0.028090
0 0.621908 0.752809 0.014134 0.033708
0 0.261484 0.873596 0.014134 0.028090
0 0.233216 0.859551 0.014134 0.022472
0 0.650177 0.654494 0.021201 0.039326
0 0.385159 0.778090 0.014134 0.028090
0 0.604240 0.601124 0.021201 0.022472
0 0.328622 0.941011 0.028269 0.050562
0 0.381625 0.867978 0.014134 0.028090
0 0.284452 0.938202 0.017668 0.044944
0 0.759717 0.733146 0.014134 0.039326
0 0.051237 0.398876 0.017668 0.033708
0 0.279152 0.741573 0.021201 0.033708
0 0.325088 0.707865 0.014134 0.022472
0 0.780919 0.620787 0.014134 0.028090
0 0.752650 0.601124 0.014134 0.022472
