0 0.319531 0.813889 0.017188 0.027778
0 0.136719 0.681944 0.014063 0.025000
0 0.315625 0.606944 0.009375 0.019444
0 0.367969 0.612500 0.020313 0.025000
0 0.225000 0.433333 0.018750 0.022222
0 0.258594 0.377778 0.020313 0.033333
0 0.420312 0.683333 0.015625 0.033333
0 0.410156 0.633333 0.017188 0.038889
0 0.407813 0.494444 0.009375 0.011111
0 0.168750 0.543056 0.025000 0.036111
0 0.201563 0.495833 0.018750 0.036111
0 0.192188 0.447222 0.021875 0.038889
0 0.334375 0.409722 0.021875 0.036111
0 0.384375 0.390278 0.006250 0.013889
0 0.156250 0.777778 0.018750 0.027778
0 0.192188 0.812500 0.018750 0.019444
0 0.479687 0.812500 0.015625 0.025000
0 0.378125 0.522222 0.006250 0.016667
0 0.328125 0.525000 0.015625 0.022222
0 0.282813 0.679167 0.021875 0.013889
0 0.256250 0.609722 0.015625 0.019444
0 0.268750 0.758333 0.018750 0.027778
0 0.294531 0.505556 0.023438 0.038889
0 0.425000 0.429167 0.015625 0.025000
