0 0.310000 0.763441 0.013846 0.043011
0 0.274615 0.813620 0.013846 0.028674
0 0.306154 0.822581 0.006154 0.025090
0 0.123846 0.763441 0.007692 0.035842
0 0.160769 0.754480 0.013846 0.039427
0 0.298462 0.637993 0.006154 0.014337
0 0.324615 0.548387 0.012308 0.035842
0 0.076923 0.756272 0.006154 0.021505
0 0.107692 0.702509 0.009231 0.021505
0 0.073077 0.706093 0.010769 0.028674
0 0.203077 0.811828 0.006154 0.017921
0 0.381538 0.417563 0.006154 0.017921
0 0.232308 0.675627 0.006154 0.017921
0 0.244615 0.675627 0.006154 0.025090
0 0.201538 0.707885 0.009231 0.039427
0 0.217692 0.711470 0.010769 0.039427
0 0.203077 0.768817 0.006154 0.032258
0 0.194615 0.652330 0.007692 0.014337
0 0.149231 0.469534 0.009231 0.043011
0 0.170769 0.437276 0.018462 0.035842
0 0.153846 0.698925 0.006154 0.021505
0 0.264615 0.734767 0.009231 0.035842
0 0.273846 0.775986 0.006154 0.017921
0 0.410000 0.544803 0.016923 0.035842
0 0.343077 0.448029 0.018462 0.043011
0 0.067692 0.815412 0.009231 0.017921
0 0.100769 0.822581 0.010769 0.017921
0 0.130000 0.535842 0.013846 0.017921
0 0.159231 0.566308 0.016923 0.028674
0 0.160000 0.625448 0.006154 0.017921
