0 0.237305 0.583008 0.017578 0.021484
0 0.339844 0.598633 0.011719 0.009766
0 0.340820 0.572266 0.013672 0.007812
0 0.272461 0.529297 0.021484 0.035156
0 0.812500 0.439453 0.035156 0.031250
0 0.151367 0.685547 0.009766 0.023438
0 0.169922 0.693359 0.007812 0.015625
0 0.868164 0.221680 0.029297 0.025391
0 0.898438 0.252930 0.027344 0.013672
0 0.211914 0.620117 0.009766 0.013672
0 0.379883 0.613281 0.025391 0.031250
0 0.423828 0.747070 0.019531 0.029297
0 0.244141 0.635742 0.015625 0.025391
0 0.724609 0.364258 0.035156 0.021484
0 0.760742 0.350586 0.013672 0.009766
0 0.303711 0.591797 0.033203 0.035156
0 0.866211 0.340820 0.021484 0.025391
0 0.900391 0.340820 0.023438 0.013672
0 0.304688 0.466797 0.027344 0.031250
0 0.819336 0.244141 0.033203 0.027344
0 0.860352 0.445312 0.021484 0.023438
0 0.154297 0.639648 0.023438 0.017578
0 0.184570 0.656250 0.009766 0.027344
0 0.328125 0.699219 0.046875 0.035156
0 0.972656 0.508789 0.023438 0.029297
0 0.414062 0.656250 0.019531 0.027344
0 0.900391 0.547852 0.019531 0.009766
0 0.863281 0.520508 0.015625 0.017578
0 0.277344 0.471680 0.007812 0.017578
0 0.264648 0.592773 0.021484 0.017578
