0 0.124774 0.427653 0.010850 0.012862
0 0.092224 0.352090 0.007233 0.016077
0 0.671790 0.475884 0.019892 0.038585
0 0.620253 0.728296 0.007233 0.016077
0 0.562387 0.734727 0.007233 0.016077
0 0.190778 0.506431 0.023508 0.022508
0 0.163653 0.509646 0.016275 0.041801
0 0.105787 0.110932 0.012658 0.035370
0 0.116637 0.167203 0.016275 0.038585
0 0.538879 0.794212 0.018083 0.032154
0 0.517179 0.789389 0.007233 0.016077
0 0.475588 0.803859 0.010850 0.012862
0 0.826401 0.223473 0.010850 0.016077
0 0.867993 0.175241 0.007233 0.016077
0 0.470163 0.763666 0.021700 0.028939
0 0.434901 0.765273 0.016275 0.025723
0 0.710669 0.480707 0.010850 0.035370
0 0.773960 0.352090 0.007233 0.016077
0 0.462929 0.189711 0.010850 0.012862
0 0.535262 0.704180 0.007233 0.025723
0 0.488246 0.702572 0.007233 0.016077
0 0.668174 0.763666 0.016275 0.028939
0 0.636528 0.765273 0.018083 0.019293
0 0.236890 0.167203 0.018083 0.019293
0 0.748644 0.310289 0.014467 0.041801
0 0.691682 0.299035 0.009042 0.012862
0 0.273056 0.331190 0.018083 0.032154
0 0.454792 0.700965 0.009042 0.019293
0 0.327306 0.085209 0.007233 0.009646
0 0.339060 0.173633 0.009042 0.012862
