0 0.436916 0.374419 0.009346 0.018605
0 0.211449 0.875581 0.016355 0.016279
0 0.273364 0.345349 0.051402 0.044186
0 0.240654 0.877907 0.018692 0.016279
0 0.504673 0.420930 0.037383 0.041860
0 0.543224 0.373256 0.016355 0.030233
0 0.586449 0.387209 0.037383 0.039535
0 0.370327 0.350000 0.039720 0.039535
0 0.134346 0.340698 0.016355 0.016279
0 0.101636 0.462791 0.044393 0.037209
0 0.489486 0.362791 0.039720 0.018605
0 0.663551 0.450000 0.042056 0.039535
0 0.274533 0.860465 0.011682 0.013953
0 0.478972 0.580233 0.028037 0.020930
0 0.522196 0.563953 0.011682 0.016279
0 0.412383 0.524419 0.021028 0.025581
0 0.448598 0.540698 0.014019 0.006977
0 0.264019 0.825581 0.009346 0.023256
0 0.637850 0.575581 0.032710 0.034884
0 0.656542 0.612791 0.018692 0.020930
0 0.278037 0.883721 0.014019 0.009302
0 0.655374 0.380233 0.011682 0.020930
0 0.648364 0.510465 0.016355 0.030233
0 0.399533 0.466279 0.032710 0.034884
0 0.433411 0.453488 0.016355 0.013953
0 0.408879 0.250000 0.018692 0.016279
0 0.346963 0.232558 0.025701 0.037209
0 0.274533 0.906977 0.021028 0.013953
0 0.420561 0.576744 0.046729 0.041860
0 0.434579 0.617442 0.018692 0.011628
