0 0.422222 0.654000 0.017778 0.028000
0 0.380000 0.658000 0.008889 0.020000
0 0.407778 0.590000 0.024444 0.028000
0 0.368889 0.588000 0.008889 0.016000
0 0.333333 0.588000 0.008889 0.016000
0 0.255556 0.622000 0.008889 0.020000
0 0.277778 0.686000 0.017778 0.028000
0 0.245556 0.688000 0.015556 0.016000
0 0.337778 0.646000 0.017778 0.020000
0 0.232222 0.596000 0.006667 0.016000
0 0.255556 0.584000 0.013333 0.016000
0 0.368889 0.626000 0.008889 0.012000
0 0.303333 0.628000 0.011111 0.016000
0 0.208889 0.588000 0.008889 0.024000
0 0.231111 0.648000 0.008889 0.024000
0 0.211111 0.688000 0.008889 0.016000
0 0.173333 0.686000 0.013333 0.028000
0 0.204444 0.646000 0.008889 0.020000
0 0.168889 0.616000 0.017778 0.024000
0 0.398889 0.680000 0.011111 0.024000
0 0.337778 0.682000 0.013333 0.020000
