0 0.145508 0.628906 0.017578 0.007812
0 0.116211 0.730469 0.017578 0.031250
0 0.088867 0.724609 0.017578 0.023438
0 0.244141 0.762695 0.031250 0.025391
0 0.529297 0.664062 0.019531 0.027344
0 0.535156 0.626953 0.027344 0.023438
0 0.719727 0.405273 0.013672 0.017578
0 0.692383 0.431641 0.021484 0.035156
0 0.500000 0.457031 0.023438 0.027344
0 0.501953 0.492188 0.015625 0.011719
0 0.500000 0.629883 0.023438 0.025391
0 0.501953 0.690430 0.011719 0.013672
0 0.422852 0.489258 0.025391 0.041016
0 0.424805 0.421875 0.013672 0.015625
0 0.369141 0.689453 0.027344 0.019531
0 0.367188 0.645508 0.046875 0.048828
0 0.150391 0.758789 0.019531 0.017578
0 0.146484 0.730469 0.015625 0.007812
0 0.611328 0.731445 0.015625 0.017578
0 0.368164 0.368164 0.017578 0.013672
0 0.374023 0.444336 0.033203 0.033203
0 0.098633 0.805664 0.017578 0.021484
0 0.471680 0.477539 0.017578 0.017578
0 0.472656 0.449219 0.015625 0.007812
0 0.468750 0.573242 0.011719 0.013672
0 0.539062 0.539062 0.027344 0.023438
0 0.601562 0.688477 0.011719 0.009766
0 0.605469 0.654297 0.023438 0.027344
0 0.163086 0.903320 0.021484 0.021484
0 0.171875 0.877930 0.011719 0.005859
