0 0.551758 0.867188 0.025391 0.023438
0 0.775391 0.793945 0.019531 0.025391
0 0.742188 0.806641 0.015625 0.015625
0 0.749023 0.785156 0.017578 0.011719
0 0.522461 0.698242 0.021484 0.013672
0 0.523438 0.747070 0.015625 0.017578
0 0.553711 0.828125 0.029297 0.031250
0 0.930664 0.712891 0.013672 0.015625
0 0.382812 0.668945 0.031250 0.029297
0 0.434570 0.621094 0.017578 0.031250
0 0.406250 0.768555 0.015625 0.029297
0 0.379883 0.775391 0.013672 0.015625
0 0.557617 0.745117 0.033203 0.033203
0 0.516602 0.863281 0.017578 0.015625
0 0.278320 0.878906 0.009766 0.011719
0 0.282227 0.900391 0.017578 0.015625
0 0.935547 0.685547 0.015625 0.011719
0 0.486328 0.785156 0.023438 0.015625
0 0.518555 0.920898 0.033203 0.033203
0 0.476562 0.884766 0.023438 0.042969
0 0.909180 0.800781 0.009766 0.015625
0 0.769531 0.892578 0.027344 0.039062
0 0.511719 0.823242 0.035156 0.021484
0 0.474609 0.833984 0.019531 0.023438
0 0.294922 0.791992 0.015625 0.005859
0 0.240234 0.821289 0.027344 0.013672
0 0.221680 0.794922 0.017578 0.015625
0 0.680664 0.726562 0.017578 0.011719
0 0.449219 0.790039 0.019531 0.025391
0 0.744141 0.681641 0.015625 0.015625
