0 0.284211 0.276316 0.052632 0.047368
0 0.435526 0.639474 0.028947 0.021053
0 0.251316 0.584211 0.013158 0.010526
0 0.207895 0.284211 0.031579 0.021053
0 0.168421 0.488158 0.021053 0.018421
0 0.078947 0.359211 0.010526 0.023684
0 0.080263 0.428947 0.013158 0.021053
0 0.371053 0.318421 0.036842 0.036842
0 0.400000 0.260526 0.042105 0.042105
0 0.423684 0.528947 0.026316 0.026316
0 0.414474 0.468421 0.023684 0.026316
0 0.288158 0.435526 0.013158 0.018421
0 0.278947 0.380263 0.015789 0.013158
0 0.428947 0.382895 0.010526 0.018421
0 0.097368 0.617105 0.021053 0.028947
0 0.306579 0.522368 0.034211 0.028947
0 0.323684 0.480263 0.026316 0.028947
0 0.175000 0.401316 0.018421 0.023684
0 0.110526 0.526316 0.015789 0.010526
0 0.089474 0.497368 0.015789 0.010526
0 0.197368 0.578947 0.015789 0.010526
0 0.110526 0.289474 0.010526 0.021053
0 0.081579 0.294737 0.010526 0.015789
