0 0.307617 0.744141 0.013672 0.015625
0 0.376953 0.110352 0.015625 0.037109
0 0.694336 0.272461 0.041016 0.037109
0 0.059570 0.467773 0.017578 0.017578
0 0.048828 0.415039 0.015625 0.013672
0 0.695312 0.057617 0.019531 0.037109
0 0.888672 0.068359 0.023438 0.019531
0 0.750000 0.199219 0.023438 0.023438
0 0.465820 0.591797 0.037109 0.042969
0 0.250977 0.404297 0.037109 0.035156
0 0.256836 0.447266 0.029297 0.019531
0 0.248047 0.719727 0.019531 0.021484
0 0.770508 0.281250 0.017578 0.015625
0 0.750000 0.247070 0.019531 0.017578
0 0.344727 0.439453 0.037109 0.039062
0 0.344727 0.393555 0.037109 0.033203
0 0.702148 0.108398 0.017578 0.017578
0 0.188477 0.341797 0.037109 0.027344
0 0.195312 0.298828 0.035156 0.023438
0 0.273438 0.535156 0.035156 0.031250
0 0.872070 0.118164 0.041016 0.029297
0 0.324219 0.499023 0.023438 0.025391
0 0.396484 0.754883 0.035156 0.021484
0 0.178711 0.425781 0.029297 0.023438
0 0.347656 0.656250 0.042969 0.015625
0 0.454102 0.276367 0.029297 0.017578
0 0.350586 0.215820 0.029297 0.029297
0 0.188477 0.202148 0.052734 0.048828
0 0.246094 0.298828 0.039062 0.027344
0 0.283203 0.310547 0.019531 0.011719
