0 0.414062 0.530273 0.039062 0.029297
0 0.647461 0.478516 0.033203 0.039062
0 0.508789 0.781250 0.013672 0.007812
0 0.519531 0.749023 0.015625 0.025391
0 0.409180 0.565430 0.025391 0.017578
0 0.837891 0.625000 0.023438 0.031250
0 0.518555 0.683594 0.017578 0.015625
0 0.516602 0.631836 0.013672 0.029297
0 0.695312 0.436523 0.035156 0.041016
0 0.637695 0.422852 0.025391 0.033203
0 0.328125 0.620117 0.019531 0.021484
0 0.894531 0.395508 0.011719 0.009766
0 0.864258 0.408203 0.017578 0.019531
0 0.568359 0.564453 0.011719 0.011719
0 0.531250 0.542969 0.046875 0.046875
0 0.486328 0.667969 0.023438 0.031250
0 0.588867 0.352539 0.021484 0.033203
0 0.847656 0.435547 0.019531 0.015625
0 0.541992 0.444336 0.021484 0.017578
0 0.516602 0.486328 0.017578 0.019531
0 0.777344 0.186523 0.039062 0.037109
0 0.737305 0.195312 0.025391 0.031250
0 0.516602 0.591797 0.025391 0.035156
0 0.541992 0.654297 0.013672 0.015625
0 0.563477 0.657227 0.009766 0.013672
0 0.370117 0.557617 0.017578 0.013672
0 0.464844 0.529297 0.007812 0.015625
0 0.743164 0.242188 0.037109 0.039062
0 0.812500 0.260742 0.007812 0.017578
0 0.331055 0.531250 0.021484 0.019531
