0 0.730469 0.499023 0.035156 0.025391
0 0.739258 0.549805 0.013672 0.009766
0 0.468750 0.490234 0.035156 0.027344
0 0.562500 0.458984 0.031250 0.031250
0 0.464844 0.946289 0.011719 0.013672
0 0.733398 0.730469 0.017578 0.019531
0 0.649414 0.615234 0.013672 0.023438
0 0.842773 0.415039 0.017578 0.013672
0 0.510742 0.488281 0.021484 0.007812
0 0.519531 0.502930 0.015625 0.005859
0 0.551758 0.814453 0.037109 0.027344
0 0.551758 0.779297 0.017578 0.019531
0 0.783203 0.640625 0.023438 0.019531
0 0.692383 0.537109 0.033203 0.027344
0 0.882812 0.522461 0.035156 0.044922
0 0.881836 0.469727 0.021484 0.017578
0 0.549805 0.394531 0.017578 0.019531
0 0.419922 0.981445 0.015625 0.017578
0 0.684570 0.586914 0.013672 0.017578
0 0.194336 0.740234 0.021484 0.019531
0 0.185547 0.767578 0.019531 0.011719
0 0.203125 0.635742 0.023438 0.017578
0 0.200195 0.659180 0.017578 0.013672
0 0.564453 0.590820 0.007812 0.013672
0 0.459961 0.453125 0.009766 0.015625
0 0.875000 0.375977 0.031250 0.029297
0 0.147461 0.744141 0.029297 0.039062
0 0.506836 0.822266 0.025391 0.019531
0 0.502930 0.760742 0.033203 0.021484
0 0.102539 0.707031 0.013672 0.015625
