0 0.317383 0.503906 0.013672 0.019531
0 0.316406 0.474609 0.015625 0.007812
0 0.339844 0.488281 0.015625 0.011719
0 0.431641 0.511719 0.019531 0.015625
0 0.274414 0.508789 0.009766 0.017578
0 0.447266 0.449219 0.019531 0.027344
0 0.424805 0.446289 0.009766 0.013672
0 0.381836 0.485352 0.017578 0.013672
0 0.403320 0.486328 0.009766 0.015625
0 0.390625 0.534180 0.019531 0.021484
0 0.455078 0.542969 0.015625 0.015625
0 0.312500 0.443359 0.019531 0.019531
0 0.338867 0.441406 0.017578 0.015625
0 0.340820 0.534180 0.025391 0.017578
0 0.312500 0.536133 0.015625 0.017578
0 0.256836 0.483398 0.017578 0.017578
0 0.291016 0.481445 0.011719 0.017578
0 0.375977 0.450195 0.025391 0.025391
0 0.446289 0.483398 0.021484 0.021484
0 0.285156 0.537109 0.019531 0.019531
0 0.287109 0.442383 0.007812 0.017578
0 0.267578 0.441406 0.015625 0.015625
