0 0.615234 0.416992 0.007812 0.013672
0 0.622070 0.455078 0.013672 0.015625
0 0.789062 0.783203 0.039062 0.035156
0 0.383789 0.403320 0.033203 0.037109
0 0.430664 0.384766 0.013672 0.015625
0 0.607422 0.500000 0.015625 0.035156
0 0.589844 0.556641 0.019531 0.019531
0 0.561523 0.490234 0.017578 0.015625
0 0.563477 0.513672 0.017578 0.015625
0 0.515625 0.404297 0.027344 0.031250
0 0.477539 0.386719 0.029297 0.027344
0 0.586914 0.414062 0.021484 0.031250
0 0.672852 0.256836 0.021484 0.017578
0 0.645508 0.271484 0.017578 0.015625
0 0.804688 0.548828 0.015625 0.011719
0 0.816406 0.522461 0.027344 0.025391
0 0.340820 0.463867 0.029297 0.029297
0 0.545898 0.273438 0.017578 0.011719
0 0.673828 0.443359 0.019531 0.039062
0 0.679688 0.474609 0.023438 0.007812
0 0.416992 0.272461 0.029297 0.029297
0 0.465820 0.259766 0.037109 0.027344
0 0.642578 0.404297 0.015625 0.015625
0 0.586914 0.487305 0.009766 0.017578
0 0.320312 0.518555 0.015625 0.017578
0 0.648438 0.441406 0.015625 0.015625
0 0.390625 0.334961 0.031250 0.033203
0 0.438477 0.339844 0.013672 0.007812
0 0.671875 0.527344 0.015625 0.023438
0 0.780273 0.741211 0.021484 0.021484
