0 0.542188 0.901563 0.037500 0.025000
0 0.529687 0.967187 0.034375 0.034375
0 0.818750 0.723437 0.015625 0.021875
0 0.871094 0.723437 0.017188 0.021875
0 0.666406 0.717969 0.020313 0.023438
0 0.643750 0.715625 0.012500 0.009375
0 0.462500 0.958594 0.021875 0.023438
0 0.849219 0.759375 0.026562 0.021875
0 0.453906 0.422656 0.023438 0.014063
0 0.754687 0.754687 0.031250 0.028125
0 0.526563 0.558594 0.046875 0.048438
0 0.533594 0.510156 0.020313 0.010937
0 0.611719 0.600000 0.039062 0.031250
0 0.466406 0.817969 0.014063 0.014063
0 0.603125 0.742969 0.006250 0.014063
0 0.596875 0.785156 0.021875 0.020313
0 0.627344 0.864062 0.017188 0.021875
0 0.857812 0.821875 0.018750 0.028125
0 0.486719 0.620313 0.026562 0.031250
0 0.451562 0.584375 0.021875 0.021875
0 0.760156 0.310937 0.023438 0.015625
0 0.679688 0.219531 0.031250 0.035937
0 0.627344 0.229687 0.032813 0.031250
0 0.557031 0.617188 0.048438 0.040625
0 0.396094 0.548438 0.032813 0.034375
0 0.385156 0.632812 0.014063 0.018750
0 0.511719 0.826562 0.023438 0.021875
0 0.568750 0.828906 0.006250 0.014063
0 0.378906 0.920312 0.017188 0.018750
0 0.392188 0.816406 0.021875 0.026562
