0 0.560081 0.780738 0.008147 0.006831
0 0.580957 0.795082 0.011202 0.016393
0 0.670061 0.611339 0.010183 0.025956
0 0.727088 0.597678 0.018330 0.025956
0 0.625764 0.559426 0.011202 0.012295
0 0.620672 0.627732 0.013238 0.015027
0 0.294297 0.722678 0.016293 0.021858
0 0.355397 0.674180 0.008147 0.015027
0 0.672098 0.738388 0.014257 0.023224
0 0.945519 0.714481 0.015275 0.019126
0 0.896130 0.726776 0.026477 0.038251
0 0.359470 0.471995 0.010183 0.023224
0 0.331466 0.480191 0.015275 0.015027
0 0.642566 0.739754 0.012220 0.017760
0 0.619145 0.680328 0.020367 0.038251
0 0.587576 0.742486 0.016293 0.023224
0 0.508147 0.523907 0.012220 0.012295
0 0.603870 0.877732 0.022403 0.023224
0 0.495927 0.745219 0.016293 0.036885
0 0.637475 0.795082 0.024440 0.030055
0 0.840631 0.792350 0.015275 0.013661
0 0.758147 0.790301 0.027495 0.039617
0 0.501018 0.816940 0.010183 0.008197
0 0.827393 0.600410 0.033605 0.042350
0 0.887984 0.678962 0.034623 0.046448
0 0.567210 0.663934 0.020367 0.027322
0 0.321792 0.648907 0.010183 0.005464
0 0.302444 0.614754 0.010183 0.032787
0 0.797352 0.677596 0.026477 0.030055
0 0.836049 0.662568 0.010183 0.010929
