0 0.652344 0.663086 0.019531 0.017578
0 0.683594 0.666016 0.015625 0.015625
0 0.513672 0.642578 0.035156 0.019531
0 0.777344 0.562500 0.011719 0.015625
0 0.833008 0.560547 0.017578 0.015625
0 0.528320 0.252930 0.017578 0.017578
0 0.586914 0.253906 0.013672 0.027344
0 0.833984 0.536133 0.011719 0.009766
0 0.694336 0.559570 0.009766 0.017578
0 0.712891 0.536133 0.015625 0.013672
0 0.735352 0.541016 0.013672 0.019531
0 0.503906 0.284180 0.042969 0.025391
0 0.666992 0.583008 0.021484 0.021484
0 0.720703 0.642578 0.019531 0.011719
0 0.795898 0.647461 0.017578 0.009766
0 0.808594 0.338867 0.019531 0.021484
0 0.876953 0.343750 0.015625 0.015625
0 0.922852 0.340820 0.029297 0.025391
0 0.589844 0.643555 0.035156 0.021484
0 0.669922 0.519531 0.035156 0.015625
0 0.854492 0.314453 0.017578 0.015625
0 0.581055 0.312500 0.029297 0.027344
0 0.465820 0.621094 0.013672 0.011719
0 0.846680 0.283203 0.025391 0.027344
0 0.497070 0.338867 0.037109 0.021484
0 0.570312 0.342773 0.015625 0.017578
0 0.784180 0.255859 0.013672 0.019531
0 0.720703 0.256836 0.007812 0.013672
0 0.416016 0.626953 0.015625 0.011719
0 0.353516 0.627930 0.011719 0.009766
