0 0.480469 0.430664 0.015625 0.009766
0 0.498047 0.473633 0.019531 0.029297
0 0.580078 0.444336 0.019531 0.037109
0 0.293945 0.838867 0.037109 0.033203
0 0.535156 0.634766 0.039062 0.023438
0 0.509766 0.677734 0.007812 0.027344
0 0.070312 0.735352 0.011719 0.017578
0 0.212891 0.870117 0.019531 0.017578
0 0.246094 0.877930 0.007812 0.017578
0 0.209961 0.831055 0.009766 0.017578
0 0.353516 0.871094 0.031250 0.023438
0 0.384766 0.874023 0.011719 0.013672
0 0.294922 0.877930 0.019531 0.025391
0 0.624023 0.634766 0.029297 0.027344
0 0.610352 0.596680 0.025391 0.021484
0 0.127930 0.806641 0.013672 0.011719
0 0.565430 0.586914 0.017578 0.017578
0 0.189453 0.589844 0.023438 0.023438
0 0.217773 0.650391 0.017578 0.015625
0 0.230469 0.605469 0.035156 0.031250
0 0.229492 0.567383 0.029297 0.029297
0 0.490234 0.602539 0.035156 0.033203
0 0.170898 0.830078 0.017578 0.015625
0 0.148438 0.843750 0.011719 0.023438
0 0.529297 0.551758 0.027344 0.017578
0 0.530273 0.513672 0.021484 0.023438
0 0.384766 0.772461 0.023438 0.025391
0 0.582031 0.688477 0.011719 0.017578
0 0.573242 0.723633 0.025391 0.025391
0 0.078125 0.590820 0.035156 0.037109
