0 0.378906 0.582031 0.015625 0.015625
0 0.395508 0.557617 0.021484 0.017578
0 0.290039 0.455078 0.037109 0.035156
0 0.504883 0.385742 0.037109 0.021484
0 0.081055 0.333984 0.013672 0.027344
0 0.120117 0.342773 0.021484 0.013672
0 0.770508 0.398438 0.033203 0.035156
0 0.339844 0.448242 0.039062 0.025391
0 0.250000 0.625000 0.019531 0.011719
0 0.245117 0.605469 0.025391 0.011719
0 0.297852 0.684570 0.021484 0.021484
0 0.272461 0.685547 0.009766 0.015625
0 0.446289 0.386719 0.025391 0.023438
0 0.252930 0.527344 0.013672 0.015625
0 0.313477 0.492188 0.017578 0.015625
0 0.722656 0.351562 0.015625 0.019531
0 0.445312 0.453125 0.035156 0.035156
0 0.081055 0.497070 0.021484 0.021484
0 0.350586 0.348633 0.021484 0.025391
0 0.349609 0.315430 0.019531 0.013672
0 0.515625 0.441406 0.015625 0.015625
0 0.505859 0.472656 0.015625 0.023438
0 0.287109 0.518555 0.027344 0.021484
0 0.708008 0.397461 0.021484 0.017578
0 0.198242 0.640625 0.021484 0.019531
0 0.217773 0.722656 0.033203 0.035156
0 0.920898 0.283203 0.013672 0.011719
0 0.214844 0.317383 0.035156 0.025391
0 0.146484 0.649414 0.007812 0.017578
0 0.116211 0.657227 0.013672 0.013672
