0 0.669922 0.429688 0.015625 0.015625
0 0.650391 0.469727 0.011719 0.009766
0 0.672852 0.357422 0.033203 0.027344
0 0.756836 0.885742 0.037109 0.025391
0 0.808594 0.882812 0.027344 0.027344
0 0.555664 0.774414 0.033203 0.025391
0 0.582031 0.824219 0.019531 0.035156
0 0.405273 0.643555 0.029297 0.029297
0 0.196289 0.125000 0.013672 0.019531
0 0.675781 0.563477 0.011719 0.009766
0 0.660156 0.503906 0.015625 0.019531
0 0.325195 0.245117 0.013672 0.009766
0 0.377930 0.242188 0.037109 0.042969
0 0.590820 0.547852 0.013672 0.009766
0 0.564453 0.597656 0.023438 0.023438
0 0.524414 0.476562 0.037109 0.039062
0 0.580078 0.440430 0.027344 0.037109
0 0.472656 0.564453 0.027344 0.015625
0 0.500000 0.537109 0.019531 0.019531
0 0.644531 0.559570 0.011719 0.009766
0 0.863281 0.738281 0.011719 0.019531
0 0.896484 0.739258 0.019531 0.017578
0 0.610352 0.843750 0.013672 0.019531
0 0.541016 0.320312 0.023438 0.019531
0 0.268555 0.627930 0.033203 0.029297
0 0.268555 0.157227 0.044922 0.041016
0 0.217773 0.162109 0.037109 0.035156
0 0.319336 0.590820 0.021484 0.025391
0 0.656250 0.834961 0.031250 0.044922
0 0.309570 0.535156 0.013672 0.019531
