0 0.460547 0.433951 0.017969 0.025926
0 0.482422 0.467901 0.007031 0.019753
0 0.245312 0.693827 0.020313 0.022222
0 0.320312 0.653704 0.007812 0.016049
0 0.150000 0.669136 0.032813 0.049383
0 0.187109 0.318519 0.019531 0.029630
0 0.226953 0.321605 0.008594 0.006173
0 0.555078 0.713580 0.008594 0.017284
0 0.530078 0.664815 0.014844 0.030864
0 0.362500 0.427778 0.017188 0.028395
0 0.183984 0.585802 0.016406 0.040741
0 0.523438 0.533951 0.020313 0.020988
0 0.482031 0.584568 0.007812 0.025926
0 0.262891 0.443827 0.021094 0.035802
0 0.290625 0.455556 0.018750 0.019753
0 0.428906 0.683951 0.020313 0.032099
0 0.223047 0.451235 0.014844 0.013580
0 0.421875 0.588889 0.007812 0.012346
0 0.441406 0.596296 0.014063 0.024691
0 0.526563 0.341358 0.023438 0.033333
0 0.324609 0.366049 0.027344 0.033333
0 0.369531 0.383951 0.010937 0.029630
0 0.347656 0.370370 0.010937 0.022222
0 0.300000 0.588889 0.020313 0.032099
