0 0.452344 0.597917 0.021875 0.037500
0 0.328906 0.606944 0.015625 0.019444
0 0.311328 0.600000 0.010156 0.019444
0 0.215625 0.797917 0.007812 0.015278
0 0.222656 0.770139 0.009375 0.026389
0 0.419531 0.461111 0.026562 0.044444
0 0.446484 0.463194 0.007031 0.012500
0 0.512891 0.518056 0.007031 0.022222
0 0.533594 0.515278 0.012500 0.033333
0 0.387109 0.540972 0.013281 0.023611
0 0.210547 0.902083 0.017969 0.023611
0 0.198828 0.992361 0.011719 0.015278
0 0.200391 0.959722 0.013281 0.013889
0 0.477734 0.572917 0.016406 0.020833
0 0.516016 0.549306 0.007031 0.015278
0 0.394922 0.684028 0.005469 0.015278
0 0.368750 0.677778 0.009375 0.011111
0 0.171094 0.963194 0.023438 0.045833
0 0.427734 0.577083 0.017969 0.029167
0 0.295703 0.854167 0.011719 0.019444
0 0.299219 0.654861 0.007812 0.015278
0 0.387109 0.657639 0.010156 0.012500
0 0.545703 0.620833 0.019531 0.038889
0 0.176172 0.780556 0.017969 0.022222
0 0.642578 0.606250 0.007031 0.012500
0 0.474609 0.613889 0.010156 0.025000
0 0.608594 0.676389 0.017188 0.022222
0 0.636328 0.686806 0.019531 0.026389
0 0.190625 0.600000 0.007812 0.011111
0 0.253516 0.880556 0.010156 0.013889
