0 0.590820 0.576172 0.021484 0.023438
0 0.564453 0.573242 0.007812 0.013672
0 0.508789 0.352539 0.029297 0.021484
0 0.561523 0.325195 0.009766 0.013672
0 0.199219 0.571289 0.039062 0.029297
0 0.471680 0.475586 0.013672 0.029297
0 0.502930 0.750977 0.037109 0.025391
0 0.460938 0.742188 0.011719 0.019531
0 0.657227 0.598633 0.029297 0.029297
0 0.456055 0.526367 0.013672 0.009766
0 0.422852 0.530273 0.017578 0.017578
0 0.561523 0.598633 0.013672 0.009766
0 0.512695 0.573242 0.009766 0.017578
0 0.568359 0.730469 0.035156 0.027344
0 0.423828 0.504883 0.007812 0.013672
0 0.449219 0.502930 0.015625 0.017578
0 0.373047 0.703125 0.023438 0.023438
0 0.562500 0.543945 0.023438 0.021484
0 0.433594 0.434570 0.023438 0.033203
0 0.522461 0.440430 0.009766 0.029297
0 0.156250 0.546875 0.015625 0.015625
0 0.533203 0.545898 0.019531 0.021484
0 0.150391 0.484375 0.035156 0.035156
0 0.678711 0.700195 0.017578 0.029297
0 0.392578 0.500977 0.015625 0.013672
0 0.403320 0.475586 0.017578 0.017578
0 0.527344 0.510742 0.023438 0.029297
0 0.556641 0.423828 0.023438 0.023438
0 0.147461 0.707031 0.013672 0.019531
0 0.355469 0.743164 0.031250 0.037109
