0 0.637500 0.441406 0.028125 0.035937
0 0.599219 0.440625 0.007812 0.012500
0 0.266406 0.645312 0.017188 0.012500
0 0.265625 0.603906 0.037500 0.045312
0 0.645312 0.592969 0.028125 0.020313
0 0.582031 0.454688 0.010937 0.015625
0 0.175781 0.631250 0.029687 0.040625
0 0.189062 0.535156 0.018750 0.017188
0 0.185938 0.822656 0.025000 0.026562
0 0.175781 0.786719 0.032813 0.026562
0 0.217969 0.638281 0.014063 0.014063
0 0.218750 0.566406 0.031250 0.029687
0 0.147656 0.588281 0.023438 0.032813
0 0.217969 0.814063 0.017188 0.012500
0 0.717187 0.394531 0.034375 0.035937
0 0.701562 0.452344 0.031250 0.029687
0 0.433594 0.294531 0.026562 0.035937
0 0.276562 0.717187 0.009375 0.018750
0 0.633594 0.496875 0.039062 0.021875
0 0.264844 0.778125 0.039062 0.037500
0 0.258594 0.849219 0.023438 0.026562
0 0.714063 0.488281 0.012500 0.007812
0 0.547656 0.596875 0.010937 0.009375
0 0.532031 0.629687 0.039062 0.028125
0 0.759375 0.335156 0.015625 0.014063
0 0.477344 0.494531 0.026562 0.023438
0 0.569531 0.483594 0.017188 0.026562
0 0.578125 0.553125 0.028125 0.021875
0 0.230469 0.483594 0.023438 0.020313
0 0.227344 0.523438 0.023438 0.015625
