0 0.527119 0.546687 0.030508 0.051205
0 0.496610 0.356928 0.010169 0.015060
0 0.534746 0.375000 0.018644 0.021084
0 0.840678 0.590361 0.013559 0.012048
0 0.838983 0.560241 0.010169 0.012048
0 0.598305 0.375000 0.023729 0.027108
0 0.560169 0.365964 0.015254 0.027108
0 0.592373 0.555723 0.015254 0.027108
0 0.913559 0.912651 0.006780 0.018072
0 0.866949 0.644578 0.018644 0.036145
0 0.877966 0.569277 0.027119 0.048193
0 0.808475 0.739458 0.010169 0.033133
0 0.463559 0.561747 0.011864 0.021084
0 0.661017 0.503012 0.013559 0.018072
0 0.628814 0.346386 0.020339 0.042169
0 0.652542 0.350904 0.013559 0.021084
0 0.650847 0.555723 0.010169 0.015060
0 0.454237 0.367470 0.010169 0.012048
0 0.801695 0.871988 0.016949 0.033133
0 0.450847 0.417169 0.013559 0.015060
0 0.471186 0.399096 0.006780 0.015060
0 0.599153 0.486446 0.025424 0.051205
0 0.557627 0.495482 0.010169 0.021084
0 0.605085 0.435241 0.010169 0.021084
0 0.840678 0.852410 0.016949 0.024096
0 0.844915 0.909639 0.008475 0.018072
0 0.873729 0.777108 0.018644 0.024096
0 0.807627 0.683735 0.025424 0.042169
0 0.642373 0.439759 0.006780 0.018072
0 0.807627 0.567771 0.018644 0.039157
