0 0.780273 0.105469 0.017578 0.011719
0 0.554688 0.112305 0.023438 0.025391
0 0.179688 0.593750 0.015625 0.027344
0 0.214844 0.610352 0.015625 0.017578
0 0.623047 0.121094 0.027344 0.027344
0 0.681641 0.082031 0.023438 0.027344
0 0.170898 0.691406 0.025391 0.023438
0 0.405273 0.190430 0.029297 0.029297
0 0.103516 0.707031 0.031250 0.039062
0 0.716797 0.086914 0.015625 0.017578
0 0.180664 0.809570 0.037109 0.029297
0 0.302734 0.556641 0.011719 0.015625
0 0.272461 0.614258 0.013672 0.013672
0 0.516602 0.190430 0.041016 0.029297
0 0.295898 0.493164 0.017578 0.013672
0 0.500000 0.081055 0.027344 0.025391
0 0.560547 0.082031 0.031250 0.019531
0 0.382812 0.619141 0.015625 0.031250
0 0.426758 0.577148 0.021484 0.037109
0 0.466797 0.116211 0.019531 0.021484
0 0.427734 0.115234 0.023438 0.019531
0 0.094727 0.767578 0.017578 0.019531
0 0.061523 0.815430 0.017578 0.021484
0 0.386719 0.951172 0.015625 0.019531
0 0.418945 0.950195 0.025391 0.033203
0 0.319336 0.793945 0.033203 0.025391
0 0.383789 0.771484 0.037109 0.035156
0 0.282227 0.953125 0.033203 0.027344
0 0.231445 0.968750 0.013672 0.015625
0 0.379883 0.857422 0.021484 0.027344
