0 0.815315 0.360987 0.021021 0.031390
0 0.810811 0.195067 0.030030 0.049327
0 0.252252 0.468610 0.012012 0.031390
0 0.705706 0.275785 0.012012 0.022422
0 0.139640 0.419283 0.021021 0.022422
0 0.312312 0.461883 0.012012 0.017937
0 0.753754 0.273543 0.012012 0.017937
0 0.639640 0.573991 0.012012 0.026906
0 0.683183 0.331839 0.015015 0.035874
0 0.770270 0.201794 0.021021 0.035874
0 0.330330 0.423767 0.012012 0.022422
0 0.564565 0.578475 0.018018 0.017937
0 0.594595 0.569507 0.018018 0.017937
0 0.590090 0.605381 0.009009 0.017937
0 0.834835 0.284753 0.012012 0.022422
0 0.804805 0.284753 0.012012 0.013453
0 0.486486 0.293722 0.024024 0.022422
0 0.554054 0.282511 0.009009 0.017937
0 0.621622 0.412556 0.030030 0.044843
0 0.582583 0.412556 0.012012 0.017937
0 0.747748 0.419283 0.012012 0.022422
0 0.495495 0.547085 0.018018 0.026906
0 0.442943 0.547085 0.021021 0.026906
0 0.409910 0.547085 0.021021 0.026906
0 0.854354 0.419283 0.027027 0.022422
0 0.585586 0.522422 0.012012 0.022422
0 0.558559 0.524664 0.012012 0.017937
0 0.534535 0.419283 0.018018 0.031390
0 0.280781 0.423767 0.015015 0.031390
0 0.252252 0.417040 0.018018 0.017937
