0 0.737305 0.246094 0.017578 0.019531
0 0.705078 0.255859 0.031250 0.035156
0 0.662109 0.787109 0.015625 0.019531
0 0.875977 0.331055 0.041016 0.029297
0 0.699219 0.757812 0.027344 0.023438
0 0.750000 0.857422 0.015625 0.007812
0 0.567383 0.786133 0.025391 0.021484
0 0.949219 0.220703 0.023438 0.027344
0 0.916016 0.211914 0.011719 0.013672
0 0.924805 0.459961 0.029297 0.021484
0 0.842773 0.533203 0.013672 0.019531
0 0.850586 0.502930 0.029297 0.017578
0 0.919922 0.629883 0.031250 0.033203
0 0.883789 0.715820 0.025391 0.013672
0 0.711914 0.857422 0.013672 0.007812
0 0.687500 0.862305 0.015625 0.017578
0 0.733398 0.295898 0.025391 0.021484
0 0.794922 0.290039 0.035156 0.033203
0 0.617188 0.803711 0.011719 0.009766
0 0.649414 0.816406 0.017578 0.011719
0 0.696289 0.828125 0.017578 0.023438
0 0.748047 0.830078 0.023438 0.027344
0 0.549805 0.833984 0.017578 0.015625
0 0.789062 0.858398 0.023438 0.025391
0 0.823242 0.780273 0.021484 0.021484
0 0.890625 0.490234 0.019531 0.015625
0 0.886719 0.523438 0.027344 0.027344
0 0.923828 0.518555 0.011719 0.013672
0 0.922852 0.552734 0.021484 0.019531
0 0.779297 0.222656 0.035156 0.027344
