0 0.220703 0.451172 0.035156 0.027344
0 0.377930 0.674805 0.013672 0.029297
0 0.475586 0.715820 0.037109 0.017578
0 0.481445 0.667969 0.044922 0.042969
0 0.125000 0.653320 0.011719 0.009766
0 0.124023 0.620117 0.021484 0.021484
0 0.480469 0.621094 0.007812 0.019531
0 0.369141 0.368164 0.007812 0.013672
0 0.278320 0.734375 0.025391 0.027344
0 0.382812 0.796875 0.039062 0.039062
0 0.294922 0.818359 0.023438 0.015625
0 0.144531 0.809570 0.039062 0.041016
0 0.096680 0.807617 0.017578 0.025391
0 0.421875 0.104492 0.031250 0.029297
0 0.404297 0.189453 0.023438 0.015625
0 0.264648 0.451172 0.037109 0.035156
0 0.272461 0.503906 0.029297 0.039062
0 0.356445 0.559570 0.017578 0.033203
0 0.316406 0.563477 0.023438 0.021484
0 0.154297 0.703125 0.035156 0.027344
0 0.111328 0.688477 0.027344 0.041016
0 0.432617 0.239258 0.025391 0.033203
0 0.384766 0.560547 0.019531 0.031250
0 0.200195 0.598633 0.017578 0.009766
0 0.380859 0.629883 0.039062 0.025391
0 0.421875 0.639648 0.027344 0.041016
0 0.225586 0.349609 0.013672 0.015625
0 0.209961 0.411133 0.013672 0.021484
0 0.304688 0.677734 0.027344 0.027344
0 0.318359 0.709961 0.011719 0.013672
