0 0.542188 0.211719 0.031250 0.032813
0 0.578125 0.182031 0.025000 0.032813
0 0.487500 0.183594 0.025000 0.039062
0 0.490625 0.217969 0.015625 0.014063
0 0.619531 0.775781 0.039062 0.035937
0 0.558594 0.111719 0.042188 0.035937
0 0.183594 0.755469 0.026562 0.023438
0 0.210156 0.720313 0.032813 0.025000
0 0.247656 0.760938 0.023438 0.025000
0 0.217188 0.772656 0.015625 0.014063
0 0.367188 0.722656 0.034375 0.035937
0 0.397656 0.757812 0.014063 0.015625
0 0.512500 0.764844 0.031250 0.026562
0 0.474219 0.748437 0.026562 0.028125
0 0.517969 0.111719 0.017188 0.026562
0 0.519531 0.069531 0.020313 0.023438
0 0.307031 0.810937 0.026562 0.031250
0 0.360938 0.814063 0.034375 0.018750
0 0.114844 0.740625 0.020313 0.018750
0 0.594531 0.543750 0.014063 0.015625
0 0.560156 0.576562 0.035937 0.031250
0 0.107031 0.657813 0.014063 0.012500
0 0.434375 0.224219 0.018750 0.014063
0 0.457813 0.218750 0.009375 0.009375
0 0.659375 0.108594 0.037500 0.029687
0 0.332031 0.416406 0.039062 0.032813
0 0.325000 0.449219 0.012500 0.014063
0 0.026562 0.651563 0.012500 0.015625
0 0.741406 0.097656 0.042188 0.039062
0 0.055469 0.612500 0.020313 0.028125
