0 0.766602 0.592773 0.029297 0.029297
0 0.476562 0.771484 0.027344 0.023438
0 0.247070 0.197266 0.033203 0.035156
0 0.272461 0.295898 0.013672 0.017578
0 0.307617 0.290039 0.041016 0.021484
0 0.344727 0.125977 0.033203 0.013672
0 0.608398 0.604492 0.021484 0.009766
0 0.561523 0.258789 0.017578 0.029297
0 0.364258 0.377930 0.025391 0.021484
0 0.580078 0.627930 0.039062 0.021484
0 0.627930 0.631836 0.017578 0.013672
0 0.406250 0.273438 0.042969 0.042969
0 0.384766 0.227539 0.007812 0.013672
0 0.738281 0.349609 0.019531 0.039062
0 0.244141 0.595703 0.019531 0.023438
0 0.550781 0.357422 0.039062 0.042969
0 0.567383 0.396484 0.025391 0.011719
0 0.412109 0.225586 0.015625 0.009766
0 0.354492 0.291016 0.021484 0.019531
0 0.364258 0.267578 0.021484 0.007812
0 0.462891 0.190430 0.011719 0.021484
0 0.608398 0.838867 0.017578 0.013672
0 0.581055 0.843750 0.017578 0.015625
0 0.446289 0.290039 0.021484 0.025391
0 0.607422 0.370117 0.015625 0.017578
0 0.674805 0.388672 0.017578 0.019531
0 0.545898 0.294922 0.041016 0.023438
0 0.284180 0.226562 0.009766 0.027344
0 0.250000 0.105469 0.039062 0.042969
0 0.256836 0.062500 0.013672 0.011719
