0 0.680000 0.557037 0.020000 0.014815
0 0.741667 0.545926 0.023333 0.022222
0 0.870000 0.365185 0.026667 0.034074
0 0.864444 0.317037 0.022222 0.017778
0 0.907222 0.454815 0.025556 0.032593
0 0.781667 0.324444 0.016667 0.023704
0 0.786667 0.377778 0.013333 0.020741
0 0.809444 0.451111 0.010000 0.022222
0 0.773333 0.512593 0.031111 0.038519
0 0.633333 0.450370 0.020000 0.029630
0 0.631667 0.515556 0.014444 0.038519
0 0.611111 0.651852 0.004444 0.014815
0 0.653889 0.654815 0.007778 0.014815
0 0.623889 0.360741 0.016667 0.010370
0 0.592778 0.365185 0.016667 0.019259
0 0.720000 0.644444 0.020000 0.041481
0 0.705556 0.603704 0.015556 0.028148
0 0.700556 0.368148 0.012222 0.016296
0 0.827222 0.630370 0.018889 0.022222
0 0.898889 0.636296 0.026667 0.034074
0 0.873333 0.599259 0.031111 0.025185
0 0.884444 0.523704 0.017778 0.031111
0 0.863333 0.522963 0.008889 0.011852
0 0.715000 0.437037 0.036667 0.050370
