0 0.739583 0.742778 0.022500 0.023333
0 0.546667 0.771111 0.018333 0.011111
0 0.524583 0.773889 0.010833 0.034444
0 0.886667 0.271667 0.010000 0.018889
0 0.900417 0.272778 0.007500 0.014444
0 0.783750 0.270556 0.012500 0.014444
0 0.245833 0.636111 0.016667 0.023333
0 0.854583 0.221667 0.014167 0.021111
0 0.839167 0.217222 0.006667 0.012222
0 0.786250 0.244444 0.012500 0.022222
0 0.236250 0.712778 0.017500 0.021111
0 0.242500 0.733889 0.011667 0.012222
0 0.320833 0.687222 0.018333 0.021111
0 0.888333 0.104444 0.020000 0.020000
0 0.895417 0.245556 0.017500 0.024444
0 0.781250 0.296667 0.015833 0.024444
0 0.946250 0.113333 0.012500 0.015556
0 0.322917 0.795000 0.027500 0.036667
0 0.837083 0.141667 0.010833 0.014444
0 0.840833 0.163889 0.006667 0.012222
0 0.825417 0.273333 0.010833 0.011111
0 0.805000 0.276111 0.010000 0.005556
0 0.897083 0.295556 0.007500 0.013333
0 0.880833 0.296111 0.010000 0.014444
0 0.481667 0.296111 0.025000 0.025556
0 0.675000 0.777222 0.016667 0.023333
0 0.645417 0.773889 0.010833 0.014444
0 0.291250 0.722778 0.014167 0.021111
0 0.292083 0.751111 0.009167 0.015556
0 0.482083 0.332778 0.014167 0.012222
