0 0.853516 0.561523 0.007812 0.013672
0 0.639648 0.660156 0.037109 0.039062
0 0.855469 0.664062 0.019531 0.019531
0 0.595703 0.621094 0.015625 0.019531
0 0.626953 0.539062 0.015625 0.015625
0 0.790039 0.605469 0.021484 0.023438
0 0.859375 0.605469 0.023438 0.031250
0 0.619141 0.706055 0.019531 0.017578
0 0.705078 0.701172 0.039062 0.027344
0 0.764648 0.703125 0.021484 0.019531
0 0.557617 0.703125 0.041016 0.042969
0 0.493164 0.713867 0.021484 0.025391
0 0.514648 0.556641 0.048828 0.046875
0 0.839844 0.687500 0.011719 0.011719
0 0.869141 0.723633 0.019531 0.017578
0 0.505859 0.614258 0.011719 0.009766
0 0.705078 0.618164 0.015625 0.013672
0 0.751953 0.603516 0.019531 0.011719
0 0.554688 0.650391 0.039062 0.039062
0 0.493164 0.657227 0.017578 0.041016
0 0.711914 0.663086 0.029297 0.029297
0 0.755859 0.647461 0.011719 0.013672
0 0.707031 0.560547 0.039062 0.039062
0 0.766602 0.544922 0.013672 0.011719
