0 0.483398 0.515625 0.021484 0.031250
0 0.343750 0.421875 0.031250 0.031250
0 0.396484 0.485352 0.027344 0.033203
0 0.431641 0.428711 0.042969 0.041016
0 0.390625 0.589844 0.015625 0.015625
0 0.463867 0.558594 0.021484 0.019531
0 0.476562 0.370117 0.042969 0.033203
0 0.472656 0.454102 0.023438 0.025391
0 0.388672 0.416016 0.019531 0.019531
0 0.438477 0.366211 0.013672 0.013672
0 0.425781 0.593750 0.031250 0.027344
0 0.427734 0.554688 0.011719 0.019531
0 0.339844 0.583008 0.031250 0.037109
0 0.356445 0.381836 0.013672 0.017578
0 0.341797 0.339844 0.031250 0.031250
0 0.426758 0.515625 0.017578 0.019531
0 0.428711 0.477539 0.021484 0.013672
0 0.345703 0.519531 0.027344 0.031250
0 0.339844 0.486328 0.015625 0.007812
0 0.391602 0.338867 0.013672 0.017578
0 0.386719 0.365234 0.019531 0.019531
