0 0.471867 0.723325 0.017903 0.022333
0 0.434783 0.705955 0.030691 0.027295
0 0.572890 0.715881 0.035806 0.037221
0 0.455243 0.600496 0.015345 0.009926
0 0.493606 0.609181 0.020460 0.037221
0 0.375959 0.771712 0.010230 0.024814
0 0.427110 0.761787 0.040921 0.034739
0 0.542199 0.779156 0.015345 0.014888
0 0.606138 0.785360 0.015345 0.012407
0 0.506394 0.660050 0.040921 0.039702
0 0.465473 0.666253 0.020460 0.022333
0 0.289003 0.661290 0.015345 0.012407
0 0.237852 0.658809 0.020460 0.027295
0 0.271100 0.617866 0.010230 0.014888
0 0.305627 0.594293 0.017903 0.017370
0 0.337596 0.651365 0.020460 0.027295
0 0.352941 0.683623 0.025575 0.007444
0 0.410486 0.826303 0.023018 0.029777
0 0.404092 0.667494 0.010230 0.014888
0 0.378517 0.642680 0.015345 0.014888
0 0.391304 0.557072 0.020460 0.022333
0 0.327366 0.535980 0.015345 0.009926
0 0.181586 0.709677 0.015345 0.019851
0 0.331202 0.771712 0.012788 0.014888
0 0.332481 0.746898 0.020460 0.014888
0 0.205882 0.543424 0.028133 0.024814
0 0.156010 0.571960 0.015345 0.012407
0 0.583120 0.645161 0.046036 0.024814
0 0.574169 0.677419 0.012788 0.009926
0 0.193095 0.678660 0.033248 0.017370
