0 0.595114 0.106250 0.011435 0.021875
0 0.654366 0.103906 0.009356 0.020313
0 0.158004 0.842187 0.010395 0.012500
0 0.167879 0.871875 0.015593 0.025000
0 0.310291 0.567969 0.030146 0.035937
0 0.506757 0.768750 0.009356 0.021875
0 0.485967 0.715625 0.011435 0.034375
0 0.068607 0.978906 0.020790 0.014063
0 0.064449 0.957031 0.010395 0.014063
0 0.437110 0.565625 0.015593 0.025000
0 0.314969 0.639844 0.016632 0.014063
0 0.127339 0.800000 0.015593 0.037500
0 0.286902 0.776563 0.020790 0.037500
0 0.320166 0.344531 0.004158 0.020313
0 0.344075 0.328125 0.022869 0.031250
0 0.743243 0.152344 0.008316 0.020313
0 0.072765 0.864062 0.016632 0.018750
0 0.713617 0.194531 0.017672 0.039062
0 0.132536 0.925000 0.017672 0.018750
0 0.156445 0.920312 0.013514 0.015625
0 0.105509 0.894531 0.023909 0.032813
0 0.217775 0.377344 0.009356 0.007812
0 0.134615 0.855469 0.019751 0.032813
0 0.640852 0.610156 0.017672 0.020313
0 0.597193 0.598437 0.009356 0.015625
0 0.613825 0.147656 0.009356 0.026562
0 0.651247 0.065625 0.019751 0.034375
0 0.549896 0.457813 0.012474 0.012500
0 0.485967 0.402344 0.011435 0.014063
0 0.128378 0.950000 0.013514 0.018750
