0 0.386719 0.558594 0.015625 0.023438
0 0.351562 0.565430 0.031250 0.033203
0 0.571289 0.409180 0.017578 0.025391
0 0.612305 0.409180 0.009766 0.021484
0 0.251953 0.282227 0.015625 0.021484
0 0.285156 0.292969 0.015625 0.007812
0 0.500000 0.313477 0.039062 0.037109
0 0.147461 0.570312 0.017578 0.015625
0 0.324219 0.313477 0.039062 0.033203
0 0.238281 0.442383 0.035156 0.029297
0 0.580078 0.497070 0.031250 0.037109
0 0.615234 0.487305 0.007812 0.021484
0 0.373047 0.431641 0.015625 0.023438
0 0.884766 0.459961 0.023438 0.033203
0 0.077148 0.390625 0.037109 0.042969
0 0.525391 0.520508 0.011719 0.021484
0 0.497070 0.530273 0.013672 0.025391
0 0.216797 0.568359 0.031250 0.031250
0 0.259766 0.575195 0.023438 0.029297
0 0.431641 0.319336 0.035156 0.033203
0 0.395508 0.286133 0.017578 0.017578
0 0.356445 0.513672 0.013672 0.019531
0 0.393555 0.520508 0.037109 0.033203
0 0.530273 0.563477 0.021484 0.029297
0 0.601562 0.451172 0.011719 0.015625
0 0.159180 0.448242 0.041016 0.033203
0 0.370117 0.272461 0.017578 0.017578
0 0.334961 0.276367 0.025391 0.025391
0 0.555664 0.367188 0.025391 0.023438
0 0.291992 0.445312 0.029297 0.031250
