0 0.280469 0.721094 0.039062 0.042188
0 0.148438 0.598437 0.031250 0.025000
0 0.111719 0.608594 0.017188 0.023438
0 0.164844 0.659375 0.035937 0.028125
0 0.228906 0.660156 0.029687 0.035937
0 0.371875 0.604688 0.031250 0.031250
0 0.322656 0.592187 0.023438 0.018750
0 0.479687 0.601562 0.025000 0.021875
0 0.485156 0.627344 0.014063 0.007812
0 0.450781 0.657813 0.020313 0.031250
0 0.367969 0.642188 0.014063 0.015625
0 0.228125 0.791406 0.021875 0.010937
0 0.314844 0.721094 0.017188 0.029687
0 0.453125 0.777344 0.040625 0.042188
0 0.511719 0.788281 0.020313 0.007812
0 0.164062 0.757812 0.028125 0.028125
0 0.160156 0.711719 0.014063 0.032813
0 0.458594 0.728125 0.026562 0.025000
0 0.492969 0.732812 0.017188 0.018750
0 0.284375 0.622656 0.012500 0.010937
0 0.358594 0.771875 0.010937 0.021875
