0 0.550781 0.496528 0.009375 0.018056
0 0.488672 0.265972 0.019531 0.040278
0 0.471484 0.250000 0.008594 0.016667
0 0.618750 0.700694 0.023438 0.037500
0 0.610156 0.488889 0.021875 0.036111
0 0.583984 0.492361 0.021094 0.034722
0 0.553125 0.861806 0.021875 0.037500
0 0.558984 0.563889 0.017969 0.019444
0 0.385156 0.269444 0.021875 0.013889
0 0.522656 0.798611 0.025000 0.033333
0 0.642578 0.531250 0.005469 0.026389
0 0.649609 0.452778 0.016406 0.030556
0 0.383594 0.441667 0.021875 0.027778
0 0.562500 0.526389 0.009375 0.019444
0 0.548828 0.520833 0.008594 0.013889
0 0.526953 0.386111 0.010156 0.013889
0 0.582031 0.395833 0.014063 0.033333
0 0.682031 0.391667 0.015625 0.025000
0 0.585547 0.318056 0.013281 0.025000
0 0.560937 0.316667 0.018750 0.027778
0 0.481641 0.442361 0.022656 0.034722
0 0.647656 0.492361 0.018750 0.034722
0 0.557422 0.452083 0.016406 0.037500
0 0.590234 0.536806 0.008594 0.012500
0 0.542578 0.781250 0.008594 0.012500
0 0.551172 0.807639 0.010156 0.015278
0 0.582812 0.263194 0.010937 0.029167
0 0.581641 0.565972 0.014844 0.026389
0 0.622656 0.760417 0.015625 0.029167
0 0.515625 0.754167 0.004687 0.016667
