0 0.071289 0.735352 0.021484 0.033203
0 0.072266 0.766602 0.011719 0.013672
0 0.710938 0.696289 0.027344 0.033203
0 0.665039 0.641602 0.033203 0.041016
0 0.064453 0.808594 0.027344 0.015625
0 0.588867 0.546875 0.025391 0.039062
0 0.070312 0.878906 0.007812 0.015625
0 0.834961 0.476562 0.021484 0.023438
0 0.882812 0.438477 0.015625 0.021484
0 0.859375 0.389648 0.011719 0.009766
0 0.167969 0.735352 0.023438 0.013672
0 0.169922 0.760742 0.015625 0.017578
0 0.714844 0.447266 0.019531 0.019531
0 0.650391 0.448242 0.011719 0.017578
0 0.789062 0.500000 0.035156 0.023438
0 0.679688 0.570312 0.023438 0.023438
0 0.892578 0.500977 0.023438 0.025391
0 0.837891 0.501953 0.019531 0.011719
0 0.117188 0.724609 0.015625 0.011719
0 0.596680 0.419922 0.013672 0.019531
0 0.165039 0.791016 0.013672 0.023438
0 0.838867 0.695312 0.025391 0.031250
0 0.557617 0.421875 0.041016 0.042969
0 0.610352 0.483398 0.013672 0.017578
0 0.893555 0.594727 0.021484 0.017578
0 0.858398 0.551758 0.025391 0.033203
0 0.767578 0.416016 0.031250 0.039062
0 0.072266 0.680664 0.031250 0.029297
0 0.763672 0.456055 0.015625 0.009766
0 0.749023 0.650391 0.013672 0.023438
