0 0.439844 0.439844 0.023438 0.020313
0 0.575000 0.346094 0.034375 0.032813
0 0.596094 0.378906 0.010937 0.014063
0 0.484375 0.351562 0.037500 0.021875
0 0.471094 0.323437 0.026562 0.015625
0 0.443750 0.270313 0.012500 0.015625
0 0.414062 0.262500 0.015625 0.025000
0 0.597656 0.488281 0.023438 0.020313
0 0.590625 0.525000 0.012500 0.021875
0 0.639062 0.281250 0.018750 0.012500
0 0.511719 0.409375 0.042188 0.031250
0 0.466406 0.437500 0.014063 0.012500
0 0.601562 0.417187 0.009375 0.009375
0 0.567187 0.424219 0.031250 0.029687
0 0.646094 0.329688 0.026562 0.025000
0 0.636719 0.356250 0.017188 0.006250
0 0.650000 0.438281 0.028125 0.029687
0 0.438281 0.527344 0.026562 0.035937
0 0.391406 0.489844 0.014063 0.023438
0 0.407031 0.365625 0.017188 0.015625
0 0.440625 0.369531 0.025000 0.020313
0 0.501563 0.252344 0.031250 0.020313
0 0.502344 0.517969 0.029687 0.020313
0 0.514844 0.480469 0.026562 0.026562
0 0.674219 0.490625 0.007812 0.018750
0 0.594531 0.251563 0.035937 0.021875
