0 0.539062 0.589844 0.040625 0.014063
0 0.542188 0.558594 0.021875 0.017188
0 0.362500 0.413281 0.028125 0.017188
0 0.389844 0.571875 0.042188 0.046875
0 0.399219 0.678906 0.042188 0.035937
0 0.404687 0.754687 0.037500 0.034375
0 0.408594 0.719531 0.014063 0.014063
0 0.825781 0.860938 0.023438 0.025000
0 0.797656 0.863281 0.007812 0.020313
0 0.453906 0.354687 0.014063 0.015625
0 0.791406 0.814844 0.014063 0.017188
0 0.433594 0.353125 0.014063 0.012500
0 0.357812 0.498437 0.015625 0.025000
0 0.337500 0.499219 0.012500 0.007812
0 0.526563 0.664062 0.034375 0.037500
0 0.558594 0.662500 0.017188 0.015625
0 0.460938 0.475000 0.025000 0.021875
0 0.186719 0.427344 0.014063 0.014063
0 0.240625 0.427344 0.012500 0.014063
0 0.424219 0.536719 0.010937 0.014063
0 0.837500 0.904687 0.025000 0.037500
0 0.451562 0.608594 0.028125 0.029687
0 0.497656 0.592969 0.007812 0.014063
0 0.456250 0.396094 0.015625 0.014063
0 0.390625 0.476562 0.021875 0.012500
0 0.425781 0.392188 0.017188 0.018750
0 0.604688 0.774219 0.034375 0.023438
0 0.623437 0.714844 0.025000 0.014063
0 0.791406 0.943750 0.023438 0.012500
0 0.862500 0.950781 0.021875 0.020313
