0 0.879687 0.311719 0.034375 0.032813
0 0.835156 0.319531 0.039062 0.039062
0 0.239844 0.288281 0.014063 0.020313
0 0.252344 0.257031 0.023438 0.017188
0 0.221875 0.253906 0.018750 0.017188
0 0.557031 0.757031 0.026562 0.020313
0 0.524219 0.797656 0.026562 0.014063
0 0.743750 0.262500 0.028125 0.018750
0 0.807031 0.476562 0.023438 0.021875
0 0.808594 0.539062 0.023438 0.025000
0 0.484375 0.462500 0.031250 0.031250
0 0.513281 0.428125 0.017188 0.018750
0 0.433594 0.284375 0.026562 0.028125
0 0.386719 0.285156 0.029687 0.029687
0 0.351562 0.289062 0.009375 0.015625
0 0.142187 0.556250 0.015625 0.021875
0 0.835156 0.508594 0.017188 0.014063
0 0.313281 0.316406 0.032813 0.029687
0 0.285156 0.325000 0.010937 0.012500
0 0.371094 0.244531 0.014063 0.014063
0 0.399219 0.250781 0.023438 0.020313
0 0.407031 0.221875 0.017188 0.018750
0 0.607812 0.578125 0.043750 0.040625
0 0.655469 0.571094 0.017188 0.020313
0 0.505469 0.632812 0.026562 0.028125
0 0.905469 0.278906 0.014063 0.017188
0 0.201563 0.708594 0.034375 0.035937
0 0.416406 0.438281 0.035937 0.017188
0 0.242969 0.319531 0.014063 0.014063
0 0.262500 0.310937 0.012500 0.021875
