0 0.174219 0.373958 0.010937 0.010417
0 0.146875 0.347917 0.031250 0.041667
0 0.295312 0.642708 0.012500 0.014583
0 0.345313 0.637500 0.028125 0.033333
0 0.415625 0.453125 0.009375 0.018750
0 0.432812 0.471875 0.009375 0.014583
0 0.392969 0.443750 0.014063 0.016667
0 0.409375 0.417708 0.006250 0.014583
0 0.407813 0.363542 0.012500 0.027083
0 0.436719 0.352083 0.007812 0.016667
0 0.306250 0.306250 0.028125 0.037500
0 0.396094 0.394792 0.023438 0.010417
0 0.215625 0.439583 0.028125 0.033333
0 0.262500 0.447917 0.006250 0.012500
0 0.389062 0.714583 0.018750 0.029167
0 0.411719 0.618750 0.017188 0.020833
0 0.606250 0.786458 0.021875 0.035417
0 0.641406 0.804167 0.020313 0.025000
0 0.607031 0.672917 0.020313 0.029167
0 0.308594 0.441667 0.020313 0.020833
0 0.792188 0.925000 0.012500 0.012500
0 0.510938 0.891667 0.025000 0.037500
0 0.774219 0.556250 0.014063 0.020833
0 0.748437 0.559375 0.018750 0.018750
0 0.603125 0.904167 0.031250 0.041667
0 0.652344 0.897917 0.017188 0.016667
0 0.553125 0.660417 0.015625 0.016667
0 0.517188 0.688542 0.015625 0.022917
0 0.405469 0.295833 0.007812 0.012500
0 0.367188 0.389583 0.018750 0.029167
