0 0.454118 0.862676 0.014118 0.016432
0 0.432941 0.896714 0.014118 0.014085
0 0.468235 0.900235 0.009412 0.025822
0 0.321176 0.900235 0.016471 0.030516
0 0.348235 0.902582 0.018824 0.025822
0 0.398824 0.835681 0.025882 0.023474
0 0.454118 0.838028 0.014118 0.009390
0 0.508235 0.897887 0.018824 0.021127
0 0.330588 0.836854 0.030588 0.025822
0 0.322353 0.937793 0.023529 0.011737
0 0.315294 0.866197 0.014118 0.009390
0 0.442353 0.928404 0.018824 0.021127
0 0.492941 0.863850 0.016471 0.018779
0 0.528235 0.868545 0.016471 0.018779
0 0.397647 0.869718 0.023529 0.016432
0 0.522353 0.834507 0.018824 0.016432
0 0.400000 0.930751 0.028235 0.021127
0 0.395294 0.899061 0.037647 0.023474
0 0.491765 0.928404 0.018824 0.021127
0 0.520000 0.934272 0.018824 0.009390
