0 0.545898 0.423828 0.029297 0.027344
0 0.592773 0.452148 0.017578 0.017578
0 0.493164 0.634766 0.013672 0.023438
0 0.525391 0.651367 0.031250 0.025391
0 0.765625 0.366211 0.019531 0.021484
0 0.776367 0.311523 0.017578 0.021484
0 0.360352 0.578125 0.029297 0.019531
0 0.361328 0.538086 0.042969 0.037109
0 0.622070 0.593750 0.048828 0.050781
0 0.159180 0.514648 0.029297 0.041016
0 0.120117 0.533203 0.017578 0.039062
0 0.523438 0.464844 0.011719 0.011719
0 0.599609 0.895508 0.039062 0.013672
0 0.638672 0.847656 0.039062 0.031250
0 0.701172 0.473633 0.015625 0.009766
0 0.761719 0.482422 0.011719 0.015625
0 0.788086 0.760742 0.013672 0.021484
0 0.872070 0.311523 0.021484 0.021484
0 0.808594 0.313477 0.019531 0.017578
0 0.722656 0.536133 0.023438 0.029297
0 0.758789 0.533203 0.021484 0.023438
0 0.435547 0.358398 0.011719 0.013672
0 0.436523 0.301758 0.017578 0.017578
0 0.406250 0.420898 0.015625 0.025391
0 0.359375 0.661133 0.019531 0.037109
0 0.344727 0.630859 0.013672 0.007812
0 0.796875 0.338867 0.019531 0.013672
0 0.327148 0.479492 0.037109 0.025391
0 0.291992 0.617188 0.025391 0.035156
0 0.172852 0.660156 0.037109 0.039062
