0 0.774414 0.672852 0.017578 0.025391
0 0.685547 0.618164 0.011719 0.013672
0 0.700195 0.671875 0.025391 0.023438
0 0.750000 0.672852 0.011719 0.005859
0 0.741211 0.642578 0.029297 0.023438
0 0.695312 0.639648 0.011719 0.013672
0 0.774414 0.709961 0.009766 0.021484
0 0.909180 0.622070 0.009766 0.013672
0 0.878906 0.612305 0.015625 0.017578
0 0.578125 0.646484 0.023438 0.027344
0 0.616211 0.673828 0.033203 0.023438
0 0.572266 0.677734 0.011719 0.015625
0 0.879883 0.672852 0.021484 0.017578
0 0.734375 0.704102 0.023438 0.029297
0 0.588867 0.707031 0.029297 0.027344
0 0.787109 0.639648 0.023438 0.021484
0 0.840820 0.639648 0.021484 0.021484
0 0.912109 0.699219 0.039062 0.019531
0 0.874023 0.703125 0.009766 0.023438
0 0.583984 0.604492 0.019531 0.005859
0 0.873047 0.641602 0.023438 0.025391
0 0.810547 0.608398 0.015625 0.009766
