0 0.273889 0.516798 0.016667 0.017787
0 0.279444 0.492095 0.007778 0.011858
0 0.183889 0.477273 0.007778 0.013834
0 0.160556 0.467391 0.023333 0.037549
0 0.246667 0.390316 0.011111 0.029644
0 0.104444 0.502964 0.017778 0.029644
0 0.128333 0.511858 0.018889 0.027668
0 0.279444 0.426877 0.023333 0.039526
0 0.181111 0.429842 0.006667 0.017787
0 0.147778 0.418972 0.008889 0.015810
0 0.118889 0.469368 0.006667 0.013834
0 0.087778 0.417984 0.008889 0.013834
0 0.111111 0.428854 0.015556 0.031621
0 0.122778 0.394269 0.014444 0.021739
0 0.092778 0.387352 0.018889 0.031621
0 0.305000 0.469368 0.016667 0.033597
0 0.262222 0.468379 0.006667 0.019763
0 0.286111 0.388340 0.007778 0.021739
0 0.262222 0.390316 0.008889 0.013834
0 0.157778 0.390316 0.013333 0.025692
0 0.188889 0.382411 0.011111 0.021739
0 0.157778 0.517787 0.004444 0.015810
0 0.190556 0.508893 0.012222 0.021739
0 0.216111 0.431818 0.010000 0.017787
0 0.246667 0.427866 0.006667 0.013834
0 0.223333 0.457510 0.013333 0.017787
0 0.247222 0.469368 0.007778 0.013834
0 0.230556 0.505929 0.016667 0.027668
