0 0.609375 0.637370 0.023438 0.024740
0 0.270020 0.576823 0.018555 0.036458
0 0.301758 0.566406 0.013672 0.013021
0 0.606934 0.257812 0.006836 0.013021
0 0.594727 0.203776 0.003906 0.011719
0 0.104492 0.527995 0.013672 0.011719
0 0.081055 0.488281 0.009766 0.028646
0 0.552246 0.718099 0.024414 0.037760
0 0.573730 0.689453 0.010742 0.014323
0 0.424316 0.141276 0.008789 0.006510
0 0.059570 0.337891 0.013672 0.009115
0 0.476562 0.220052 0.013672 0.018229
0 0.512695 0.222656 0.023438 0.028646
0 0.487305 0.337240 0.027344 0.023438
0 0.655273 0.609375 0.031250 0.039062
0 0.624512 0.607422 0.010742 0.014323
0 0.457520 0.561849 0.024414 0.035156
0 0.428711 0.519531 0.011719 0.018229
0 0.516113 0.787760 0.016602 0.031250
0 0.523926 0.753255 0.010742 0.016927
0 0.054199 0.537760 0.030273 0.031250
0 0.031250 0.240885 0.017578 0.020833
0 0.079590 0.615234 0.022461 0.024740
0 0.052734 0.609375 0.019531 0.020833
0 0.419434 0.191406 0.012695 0.015625
0 0.184570 0.645833 0.009766 0.015625
0 0.221680 0.656901 0.027344 0.024740
0 0.267578 0.618490 0.015625 0.020833
0 0.553223 0.867839 0.010742 0.009115
0 0.569824 0.845703 0.008789 0.011719
