0 0.484375 0.336914 0.011719 0.025391
0 0.459961 0.344727 0.017578 0.017578
0 0.386719 0.573242 0.031250 0.041016
0 0.345703 0.570312 0.019531 0.019531
0 0.335938 0.675781 0.015625 0.015625
0 0.295898 0.713867 0.017578 0.017578
0 0.200195 0.606445 0.017578 0.025391
0 0.152344 0.595703 0.027344 0.031250
0 0.421875 0.405273 0.039062 0.033203
0 0.774414 0.714844 0.025391 0.019531
0 0.745117 0.696289 0.009766 0.025391
0 0.409180 0.698242 0.037109 0.033203
0 0.464844 0.706055 0.027344 0.025391
0 0.696289 0.860352 0.033203 0.037109
0 0.702148 0.829102 0.017578 0.009766
0 0.518555 0.363281 0.021484 0.011719
0 0.590820 0.750000 0.021484 0.023438
0 0.167969 0.536133 0.050781 0.052734
0 0.395508 0.929688 0.017578 0.015625
0 0.418945 0.894531 0.021484 0.023438
0 0.606445 0.843750 0.013672 0.015625
0 0.698242 0.791992 0.029297 0.044922
0 0.269531 0.625977 0.027344 0.037109
0 0.234375 0.632812 0.027344 0.011719
0 0.271484 0.659180 0.011719 0.013672
0 0.271484 0.688477 0.015625 0.013672
0 0.378906 0.465820 0.039062 0.033203
0 0.543945 0.401367 0.021484 0.025391
0 0.516602 0.904297 0.025391 0.031250
0 0.575195 0.829102 0.025391 0.033203
