0 0.756711 0.430783 0.010067 0.016393
0 0.910235 0.437158 0.021812 0.018215
0 0.339765 0.557377 0.018456 0.018215
0 0.536074 0.345173 0.021812 0.016393
0 0.696309 0.397086 0.030201 0.021858
0 0.746644 0.394353 0.016779 0.016393
0 0.783557 0.419854 0.020134 0.016393
0 0.857383 0.344262 0.023490 0.025501
0 0.495805 0.343352 0.021812 0.027322
0 0.505872 0.297814 0.015101 0.020036
0 0.509228 0.375228 0.011745 0.014572
0 0.794463 0.466302 0.035235 0.032787
0 0.902685 0.504554 0.016779 0.014572
0 0.880872 0.498179 0.010067 0.016393
0 0.194631 0.501821 0.010067 0.009107
0 0.119128 0.495446 0.010067 0.021858
0 0.731544 0.419854 0.010067 0.012750
0 0.645973 0.395264 0.020134 0.025501
0 0.196309 0.574681 0.020134 0.027322
0 0.728188 0.499089 0.033557 0.029144
0 0.826342 0.500911 0.011745 0.029144
0 0.848154 0.500911 0.015101 0.014572
0 0.770973 0.546448 0.015101 0.010929
0 0.803691 0.537341 0.026846 0.029144
0 0.334732 0.411658 0.015101 0.018215
0 0.527685 0.488160 0.028523 0.025501
0 0.489933 0.503643 0.013423 0.016393
0 0.508389 0.397996 0.010067 0.012750
0 0.542785 0.392532 0.021812 0.020036
0 0.248322 0.414390 0.026846 0.030965
