0 0.668945 0.239258 0.017578 0.017578
0 0.669922 0.262695 0.007812 0.013672
0 0.839844 0.114258 0.027344 0.033203
0 0.790039 0.140625 0.013672 0.015625
0 0.634766 0.791992 0.027344 0.041016
0 0.678711 0.139648 0.037109 0.033203
0 0.743164 0.125000 0.037109 0.023438
0 0.755859 0.166992 0.027344 0.017578
0 0.329102 0.771484 0.033203 0.019531
0 0.721680 0.914062 0.017578 0.011719
0 0.717773 0.934570 0.013672 0.013672
0 0.953125 0.296875 0.035156 0.023438
0 0.903320 0.289062 0.029297 0.027344
0 0.280273 0.193359 0.021484 0.011719
0 0.285156 0.171875 0.015625 0.011719
0 0.749023 0.394531 0.029297 0.027344
0 0.784180 0.398438 0.021484 0.023438
0 0.667969 0.858398 0.011719 0.009766
0 0.680664 0.302734 0.037109 0.042969
0 0.627930 0.303711 0.009766 0.013672
0 0.284180 0.820312 0.041016 0.035156
0 0.692383 0.623047 0.029297 0.031250
0 0.694336 0.657227 0.017578 0.009766
0 0.681641 0.188477 0.011719 0.029297
0 0.683594 0.216797 0.011719 0.011719
0 0.723633 0.087891 0.025391 0.019531
0 0.641602 0.111328 0.021484 0.023438
0 0.624023 0.159180 0.025391 0.041016
0 0.698242 0.781250 0.013672 0.027344
0 0.330078 0.729492 0.035156 0.037109
