0 0.442500 0.345000 0.035000 0.040000
0 0.667500 0.455000 0.025000 0.020000
0 0.750000 0.625000 0.030000 0.030000
0 0.745000 0.570000 0.020000 0.020000
0 0.275000 0.657500 0.020000 0.015000
0 0.325000 0.657500 0.030000 0.025000
0 0.322500 0.310000 0.025000 0.030000
0 0.185000 0.340000 0.030000 0.020000
0 0.235000 0.337500 0.020000 0.025000
0 0.717500 0.495000 0.025000 0.020000
0 0.715000 0.452500 0.020000 0.025000
0 0.760000 0.522500 0.020000 0.025000
0 0.710000 0.830000 0.020000 0.020000
0 0.700000 0.767500 0.020000 0.025000
0 0.400000 0.660000 0.020000 0.020000
0 0.452500 0.652500 0.035000 0.035000
0 0.235000 0.680000 0.020000 0.020000
0 0.605000 0.657500 0.020000 0.015000
0 0.455000 0.410000 0.020000 0.020000
0 0.347500 0.387500 0.035000 0.035000
0 0.515000 0.692500 0.020000 0.025000
0 0.230000 0.385000 0.030000 0.020000
0 0.172500 0.390000 0.025000 0.030000
0 0.237500 0.585000 0.025000 0.030000
0 0.312500 0.585000 0.025000 0.030000
0 0.497500 0.345000 0.035000 0.040000
0 0.605000 0.610000 0.020000 0.020000
0 0.672500 0.620000 0.025000 0.020000
0 0.760000 0.775000 0.020000 0.020000
0 0.752500 0.720000 0.025000 0.020000
