0 0.390244 0.492647 0.039024 0.061765
0 0.179268 0.430882 0.026829 0.032353
0 0.658537 0.942647 0.009756 0.008824
0 0.573171 0.945588 0.019512 0.020588
0 0.570732 0.904412 0.019512 0.026471
0 0.453659 0.467647 0.019512 0.029412
0 0.320732 0.172059 0.036585 0.038235
0 0.181707 0.482353 0.017073 0.011765
0 0.629268 0.660294 0.019512 0.020588
0 0.640244 0.695588 0.012195 0.020588
0 0.202439 0.348529 0.019512 0.020588
0 0.165854 0.319118 0.024390 0.026471
0 0.708537 0.322059 0.012195 0.020588
0 0.743902 0.339706 0.014634 0.032353
0 0.600000 0.448529 0.009756 0.020588
0 0.471951 0.169118 0.021951 0.026471
0 0.663415 0.657353 0.019512 0.014706
0 0.668293 0.695588 0.014634 0.014706
0 0.604878 0.958824 0.014634 0.023529
0 0.696341 0.248529 0.021951 0.014706
0 0.713415 0.167647 0.026829 0.035294
0 0.674390 0.200000 0.017073 0.017647
0 0.598780 0.645588 0.021951 0.020588
0 0.629268 0.932353 0.009756 0.017647
0 0.637805 0.727941 0.012195 0.020588
0 0.673171 0.391176 0.009756 0.017647
0 0.696341 0.367647 0.012195 0.017647
0 0.693902 0.279412 0.026829 0.023529
0 0.673171 0.316176 0.024390 0.020588
0 0.800000 0.523529 0.009756 0.029412
0 0.209756 0.522059 0.009756 0.020588
