0 0.669922 0.283203 0.031250 0.035156
0 0.669922 0.068359 0.031250 0.031250
0 0.670898 0.143555 0.025391 0.021484
0 0.669922 0.226562 0.023438 0.023438
0 0.670898 0.192383 0.029297 0.025391
0 0.742188 0.415039 0.015625 0.009766
0 0.700195 0.389648 0.029297 0.033203
0 0.635742 0.180664 0.009766 0.017578
0 0.669922 0.432617 0.031250 0.029297
0 0.736328 0.328125 0.027344 0.027344
0 0.734375 0.277344 0.027344 0.035156
0 0.638672 0.111328 0.027344 0.027344
0 0.637695 0.148438 0.013672 0.011719
0 0.701172 0.338867 0.015625 0.017578
0 0.703125 0.277344 0.019531 0.023438
0 0.704102 0.146484 0.017578 0.015625
0 0.706055 0.068359 0.021484 0.019531
0 0.642578 0.322266 0.023438 0.023438
0 0.735352 0.194336 0.021484 0.021484
0 0.735352 0.067383 0.013672 0.021484
0 0.703125 0.239258 0.019531 0.009766
0 0.643555 0.378906 0.021484 0.027344
