0 0.449605 0.684726 0.017787 0.027415
0 0.467885 0.657963 0.012846 0.013055
0 0.376976 0.481723 0.026680 0.041775
0 0.677866 0.490209 0.025692 0.019582
0 0.437253 0.749347 0.006917 0.013055
0 0.449605 0.758486 0.009881 0.013055
0 0.310277 0.355744 0.019763 0.019582
0 0.641304 0.701044 0.013834 0.015666
0 0.667490 0.689295 0.026680 0.033943
0 0.534091 0.687337 0.026680 0.030026
0 0.445652 0.646867 0.007905 0.011749
0 0.373518 0.553525 0.031621 0.044386
0 0.422925 0.552872 0.009881 0.014360
0 0.289526 0.377285 0.013834 0.015666
0 0.254941 0.393603 0.033597 0.045692
0 0.482213 0.341384 0.013834 0.019582
0 0.467391 0.308094 0.009881 0.013055
0 0.122036 0.495431 0.006917 0.014360
0 0.473814 0.712794 0.018775 0.018277
0 0.540020 0.416449 0.008893 0.013055
0 0.524704 0.414491 0.013834 0.011749
0 0.531621 0.657963 0.011858 0.015666
0 0.162549 0.342037 0.008893 0.010444
0 0.655138 0.925587 0.009881 0.010444
0 0.648715 0.871410 0.030632 0.043081
0 0.378458 0.708877 0.019763 0.028721
0 0.405138 0.714099 0.019763 0.026110
0 0.579051 0.633812 0.009881 0.011749
0 0.564723 0.644909 0.006917 0.013055
0 0.409585 0.496736 0.016798 0.019582
