0 0.868377 0.581818 0.014901 0.013636
0 0.807947 0.585227 0.009934 0.020455
0 0.344371 0.379545 0.009934 0.009091
0 0.412252 0.390909 0.009934 0.009091
0 0.112583 0.611364 0.006623 0.013636
0 0.570364 0.713636 0.024834 0.013636
0 0.550497 0.754545 0.014901 0.027273
0 0.257450 0.585227 0.021523 0.020455
0 0.572020 0.559091 0.028146 0.040909
0 0.535596 0.414773 0.014901 0.029545
0 0.557119 0.414773 0.011589 0.029545
0 0.863411 0.528409 0.014901 0.020455
0 0.599338 0.652273 0.023179 0.027273
0 0.572848 0.636364 0.016556 0.022727
0 0.383278 0.788636 0.021523 0.031818
0 0.958609 0.325000 0.019868 0.022727
0 0.431291 0.471591 0.028146 0.020455
0 0.620033 0.750000 0.008278 0.022727
0 0.481788 0.407955 0.009934 0.015909
0 0.763245 0.584091 0.009934 0.009091
0 0.718543 0.589773 0.009934 0.015909
0 0.548841 0.471591 0.011589 0.015909
0 0.358444 0.414773 0.014901 0.029545
0 0.404801 0.576136 0.014901 0.025000
0 0.691225 0.319318 0.024834 0.029545
0 0.735099 0.314773 0.013245 0.025000
0 0.834437 0.555682 0.019868 0.020455
0 0.795530 0.553409 0.011589 0.020455
0 0.480960 0.380682 0.018212 0.020455
0 0.926325 0.503409 0.008278 0.020455
