0 0.681745 0.433398 0.006462 0.013514
0 0.660743 0.444015 0.022617 0.030888
0 0.622779 0.474903 0.024233 0.023166
0 0.589661 0.479730 0.025848 0.032819
0 0.499192 0.266409 0.029079 0.030888
0 0.466882 0.285714 0.012924 0.011583
0 0.407108 0.329151 0.029079 0.036680
0 0.445073 0.336873 0.021002 0.028958
0 0.547658 0.480695 0.016155 0.019305
0 0.601777 0.443050 0.021002 0.021236
0 0.561389 0.440154 0.011309 0.011583
0 0.697092 0.515444 0.021002 0.030888
0 0.683360 0.552124 0.009693 0.015444
0 0.621971 0.407336 0.035541 0.034749
0 0.447496 0.594595 0.009693 0.015444
0 0.453958 0.472008 0.006462 0.013514
0 0.954766 0.442085 0.029079 0.034749
0 0.843296 0.211390 0.025848 0.032819
0 0.907916 0.189189 0.012924 0.015444
0 0.959612 0.211390 0.019386 0.021236
0 0.350565 0.589768 0.022617 0.032819
0 0.404685 0.588803 0.017771 0.027027
0 0.494346 0.680502 0.038772 0.040541
0 0.445073 0.689189 0.008078 0.019305
0 0.386914 0.638031 0.033926 0.044402
0 0.427302 0.627413 0.011309 0.015444
0 0.904685 0.323359 0.016155 0.017375
0 0.483037 0.409266 0.022617 0.015444
0 0.454766 0.404440 0.008078 0.013514
0 0.275444 0.643822 0.027464 0.032819
