0 0.743455 0.108491 0.017452 0.020755
0 0.694590 0.173585 0.006981 0.015094
0 0.676265 0.207547 0.012216 0.011321
0 0.714660 0.359434 0.019197 0.013208
0 0.712042 0.310377 0.020942 0.020755
0 0.749564 0.334906 0.012216 0.009434
0 0.687609 0.136792 0.020942 0.009434
0 0.649215 0.332075 0.010471 0.022642
0 0.662304 0.118868 0.012216 0.015094
0 0.652705 0.094340 0.020942 0.018868
0 0.706806 0.201887 0.017452 0.011321
0 0.678010 0.247170 0.019197 0.026415
0 0.679756 0.279245 0.019197 0.022642
0 0.652705 0.265094 0.013962 0.013208
0 0.650087 0.235849 0.015707 0.015094
0 0.678010 0.331132 0.012216 0.009434
0 0.739965 0.183962 0.013962 0.013208
0 0.658813 0.161321 0.015707 0.013208
0 0.740838 0.258491 0.026178 0.030189
0 0.710297 0.279245 0.020942 0.018868
0 0.707679 0.235849 0.012216 0.015094
0 0.719023 0.101887 0.010471 0.011321
0 0.714660 0.135849 0.019197 0.011321
