0 0.550781 0.767969 0.026562 0.029687
0 0.546094 0.685937 0.023438 0.028125
0 0.620313 0.682813 0.015625 0.015625
0 0.619531 0.768750 0.017188 0.015625
0 0.639844 0.759375 0.010937 0.009375
0 0.661719 0.680469 0.023438 0.020313
0 0.580469 0.770312 0.020313 0.021875
0 0.587500 0.650781 0.028125 0.023438
0 0.601562 0.720313 0.012500 0.006250
0 0.584375 0.741406 0.015625 0.010937
0 0.675781 0.639844 0.010937 0.014063
0 0.553906 0.639844 0.020313 0.023438
0 0.546094 0.730469 0.007812 0.014063
0 0.565625 0.737500 0.009375 0.015625
0 0.661719 0.770312 0.014063 0.015625
0 0.594531 0.682813 0.017188 0.025000
0 0.593750 0.703906 0.012500 0.004687
0 0.638281 0.728125 0.007812 0.012500
0 0.627344 0.647656 0.032813 0.032813
0 0.664844 0.735156 0.023438 0.023438
