0 0.744141 0.800781 0.011719 0.015625
0 0.731445 0.775391 0.013672 0.007812
0 0.520508 0.632812 0.013672 0.007812
0 0.560547 0.626953 0.015625 0.015625
0 0.622070 0.786133 0.017578 0.021484
0 0.650391 0.785156 0.019531 0.015625
0 0.719727 0.603516 0.021484 0.023438
0 0.379883 0.655273 0.025391 0.013672
0 0.412109 0.656250 0.015625 0.023438
0 0.847656 0.600586 0.015625 0.025391
0 0.801758 0.629883 0.009766 0.021484
0 0.864258 0.809570 0.033203 0.033203
0 0.609375 0.663086 0.023438 0.029297
0 0.655273 0.653320 0.017578 0.017578
0 0.493164 0.614258 0.025391 0.021484
0 0.567383 0.583008 0.017578 0.009766
0 0.554688 0.784180 0.031250 0.013672
0 0.516602 0.811523 0.017578 0.017578
0 0.320312 0.584961 0.015625 0.017578
0 0.593750 0.737305 0.023438 0.009766
0 0.640625 0.725586 0.019531 0.025391
0 0.729492 0.689453 0.029297 0.027344
0 0.659180 0.587891 0.017578 0.015625
0 0.625977 0.591797 0.013672 0.019531
0 0.499023 0.678711 0.033203 0.033203
0 0.546875 0.668945 0.042969 0.044922
0 0.451172 0.582031 0.015625 0.023438
0 0.327148 0.656250 0.037109 0.023438
0 0.464844 0.609375 0.007812 0.015625
0 0.332031 0.611328 0.015625 0.015625
