0 0.260000 0.626667 0.020000 0.013333
0 0.865000 0.695000 0.043333 0.043333
0 0.858333 0.641667 0.023333 0.030000
0 0.590000 0.725000 0.020000 0.023333
0 0.231667 0.535000 0.023333 0.036667
0 0.240000 0.495000 0.013333 0.016667
0 0.741667 0.553333 0.036667 0.033333
0 0.213333 0.490000 0.013333 0.020000
0 0.206667 0.691667 0.020000 0.030000
0 0.410000 0.811667 0.020000 0.023333
0 0.926667 0.525000 0.013333 0.016667
0 0.440000 0.751667 0.020000 0.016667
0 0.406667 0.763333 0.013333 0.020000
0 0.375000 0.678333 0.030000 0.023333
0 0.385000 0.640000 0.023333 0.026667
0 0.336667 0.798333 0.020000 0.016667
0 0.380000 0.783333 0.013333 0.020000
0 0.625000 0.586667 0.023333 0.026667
0 0.583333 0.608333 0.026667 0.036667
0 0.258333 0.716667 0.023333 0.020000
0 0.258333 0.753333 0.023333 0.026667
0 0.918333 0.420000 0.050000 0.053333
0 0.276667 0.790000 0.013333 0.020000
0 0.283333 0.833333 0.026667 0.013333
0 0.801667 0.615000 0.036667 0.016667
0 0.600000 0.818333 0.013333 0.010000
0 0.610000 0.785000 0.026667 0.023333
0 0.350000 0.581667 0.020000 0.030000
0 0.346667 0.621667 0.013333 0.010000
0 0.203333 0.798333 0.013333 0.016667
