0 0.522403 0.711066 0.014257 0.017760
0 0.773931 0.616803 0.014257 0.017760
0 0.685845 0.816257 0.019348 0.023224
0 0.682281 0.783470 0.022403 0.025956
0 0.470468 0.314208 0.020367 0.030055
0 0.466904 0.250683 0.029532 0.045082
0 0.357943 0.835383 0.015275 0.012295
0 0.724033 0.627049 0.034623 0.046448
0 0.692974 0.562842 0.027495 0.013661
0 0.436864 0.363388 0.026477 0.043716
0 0.323829 0.906421 0.024440 0.025956
0 0.438900 0.576503 0.026477 0.032787
0 0.469959 0.343579 0.015275 0.017760
0 0.467923 0.426913 0.027495 0.025956
0 0.284623 0.841530 0.017312 0.021858
0 0.582485 0.616120 0.012220 0.019126
0 0.614562 0.579918 0.023422 0.034153
0 0.438391 0.305328 0.017312 0.025956
0 0.439409 0.260929 0.017312 0.027322
0 0.580957 0.673497 0.033605 0.035519
0 0.553971 0.704235 0.010183 0.012295
0 0.260183 0.877049 0.017312 0.027322
0 0.464868 0.823087 0.029532 0.039617
0 0.519857 0.355874 0.015275 0.028689
0 0.523422 0.400956 0.016293 0.028689
0 0.260183 0.956284 0.011202 0.008197
0 0.261711 0.937842 0.018330 0.015027
0 0.496945 0.368169 0.018330 0.036885
0 0.355906 0.940574 0.025458 0.028689
0 0.320265 0.837432 0.021385 0.024590
