0 0.175806 0.828358 0.009677 0.009950
0 0.178226 0.873134 0.014516 0.009950
0 0.298387 0.758706 0.022581 0.039801
0 0.651613 0.359453 0.012903 0.012438
0 0.702419 0.376866 0.014516 0.022388
0 0.587097 0.453980 0.009677 0.022388
0 0.529032 0.498756 0.009677 0.017413
0 0.226613 0.738806 0.011290 0.019900
0 0.210484 0.791045 0.017742 0.019900
0 0.258065 0.869403 0.019355 0.037313
0 0.291129 0.560945 0.008065 0.027363
0 0.706452 0.445274 0.012903 0.019900
0 0.553226 0.347015 0.029032 0.047264
0 0.259677 0.759950 0.022581 0.032338
0 0.218548 0.533582 0.027419 0.047264
0 0.183871 0.628109 0.016129 0.022388
0 0.647581 0.548507 0.011290 0.012438
0 0.736290 0.514925 0.011290 0.014925
0 0.359677 0.625622 0.006452 0.017413
0 0.229032 0.828358 0.006452 0.019900
0 0.481452 0.317164 0.017742 0.022388
0 0.457258 0.334577 0.014516 0.022388
0 0.334677 0.370647 0.017742 0.024876
0 0.620968 0.522388 0.009677 0.029851
0 0.505645 0.659204 0.011290 0.019900
0 0.320968 0.601990 0.019355 0.009950
0 0.593548 0.635572 0.019355 0.022388
0 0.258065 0.676617 0.025806 0.024876
0 0.248387 0.631841 0.012903 0.019900
0 0.481452 0.487562 0.017742 0.029851
