0 0.588567 0.849034 0.014493 0.012077
0 0.661031 0.847826 0.014493 0.014493
0 0.545894 0.849034 0.006441 0.016908
0 0.709340 0.981884 0.017713 0.021739
0 0.687601 0.980676 0.009662 0.009662
0 0.350242 0.938406 0.011272 0.016908
0 0.330113 0.934783 0.006441 0.014493
0 0.724638 0.806763 0.016103 0.014493
0 0.621578 0.956522 0.019324 0.019324
0 0.690016 0.932367 0.008052 0.009662
0 0.658615 0.937198 0.016103 0.019324
0 0.264895 0.780193 0.008052 0.009662
0 0.247182 0.772947 0.011272 0.014493
0 0.368760 0.817633 0.022544 0.012077
0 0.367150 0.775362 0.016103 0.019324
0 0.396135 0.797101 0.006441 0.014493
0 0.398551 0.898551 0.008052 0.014493
0 0.310789 0.867150 0.009662 0.009662
0 0.797907 0.961353 0.011272 0.019324
0 0.291465 0.832126 0.006441 0.016908
0 0.751208 0.945652 0.024155 0.012077
0 0.405797 0.958937 0.009662 0.009662
0 0.289855 0.892512 0.009662 0.012077
0 0.243156 0.869565 0.006441 0.014493
0 0.270531 0.868357 0.009662 0.012077
0 0.618357 0.810386 0.009662 0.016908
0 0.706924 0.937198 0.009662 0.014493
0 0.340580 0.812802 0.011272 0.016908
0 0.644122 0.981884 0.012882 0.021739
0 0.346216 0.873188 0.009662 0.012077
