0 0.879883 0.643695 0.013672 0.017595
0 0.921875 0.615103 0.017578 0.021994
0 0.831055 0.644428 0.013672 0.021994
0 0.849121 0.645161 0.012695 0.023460
0 0.126953 0.390762 0.027344 0.045455
0 0.849121 0.593109 0.008789 0.010264
0 0.951172 0.651026 0.007812 0.008798
0 0.942383 0.555718 0.011719 0.008798
0 0.957520 0.562317 0.010742 0.016129
0 0.242188 0.394428 0.009766 0.023460
0 0.219727 0.383431 0.013672 0.019062
0 0.835938 0.557185 0.015625 0.020528
0 0.814453 0.554252 0.003906 0.014663
0 0.073242 0.447947 0.017578 0.033724
0 0.051758 0.471408 0.013672 0.030792
0 0.056641 0.394428 0.017578 0.014663
0 0.062500 0.361437 0.015625 0.021994
0 0.936035 0.585044 0.014648 0.020528
0 0.958496 0.583578 0.006836 0.008798
0 0.166504 0.579912 0.026367 0.042522
0 0.180664 0.615103 0.013672 0.016129
0 0.899414 0.587243 0.017578 0.016129
0 0.877441 0.590176 0.008789 0.021994
0 0.790527 0.612903 0.012695 0.011730
0 0.767090 0.616569 0.010742 0.019062
0 0.886719 0.558651 0.013672 0.020528
0 0.869141 0.558651 0.013672 0.023460
0 0.127930 0.521994 0.013672 0.038123
0 0.102539 0.533724 0.023438 0.043988
0 0.230469 0.453812 0.021484 0.027859
