0 0.155125 0.809524 0.022161 0.034632
0 0.156510 0.588745 0.019391 0.017316
0 0.718837 0.690476 0.019391 0.038961
0 0.688366 0.673160 0.019391 0.021645
0 0.869806 0.270563 0.016620 0.021645
0 0.596953 0.396104 0.024931 0.038961
0 0.548476 0.406926 0.016620 0.017316
0 0.186981 0.547619 0.013850 0.038961
0 0.645429 0.549784 0.011080 0.017316
0 0.470914 0.400433 0.033241 0.047619
0 0.547091 0.357143 0.024931 0.030303
0 0.578947 0.348485 0.011080 0.021645
0 0.623269 0.277056 0.011080 0.025974
0 0.739612 0.357143 0.016620 0.038961
0 0.786704 0.344156 0.011080 0.012987
0 0.846260 0.396104 0.024931 0.038961
0 0.880886 0.398268 0.016620 0.025974
0 0.123269 0.874459 0.013850 0.025974
0 0.128809 0.926407 0.024931 0.034632
0 0.670360 0.318182 0.016620 0.038961
0 0.642659 0.324675 0.011080 0.017316
0 0.137119 0.748918 0.013850 0.025974
0 0.121884 0.792208 0.016620 0.017316
0 0.878116 0.318182 0.022161 0.030303
0 0.824100 0.324675 0.013850 0.025974
0 0.850416 0.346320 0.011080 0.017316
0 0.742382 0.309524 0.011080 0.021645
0 0.783934 0.307359 0.016620 0.017316
0 0.598338 0.593074 0.027701 0.043290
0 0.542936 0.603896 0.011080 0.021645
