0 0.109375 0.086719 0.015625 0.020313
0 0.188281 0.082031 0.032813 0.010937
0 0.275000 0.093750 0.021875 0.028125
0 0.339844 0.088281 0.029687 0.023438
0 0.456250 0.088281 0.028125 0.023438
0 0.035937 0.124219 0.021875 0.029687
0 0.347656 0.125000 0.023438 0.021875
0 0.294531 0.127344 0.029687 0.026562
0 0.453125 0.125781 0.021875 0.020313
0 0.339062 0.157031 0.040625 0.029687
0 0.257812 0.164844 0.012500 0.014063
0 0.391406 0.060937 0.026562 0.028125
0 0.070312 0.157031 0.031250 0.029687
0 0.028906 0.155469 0.014063 0.017188
0 0.177344 0.060937 0.010937 0.009375
0 0.227344 0.055469 0.026562 0.023438
0 0.322656 0.055469 0.029687 0.026562
0 0.400781 0.156250 0.039062 0.031250
0 0.165625 0.157031 0.025000 0.026562
0 0.228125 0.125781 0.031250 0.014063
0 0.062500 0.055469 0.015625 0.007812
0 0.100781 0.053906 0.023438 0.020313
