0 0.633000 0.705706 0.018000 0.021021
0 0.509000 0.638138 0.012000 0.024024
0 0.490000 0.629129 0.006000 0.009009
0 0.113000 0.566066 0.028000 0.036036
0 0.624000 0.644895 0.012000 0.016517
0 0.600000 0.710210 0.020000 0.033033
0 0.578500 0.717718 0.013000 0.021021
0 0.576000 0.674174 0.008000 0.006006
0 0.224000 0.626877 0.010000 0.013514
0 0.237500 0.606607 0.007000 0.015015
0 0.649000 0.748498 0.018000 0.016517
0 0.304000 0.495495 0.022000 0.027027
0 0.283000 0.490240 0.008000 0.010511
0 0.105000 0.442192 0.016000 0.034535
0 0.133500 0.437688 0.007000 0.013514
0 0.275500 0.618619 0.009000 0.036036
0 0.310500 0.605856 0.007000 0.013514
0 0.607500 0.741742 0.013000 0.015015
0 0.635500 0.674925 0.015000 0.025526
0 0.550000 0.671171 0.012000 0.021021
0 0.527500 0.680180 0.013000 0.009009
0 0.553000 0.642643 0.018000 0.024024
0 0.170500 0.425676 0.023000 0.025526
0 0.218500 0.448949 0.007000 0.015015
0 0.500000 0.745495 0.022000 0.034535
0 0.180500 0.493994 0.023000 0.036036
0 0.584000 0.640390 0.026000 0.028529
0 0.612000 0.650901 0.004000 0.013514
0 0.481500 0.704955 0.009000 0.016517
0 0.541000 0.703453 0.012000 0.016517
