0 0.161719 0.785937 0.029687 0.031250
0 0.139844 0.817969 0.010937 0.017188
0 0.226562 0.730469 0.021875 0.020313
0 0.211719 0.668750 0.026562 0.018750
0 0.224219 0.641406 0.017188 0.017188
0 0.148438 0.710938 0.040625 0.034375
0 0.084375 0.675781 0.015625 0.017188
0 0.092969 0.868750 0.039062 0.040625
0 0.222656 0.818750 0.026562 0.034375
0 0.038281 0.652344 0.042188 0.029687
0 0.034375 0.866406 0.034375 0.017188
0 0.161719 0.675000 0.026562 0.009375
0 0.203906 0.862500 0.039062 0.040625
0 0.086719 0.791406 0.017188 0.035937
0 0.118750 0.790625 0.009375 0.012500
0 0.146094 0.894531 0.029687 0.026562
0 0.163281 0.859375 0.020313 0.025000
0 0.096875 0.712500 0.021875 0.034375
0 0.037500 0.786719 0.031250 0.029687
0 0.063281 0.792188 0.007812 0.012500
0 0.015625 0.750781 0.006250 0.014063
0 0.020313 0.706250 0.015625 0.021875
