0 0.745033 0.135227 0.009934 0.015909
0 0.783113 0.194318 0.009934 0.020455
0 0.667219 0.189773 0.026490 0.029545
0 0.639901 0.170455 0.008278 0.013636
0 0.233444 0.469318 0.006623 0.015909
0 0.187914 0.456818 0.021523 0.031818
0 0.331954 0.334091 0.028146 0.036364
0 0.335265 0.260227 0.018212 0.015909
0 0.692053 0.237500 0.029801 0.029545
0 0.155629 0.805682 0.009934 0.011364
0 0.330298 0.627273 0.018212 0.027273
0 0.138245 0.860227 0.008278 0.015909
0 0.118377 0.855682 0.008278 0.015909
0 0.484272 0.786364 0.014901 0.027273
0 0.348510 0.571591 0.031457 0.043182
0 0.403974 0.618182 0.026490 0.036364
0 0.812086 0.301136 0.031457 0.029545
0 0.643212 0.279545 0.011589 0.013636
0 0.639073 0.775000 0.013245 0.031818
0 0.805464 0.147727 0.011589 0.022727
0 0.413907 0.407955 0.013245 0.015909
0 0.384106 0.451136 0.009934 0.006818
0 0.129139 0.763636 0.029801 0.031818
0 0.929636 0.243182 0.014901 0.013636
0 0.096854 0.809091 0.028146 0.036364
0 0.444536 0.318182 0.011589 0.009091
0 0.187086 0.529545 0.026490 0.036364
0 0.211093 0.509091 0.004967 0.013636
0 0.693709 0.550000 0.013245 0.009091
0 0.657285 0.615909 0.013245 0.013636
