0 0.750000 0.218750 0.015625 0.007812
0 0.803711 0.355469 0.021484 0.027344
0 0.806641 0.396484 0.015625 0.015625
0 0.820312 0.197266 0.027344 0.023438
0 0.395508 0.397461 0.025391 0.025391
0 0.393555 0.567383 0.021484 0.033203
0 0.408203 0.524414 0.015625 0.025391
0 0.900391 0.379883 0.046875 0.044922
0 0.765625 0.379883 0.019531 0.041016
0 0.290039 0.339844 0.009766 0.015625
0 0.302734 0.382812 0.023438 0.027344
0 0.813477 0.291992 0.033203 0.037109
0 0.844727 0.284180 0.009766 0.013672
0 0.365234 0.301758 0.015625 0.017578
0 0.898438 0.202148 0.015625 0.029297
0 0.732422 0.305664 0.046875 0.044922
0 0.967773 0.307617 0.048828 0.044922
0 0.360352 0.587891 0.017578 0.007812
0 0.738281 0.124023 0.035156 0.025391
0 0.276367 0.118164 0.033203 0.013672
0 0.947266 0.398438 0.019531 0.015625
0 0.358398 0.492188 0.017578 0.019531
0 0.365234 0.435547 0.031250 0.031250
0 0.355469 0.115234 0.031250 0.019531
0 0.328125 0.454102 0.023438 0.029297
0 0.332031 0.493164 0.011719 0.013672
0 0.815430 0.162109 0.021484 0.015625
0 0.822266 0.130859 0.019531 0.019531
0 0.267578 0.237305 0.023438 0.021484
0 0.363281 0.363281 0.015625 0.015625
