0 0.051806 0.398136 0.012357 0.021305
0 0.048479 0.369507 0.022814 0.025300
0 0.079848 0.209720 0.019011 0.022636
0 0.484791 0.224368 0.019011 0.030626
0 0.080798 0.449401 0.017110 0.025300
0 0.071293 0.486019 0.005703 0.018642
0 0.477186 0.158455 0.019011 0.013316
0 0.471008 0.192410 0.018061 0.022636
0 0.043251 0.428762 0.014259 0.021305
0 0.056559 0.455393 0.010456 0.015979
0 0.411122 0.231025 0.014259 0.019973
0 0.497148 0.278296 0.017110 0.013316
0 0.130228 0.271638 0.026616 0.018642
0 0.050380 0.303595 0.022814 0.026631
0 0.051806 0.259654 0.016160 0.023968
0 0.096958 0.272304 0.011407 0.017310
0 0.429658 0.160453 0.011407 0.014647
0 0.480989 0.093209 0.003802 0.013316
0 0.096483 0.394807 0.008555 0.009321
0 0.543726 0.231025 0.013308 0.019973
0 0.542300 0.169108 0.019962 0.039947
0 0.441540 0.296272 0.014259 0.022636
0 0.519487 0.313582 0.014259 0.009321
0 0.553232 0.320240 0.009506 0.011984
0 0.070817 0.284288 0.010456 0.014647
0 0.368346 0.180426 0.029468 0.041278
0 0.079848 0.392810 0.017110 0.021305
0 0.076521 0.354860 0.025665 0.033289
0 0.128802 0.342210 0.023764 0.021305
0 0.122624 0.394141 0.011407 0.018642
