0 0.639844 0.432031 0.060937 0.107813
0 0.527344 0.745313 0.023438 0.025000
0 0.460156 0.748437 0.029687 0.031250
0 0.441406 0.635938 0.048438 0.046875
0 0.790625 0.832031 0.031250 0.032813
0 0.831250 0.823438 0.028125 0.025000
0 0.717187 0.755469 0.037500 0.032813
0 0.677344 0.759375 0.026562 0.018750
0 0.882031 0.303906 0.020313 0.017188
0 0.712500 0.842187 0.028125 0.031250
0 0.711719 0.802344 0.020313 0.020313
0 0.289062 0.581250 0.031250 0.021875
0 0.246875 0.574219 0.034375 0.010937
0 0.375000 0.707031 0.043750 0.039062
0 0.457031 0.535156 0.014063 0.014063
0 0.432812 0.529687 0.012500 0.006250
0 0.192969 0.575000 0.010937 0.012500
0 0.159375 0.577344 0.021875 0.017188
0 0.930469 0.400781 0.017188 0.023438
0 0.935156 0.444531 0.023438 0.007812
0 0.495312 0.578906 0.018750 0.020313
0 0.599219 0.636719 0.032813 0.035937
0 0.569531 0.655469 0.014063 0.010937
0 0.381250 0.754687 0.031250 0.028125
0 0.374219 0.580469 0.017188 0.014063
0 0.407813 0.581250 0.009375 0.025000
0 0.442188 0.681250 0.015625 0.018750
0 0.442969 0.712500 0.035937 0.018750
0 0.650781 0.883594 0.042188 0.032813
0 0.721094 0.888281 0.042188 0.039062
0 0.619531 0.760156 0.017188 0.007812
