0 0.106445 0.078125 0.212891 0.156250
0 0.389648 0.735352 0.041016 0.033203
0 0.450195 0.856445 0.017578 0.009766
0 0.828125 0.255859 0.007812 0.015625
0 0.827148 0.224609 0.025391 0.027344
0 0.281250 0.813477 0.042969 0.037109
0 0.331055 0.850586 0.025391 0.037109
0 0.386719 0.667969 0.015625 0.015625
0 0.450195 0.649414 0.017578 0.017578
0 0.826172 0.530273 0.011719 0.013672
0 0.131836 0.373047 0.025391 0.019531
0 0.521484 0.761719 0.019531 0.031250
0 0.737305 0.488281 0.009766 0.011719
0 0.737305 0.527344 0.009766 0.019531
0 0.313477 0.930664 0.021484 0.021484
0 0.284180 0.956055 0.017578 0.017578
0 0.528320 0.936523 0.025391 0.037109
0 0.764648 0.500000 0.013672 0.019531
0 0.772461 0.536133 0.021484 0.021484
0 0.439453 0.791016 0.035156 0.039062
0 0.392578 0.796875 0.011719 0.015625
0 0.541016 0.821289 0.027344 0.025391
0 0.544922 0.592773 0.011719 0.013672
0 0.541016 0.653320 0.023438 0.029297
0 0.247070 0.181641 0.029297 0.031250
0 0.258789 0.238281 0.013672 0.015625
0 0.370117 0.291016 0.021484 0.035156
0 0.827148 0.382812 0.017578 0.023438
0 0.185547 0.702148 0.019531 0.025391
0 0.238281 0.282227 0.023438 0.029297
0 0.226562 0.320312 0.011719 0.015625
