0 0.204687 0.314063 0.021875 0.009375
0 0.203906 0.291406 0.026562 0.023438
0 0.228906 0.350781 0.023438 0.023438
0 0.189062 0.946875 0.012500 0.006250
0 0.346875 0.727344 0.025000 0.026562
0 0.382031 0.753906 0.017188 0.026562
0 0.287500 0.296094 0.028125 0.026562
0 0.267969 0.930469 0.010937 0.017188
0 0.299219 0.948438 0.014063 0.012500
0 0.201563 0.341406 0.018750 0.017188
0 0.260156 0.264062 0.026562 0.025000
0 0.455469 0.932031 0.020313 0.035937
0 0.259375 0.200781 0.025000 0.026562
0 0.200781 0.250781 0.014063 0.010937
0 0.228125 0.220312 0.018750 0.015625
0 0.230469 0.192188 0.010937 0.012500
0 0.282813 0.348438 0.015625 0.015625
0 0.290625 0.736719 0.034375 0.042188
0 0.248438 0.732031 0.021875 0.042188
0 0.170313 0.851562 0.040625 0.040625
0 0.223438 0.878906 0.009375 0.020313
0 0.199219 0.210156 0.017188 0.023438
0 0.365625 0.940625 0.009375 0.009375
0 0.474219 0.799219 0.045312 0.039062
0 0.365625 0.794531 0.028125 0.042188
0 0.290625 0.798438 0.015625 0.009375
0 0.239844 0.780469 0.017188 0.014063
0 0.154688 0.816406 0.015625 0.017188
0 0.257031 0.360938 0.020313 0.018750
0 0.510156 0.736719 0.020313 0.017188
