0 0.653988 0.106501 0.024540 0.022130
0 0.336196 0.294606 0.022086 0.035961
0 0.142331 0.717842 0.026994 0.030429
0 0.088344 0.668050 0.012270 0.022130
0 0.625767 0.235823 0.014724 0.020747
0 0.690798 0.224758 0.012270 0.034578
0 0.600613 0.317427 0.018405 0.023513
0 0.535583 0.320885 0.025767 0.019364
0 0.101840 0.600277 0.029448 0.033195
0 0.102454 0.455740 0.008589 0.012448
0 0.101227 0.475104 0.015951 0.015214
0 0.316564 0.184647 0.026994 0.026279
0 0.282822 0.160443 0.028221 0.035961
0 0.474233 0.113416 0.030675 0.035961
0 0.130061 0.292531 0.022086 0.026279
0 0.548466 0.163900 0.017178 0.020747
0 0.585276 0.167358 0.034356 0.035961
0 0.144785 0.813970 0.009816 0.006916
0 0.641718 0.167358 0.029448 0.035961
0 0.694479 0.175657 0.041718 0.041494
0 0.182209 0.254495 0.011043 0.011065
0 0.250920 0.261411 0.015951 0.022130
0 0.196319 0.231674 0.014724 0.015214
0 0.039264 0.585062 0.017178 0.024896
0 0.051534 0.615491 0.017178 0.013831
0 0.039877 0.419779 0.020859 0.023513
0 0.045399 0.382434 0.022086 0.029046
0 0.703681 0.290456 0.013497 0.022130
0 0.723313 0.304288 0.008589 0.013831
0 0.488344 0.267635 0.019632 0.012448
