0 0.148000 0.241000 0.020000 0.022000
0 0.195000 0.252000 0.026000 0.028000
0 0.712000 0.072000 0.028000 0.024000
0 0.677000 0.083000 0.022000 0.014000
0 0.236000 0.174000 0.020000 0.024000
0 0.330000 0.212000 0.028000 0.032000
0 0.238000 0.238000 0.016000 0.008000
0 0.569000 0.110000 0.026000 0.028000
0 0.902000 0.103000 0.016000 0.010000
0 0.922000 0.116000 0.008000 0.016000
0 0.568000 0.151000 0.016000 0.026000
0 0.116000 0.170000 0.028000 0.028000
0 0.089000 0.168000 0.010000 0.020000
0 0.343000 0.290000 0.038000 0.032000
0 0.164000 0.273000 0.012000 0.018000
0 0.689000 0.156000 0.014000 0.020000
0 0.740000 0.155000 0.012000 0.014000
0 0.071000 0.245000 0.034000 0.022000
0 0.083000 0.279000 0.010000 0.014000
0 0.061000 0.287000 0.014000 0.018000
0 0.107000 0.414000 0.026000 0.024000
0 0.061000 0.327000 0.018000 0.030000
0 0.473000 0.083000 0.034000 0.022000
0 0.416000 0.085000 0.028000 0.026000
0 0.202000 0.302000 0.040000 0.020000
0 0.906000 0.145000 0.008000 0.014000
0 0.115000 0.449000 0.030000 0.030000
0 0.110000 0.490000 0.016000 0.008000
0 0.157000 0.406000 0.022000 0.024000
0 0.160000 0.369000 0.024000 0.022000
