0 0.685547 0.263672 0.023438 0.015625
0 0.698242 0.484375 0.017578 0.023438
0 0.705078 0.524414 0.027344 0.009766
0 0.894531 0.177734 0.023438 0.023438
0 0.567383 0.315430 0.037109 0.029297
0 0.494141 0.283203 0.019531 0.019531
0 0.794922 0.436523 0.015625 0.013672
0 0.603516 0.325195 0.011719 0.005859
0 0.721680 0.197266 0.021484 0.023438
0 0.662109 0.191406 0.023438 0.031250
0 0.575195 0.402344 0.025391 0.027344
0 0.615234 0.387695 0.019531 0.009766
0 0.296875 0.391602 0.019531 0.009766
0 0.705078 0.365234 0.019531 0.015625
0 0.301758 0.337891 0.025391 0.015625
0 0.447266 0.337891 0.031250 0.023438
0 0.612305 0.183594 0.013672 0.011719
0 0.587891 0.356445 0.019531 0.017578
0 0.728516 0.165039 0.015625 0.013672
0 0.714844 0.108398 0.035156 0.029297
0 0.788086 0.515625 0.029297 0.039062
0 0.771484 0.546875 0.015625 0.007812
0 0.353516 0.284180 0.007812 0.013672
0 0.480469 0.311523 0.015625 0.017578
0 0.510742 0.311523 0.017578 0.013672
0 0.761719 0.139648 0.035156 0.025391
0 0.799805 0.117188 0.021484 0.035156
0 0.384766 0.382812 0.019531 0.007812
0 0.664062 0.233398 0.015625 0.017578
0 0.723633 0.250000 0.021484 0.019531
