0 0.081781 0.573086 0.026915 0.027842
0 0.811594 0.569606 0.008282 0.016241
0 0.765010 0.559165 0.035197 0.027842
0 0.141822 0.555684 0.018634 0.016241
0 0.242236 0.758701 0.028986 0.032483
0 0.223602 0.722738 0.008282 0.016241
0 0.209110 0.439675 0.020704 0.011601
0 0.209110 0.464037 0.008282 0.018561
0 0.896480 0.515081 0.008282 0.013921
0 0.639752 0.593968 0.012422 0.018561
0 0.905797 0.791183 0.022774 0.023202
0 0.515528 0.496520 0.008282 0.013921
0 0.581781 0.482599 0.008282 0.013921
0 0.768116 0.705336 0.016563 0.013921
0 0.789855 0.678654 0.010352 0.016241
0 0.659420 0.320186 0.018634 0.018561
0 0.833333 0.738979 0.026915 0.034803
0 0.616977 0.323666 0.016563 0.006961
0 0.840580 0.785383 0.020704 0.020882
0 0.770186 0.773782 0.024845 0.011601
0 0.543478 0.593968 0.026915 0.032483
0 0.064182 0.732019 0.012422 0.025522
0 0.248447 0.313225 0.012422 0.013921
0 0.741201 0.265661 0.012422 0.020882
0 0.716356 0.262181 0.020704 0.023202
0 0.771222 0.735499 0.022774 0.027842
0 0.797101 0.758701 0.012422 0.009281
0 0.180124 0.319026 0.012422 0.016241
0 0.229814 0.496520 0.008282 0.018561
0 0.238095 0.534803 0.012422 0.016241
