0 0.551047 0.875706 0.023560 0.022599
0 0.445026 0.372881 0.026178 0.028249
0 0.403141 0.399718 0.015707 0.014124
0 0.638743 0.584746 0.020942 0.028249
0 0.348168 0.754237 0.026178 0.016949
0 0.401832 0.717514 0.028796 0.028249
0 0.416230 0.766949 0.026178 0.014124
0 0.255236 0.322034 0.023560 0.028249
0 0.571990 0.509887 0.039267 0.036723
0 0.515707 0.512712 0.010471 0.008475
0 0.298429 0.531073 0.015707 0.011299
0 0.439791 0.734463 0.015707 0.022599
0 0.256545 0.754237 0.026178 0.033898
0 0.382199 0.576271 0.010471 0.016949
0 0.373037 0.614407 0.023560 0.019774
0 0.589005 0.933616 0.010471 0.019774
0 0.590314 0.901130 0.013089 0.011299
0 0.539267 0.755650 0.010471 0.014124
0 0.314136 0.406780 0.026178 0.033898
0 0.316754 0.360169 0.031414 0.036723
0 0.142670 0.312147 0.039267 0.036723
0 0.306283 0.567797 0.015707 0.011299
0 0.269634 0.581921 0.036649 0.028249
0 0.231675 0.573446 0.018325 0.022599
0 0.685864 0.653955 0.026178 0.025424
0 0.695026 0.580508 0.023560 0.031073
0 0.430628 0.562147 0.023560 0.022599
0 0.552356 0.466102 0.015707 0.016949
0 0.480366 0.814972 0.018325 0.025424
0 0.517016 0.762712 0.013089 0.011299
