0 0.780469 0.310937 0.014063 0.037500
0 0.256250 0.490625 0.025000 0.034375
0 0.719531 0.299219 0.017188 0.007812
0 0.719531 0.332031 0.023438 0.032813
0 0.200000 0.399219 0.009375 0.017188
0 0.285938 0.451562 0.012500 0.012500
0 0.691406 0.409375 0.010937 0.006250
0 0.694531 0.433594 0.026562 0.020313
0 0.221094 0.495312 0.010937 0.015625
0 0.252344 0.445312 0.023438 0.021875
0 0.692187 0.344531 0.012500 0.014063
0 0.717969 0.393750 0.020313 0.021875
0 0.196094 0.501563 0.014063 0.015625
0 0.290625 0.407813 0.015625 0.018750
0 0.721094 0.533594 0.026562 0.017188
0 0.289062 0.496094 0.015625 0.010937
0 0.767188 0.504687 0.012500 0.025000
0 0.773438 0.536719 0.015625 0.017188
0 0.194531 0.460938 0.010937 0.018750
0 0.777344 0.457813 0.017188 0.015625
0 0.253906 0.353906 0.026562 0.026562
0 0.219531 0.360938 0.017188 0.015625
0 0.192188 0.363281 0.021875 0.032813
0 0.726562 0.442969 0.015625 0.020313
0 0.225000 0.408594 0.018750 0.014063
0 0.748437 0.310937 0.021875 0.025000
0 0.750000 0.347656 0.021875 0.014063
0 0.775781 0.407031 0.026562 0.029687
0 0.745313 0.403125 0.021875 0.025000
0 0.744531 0.371094 0.020313 0.007812
