0 0.682270 0.718553 0.014184 0.015723
0 0.680142 0.745283 0.012766 0.015723
0 0.629078 0.715409 0.009929 0.009434
0 0.627660 0.733491 0.015603 0.011006
0 0.632624 0.499214 0.011348 0.020440
0 0.623404 0.548742 0.012766 0.009434
0 0.713475 0.672170 0.028369 0.029874
0 0.714184 0.637579 0.018440 0.017296
0 0.134043 0.460692 0.018440 0.022013
0 0.708511 0.605346 0.015603 0.015723
0 0.705674 0.569969 0.009929 0.014151
0 0.129078 0.498428 0.014184 0.022013
0 0.630496 0.613994 0.015603 0.014151
0 0.690780 0.595912 0.008511 0.015723
0 0.197872 0.403302 0.029787 0.033019
0 0.706383 0.744497 0.014184 0.014151
0 0.134043 0.542453 0.032624 0.028302
0 0.136170 0.571541 0.011348 0.011006
0 0.127660 0.400157 0.017021 0.036164
0 0.677305 0.636792 0.009929 0.012579
0 0.657447 0.582547 0.015603 0.023585
0 0.648936 0.537736 0.009929 0.009434
0 0.656738 0.665881 0.028369 0.029874
0 0.099291 0.546384 0.019858 0.014151
0 0.164539 0.554245 0.017021 0.020440
0 0.170922 0.533019 0.009929 0.009434
0 0.101418 0.519654 0.018440 0.014151
0 0.165248 0.503145 0.029787 0.037736
0 0.199291 0.558176 0.024113 0.037736
0 0.710638 0.525157 0.014184 0.015723
