0 0.123047 0.775391 0.019531 0.042969
0 0.153320 0.745117 0.013672 0.041016
0 0.204102 0.771484 0.013672 0.050781
0 0.080078 0.766602 0.019531 0.033203
0 0.904297 0.291992 0.019531 0.013672
0 0.447266 0.317383 0.015625 0.013672
0 0.262695 0.318359 0.025391 0.011719
0 0.397461 0.291992 0.017578 0.013672
0 0.419922 0.287109 0.007812 0.015625
0 0.930664 0.205078 0.017578 0.015625
0 0.961914 0.186523 0.017578 0.017578
0 0.584961 0.350586 0.013672 0.017578
0 0.648438 0.336914 0.015625 0.009766
0 0.271484 0.349609 0.019531 0.019531
0 0.235352 0.347656 0.013672 0.019531
0 0.458008 0.375977 0.017578 0.021484
0 0.495117 0.369141 0.021484 0.019531
0 0.890625 0.433594 0.027344 0.031250
0 0.845703 0.189453 0.027344 0.035156
0 0.836914 0.230469 0.025391 0.023438
0 0.810547 0.439453 0.015625 0.011719
0 0.365234 0.375977 0.011719 0.009766
0 0.789062 0.288086 0.023438 0.029297
0 0.900391 0.368164 0.023438 0.021484
0 0.300781 0.286133 0.015625 0.013672
0 0.840820 0.416992 0.017578 0.021484
0 0.411133 0.315430 0.009766 0.017578
0 0.893555 0.211914 0.021484 0.033203
0 0.951172 0.348633 0.015625 0.021484
0 0.944336 0.384766 0.021484 0.015625
0 0.958008 0.265625 0.017578 0.027344
0 0.947266 0.305664 0.042969 0.033203
0 0.496094 0.291016 0.035156 0.019531
0 0.383789 0.345703 0.013672 0.015625
