0 0.693359 0.845703 0.023438 0.023438
0 0.472656 0.890625 0.023438 0.027344
0 0.704102 0.881836 0.021484 0.017578
0 0.708008 0.791016 0.013672 0.015625
0 0.681641 0.784180 0.007812 0.013672
0 0.582031 0.923828 0.019531 0.035156
0 0.581055 0.876953 0.037109 0.039062
0 0.708984 0.923828 0.031250 0.019531
0 0.784180 0.393555 0.037109 0.033203
0 0.788086 0.343750 0.033203 0.023438
0 0.469727 0.826172 0.041016 0.039062
0 0.633789 0.485352 0.041016 0.041016
0 0.625000 0.435547 0.015625 0.023438
0 0.581055 0.831055 0.029297 0.025391
0 0.650391 0.786133 0.011719 0.013672
0 0.420898 0.898438 0.021484 0.023438
0 0.394531 0.893555 0.015625 0.017578
0 0.640625 0.912109 0.027344 0.019531
0 0.502930 0.784180 0.021484 0.025391
0 0.531250 0.787109 0.015625 0.011719
0 0.517578 0.877930 0.031250 0.025391
0 0.568359 0.579102 0.015625 0.017578
0 0.528320 0.639648 0.041016 0.025391
0 0.551758 0.700195 0.021484 0.017578
0 0.403320 0.819336 0.021484 0.025391
0 0.635742 0.362305 0.021484 0.017578
0 0.623047 0.333008 0.023438 0.017578
0 0.477539 0.732422 0.017578 0.011719
0 0.335938 0.809570 0.031250 0.037109
0 0.340820 0.947266 0.009766 0.031250
