0 0.062012 0.376833 0.022461 0.038123
0 0.533203 0.514663 0.003906 0.011730
0 0.619629 0.523460 0.014648 0.023460
0 0.381836 0.374633 0.021484 0.021994
0 0.346191 0.381232 0.012695 0.014663
0 0.373535 0.557185 0.010742 0.017595
0 0.356445 0.558651 0.011719 0.017595
0 0.218262 0.419355 0.020508 0.043988
0 0.237305 0.465543 0.021484 0.027859
0 0.708984 0.403226 0.011719 0.011730
0 0.680176 0.389296 0.024414 0.039589
0 0.140625 0.381965 0.017578 0.027859
0 0.107422 0.370235 0.009766 0.013196
0 0.573730 0.601906 0.012695 0.016129
0 0.543945 0.442815 0.025391 0.032258
0 0.574219 0.456745 0.009766 0.007331
0 0.193359 0.377566 0.013672 0.024927
0 0.232422 0.368035 0.017578 0.026393
0 0.143066 0.417889 0.014648 0.023460
0 0.317383 0.376100 0.015625 0.021994
0 0.026855 0.453812 0.016602 0.021994
0 0.045410 0.475806 0.006836 0.013196
0 0.693359 0.599707 0.017578 0.029326
0 0.652832 0.591642 0.010742 0.013196
0 0.646973 0.517595 0.014648 0.017595
0 0.686523 0.520528 0.009766 0.023460
0 0.439453 0.453079 0.023438 0.026393
0 0.480957 0.468475 0.014648 0.019062
0 0.143555 0.510997 0.015625 0.019062
0 0.475098 0.597507 0.024414 0.024927
