0 0.625000 0.860352 0.011719 0.013672
0 0.650391 0.858398 0.011719 0.017578
0 0.188477 0.760742 0.017578 0.017578
0 0.136719 0.770508 0.035156 0.033203
0 0.745117 0.823242 0.021484 0.013672
0 0.777344 0.860352 0.007812 0.017578
0 0.718750 0.855469 0.015625 0.011719
0 0.504883 0.560547 0.029297 0.023438
0 0.775391 0.803711 0.007812 0.013672
0 0.404297 0.591797 0.007812 0.015625
0 0.578125 0.661133 0.031250 0.021484
0 0.472656 0.806641 0.023438 0.011719
0 0.452148 0.627930 0.013672 0.009766
0 0.436523 0.799805 0.013672 0.013672
0 0.518555 0.809570 0.021484 0.017578
0 0.517578 0.725586 0.023438 0.021484
0 0.487305 0.722656 0.017578 0.015625
0 0.558594 0.563477 0.023438 0.021484
0 0.429688 0.651367 0.011719 0.021484
0 0.666992 0.655273 0.017578 0.017578
0 0.634766 0.659180 0.015625 0.017578
0 0.165039 0.723633 0.017578 0.017578
0 0.565430 0.859375 0.017578 0.015625
0 0.671875 0.626953 0.019531 0.019531
0 0.642578 0.632812 0.015625 0.007812
0 0.498047 0.625977 0.035156 0.029297
0 0.121094 0.692383 0.019531 0.021484
0 0.177734 0.697266 0.031250 0.019531
0 0.284180 0.763672 0.017578 0.023438
0 0.867188 0.861328 0.019531 0.015625
