0 0.594156 0.165692 0.019481 0.031189
0 0.574026 0.180312 0.007792 0.013645
0 0.298701 0.648148 0.023377 0.040936
0 0.619481 0.153996 0.018182 0.023392
0 0.627922 0.207602 0.027273 0.025341
0 0.631169 0.287524 0.015584 0.029240
0 0.757792 0.392788 0.014286 0.021442
0 0.829870 0.681287 0.023377 0.025341
0 0.874026 0.685185 0.020779 0.040936
0 0.620130 0.670565 0.014286 0.015595
0 0.296753 0.846004 0.022078 0.035088
0 0.230519 0.863548 0.011688 0.019493
0 0.463636 0.661793 0.025974 0.037037
0 0.542208 0.656920 0.011688 0.023392
0 0.631818 0.414230 0.011688 0.029240
0 0.499351 0.303119 0.011688 0.040936
0 0.544156 0.410331 0.028571 0.037037
0 0.916234 0.511696 0.009091 0.009747
0 0.885065 0.506823 0.014286 0.031189
0 0.542208 0.298246 0.016883 0.031189
0 0.515584 0.506823 0.023377 0.031189
0 0.381169 0.854776 0.016883 0.029240
0 0.343506 0.855750 0.011688 0.038986
0 0.508442 0.399610 0.014286 0.015595
0 0.502597 0.435673 0.025974 0.037037
0 0.600000 0.430799 0.015584 0.023392
0 0.551299 0.537037 0.022078 0.029240
0 0.541558 0.494152 0.018182 0.033138
0 0.197403 0.664717 0.031169 0.042885
0 0.168831 0.677388 0.007792 0.013645
