0 0.806641 0.682617 0.011719 0.013672
0 0.568359 0.461914 0.027344 0.017578
0 0.557617 0.420898 0.041016 0.041016
0 0.494141 0.169922 0.011719 0.027344
0 0.461914 0.208984 0.029297 0.035156
0 0.473633 0.605469 0.033203 0.031250
0 0.407227 0.136719 0.017578 0.015625
0 0.785156 0.602539 0.011719 0.021484
0 0.841797 0.561523 0.023438 0.025391
0 0.116211 0.291992 0.025391 0.009766
0 0.230469 0.589844 0.035156 0.031250
0 0.246094 0.642578 0.042969 0.042969
0 0.689453 0.573242 0.039062 0.044922
0 0.740234 0.594727 0.015625 0.013672
0 0.227539 0.204102 0.013672 0.009766
0 0.057617 0.509766 0.013672 0.019531
0 0.309570 0.249023 0.037109 0.033203
0 0.351562 0.252930 0.019531 0.021484
0 0.334961 0.179688 0.025391 0.035156
0 0.160156 0.416016 0.023438 0.039062
0 0.184570 0.344727 0.021484 0.029297
0 0.171875 0.553711 0.011719 0.013672
0 0.505859 0.450195 0.027344 0.021484
0 0.109375 0.458984 0.027344 0.027344
0 0.112305 0.509766 0.041016 0.035156
0 0.173828 0.640625 0.019531 0.039062
0 0.571289 0.595703 0.037109 0.019531
0 0.560547 0.322266 0.023438 0.031250
0 0.789062 0.469727 0.023438 0.033203
0 0.857422 0.437500 0.019531 0.011719
