0 0.470313 0.803333 0.009375 0.016667
0 0.756771 0.392500 0.009375 0.021667
0 0.193750 0.614167 0.016667 0.028333
0 0.210417 0.582500 0.025000 0.018333
0 0.469271 0.458333 0.017708 0.026667
0 0.628125 0.148333 0.014583 0.033333
0 0.243750 0.958333 0.014583 0.013333
0 0.238021 0.937500 0.011458 0.015000
0 0.667188 0.107500 0.019792 0.035000
0 0.670833 0.159167 0.020833 0.035000
0 0.704688 0.615833 0.017708 0.018333
0 0.666146 0.612500 0.023958 0.041667
0 0.989062 0.305000 0.013542 0.010000
0 0.956250 0.302500 0.020833 0.015000
0 0.968750 0.395833 0.008333 0.015000
0 0.415625 0.644167 0.018750 0.028333
0 0.411458 0.607500 0.020833 0.015000
0 0.243750 0.650000 0.025000 0.033333
0 0.335417 0.961667 0.020833 0.030000
0 0.340104 0.912500 0.019792 0.021667
0 0.470313 0.667500 0.011458 0.011667
0 0.686979 0.368333 0.013542 0.016667
0 0.381250 0.765833 0.016667 0.035000
0 0.306771 0.688333 0.007292 0.010000
0 0.284375 0.727500 0.008333 0.015000
0 0.408333 0.465000 0.012500 0.016667
0 0.552083 0.040833 0.018750 0.028333
0 0.564583 0.210000 0.025000 0.036667
0 0.505208 0.660000 0.022917 0.013333
0 0.387500 0.644167 0.018750 0.031667
