0 0.428125 0.153906 0.031250 0.039062
0 0.460156 0.153125 0.017188 0.018750
0 0.828906 0.214062 0.029687 0.037500
0 0.520312 0.911719 0.034375 0.032813
0 0.220312 0.528906 0.025000 0.026562
0 0.578125 0.703906 0.031250 0.029687
0 0.579688 0.337500 0.025000 0.025000
0 0.634375 0.308594 0.025000 0.029687
0 0.124219 0.625781 0.020313 0.023438
0 0.130469 0.664062 0.039062 0.015625
0 0.207813 0.603906 0.025000 0.023438
0 0.238281 0.609375 0.017188 0.018750
0 0.766406 0.153906 0.042188 0.045312
0 0.707812 0.159375 0.031250 0.025000
0 0.114844 0.318750 0.014063 0.018750
0 0.153906 0.282813 0.039062 0.043750
0 0.610156 0.493750 0.035937 0.034375
0 0.391406 0.937500 0.010937 0.015625
0 0.405469 0.960156 0.014063 0.014063
0 0.400000 0.690625 0.018750 0.009375
0 0.389844 0.724219 0.023438 0.026562
0 0.321875 0.555469 0.012500 0.007812
0 0.317188 0.517188 0.021875 0.018750
0 0.515625 0.608594 0.034375 0.035937
0 0.542188 0.199219 0.034375 0.026562
0 0.503125 0.192188 0.025000 0.031250
0 0.233594 0.456250 0.010937 0.012500
0 0.747656 0.199219 0.023438 0.020313
0 0.928125 0.406250 0.034375 0.028125
0 0.957812 0.381250 0.012500 0.018750
