0 0.791513 0.388991 0.022140 0.018349
0 0.773985 0.432110 0.042435 0.031193
0 0.346863 0.444954 0.018450 0.016514
0 0.152214 0.384404 0.038745 0.045872
0 0.751845 0.490826 0.012915 0.020183
0 0.802583 0.531193 0.007380 0.016514
0 0.154982 0.171560 0.014760 0.016514
0 0.159594 0.194495 0.012915 0.014679
0 0.123616 0.324771 0.029520 0.025688
0 0.615314 0.605505 0.023985 0.025688
0 0.649446 0.576147 0.018450 0.022018
0 0.667897 0.743119 0.033210 0.036697
0 0.625461 0.723853 0.022140 0.027523
0 0.793358 0.654128 0.029520 0.031193
0 0.773063 0.709174 0.029520 0.020183
0 0.706642 0.523853 0.025830 0.020183
0 0.717712 0.418349 0.025830 0.036697
0 0.124539 0.239450 0.027675 0.027523
0 0.666974 0.471560 0.020295 0.011009
0 0.300738 0.481651 0.025830 0.023853
0 0.347786 0.513761 0.009225 0.014679
0 0.166974 0.496330 0.027675 0.038532
0 0.805351 0.566972 0.023985 0.018349
0 0.223247 0.382569 0.011070 0.012844
0 0.500000 0.676147 0.014760 0.020183
0 0.453875 0.677982 0.025830 0.027523
0 0.093173 0.231193 0.016605 0.018349
0 0.050738 0.189908 0.020295 0.023853
0 0.164207 0.316514 0.025830 0.038532
0 0.542435 0.900000 0.022140 0.023853
