0 0.173828 0.539062 0.023438 0.031250
0 0.789062 0.865234 0.015625 0.023438
0 0.286133 0.592773 0.044922 0.041016
0 0.181641 0.639648 0.015625 0.025391
0 0.790039 0.781250 0.013672 0.019531
0 0.808594 0.787109 0.007812 0.015625
0 0.863281 0.883789 0.023438 0.017578
0 0.337891 0.595703 0.031250 0.035156
0 0.796875 0.924805 0.019531 0.033203
0 0.340820 0.537109 0.017578 0.035156
0 0.235352 0.647461 0.021484 0.017578
0 0.243164 0.622070 0.013672 0.017578
0 0.326172 0.672852 0.015625 0.013672
0 0.762695 0.917969 0.021484 0.015625
0 0.869141 0.820312 0.023438 0.023438
0 0.227539 0.584961 0.025391 0.017578
0 0.327148 0.638672 0.013672 0.011719
0 0.177734 0.580078 0.015625 0.011719
0 0.199219 0.603516 0.007812 0.015625
0 0.831055 0.916992 0.029297 0.025391
0 0.830078 0.880859 0.019531 0.019531
0 0.282227 0.647461 0.013672 0.021484
0 0.759766 0.767578 0.019531 0.019531
0 0.830078 0.833984 0.027344 0.027344
0 0.832031 0.805664 0.015625 0.013672
0 0.244141 0.541016 0.015625 0.007812
0 0.246094 0.559570 0.011719 0.013672
0 0.870117 0.784180 0.017578 0.029297
0 0.868164 0.929688 0.021484 0.019531
0 0.791016 0.814453 0.015625 0.015625
