0 0.682031 0.672656 0.035937 0.023438
0 0.866406 0.617969 0.023438 0.023438
0 0.824219 0.707031 0.020313 0.017188
0 0.885938 0.681250 0.009375 0.015625
0 0.675000 0.640625 0.006250 0.012500
0 0.820312 0.615625 0.031250 0.021875
0 0.786719 0.616406 0.014063 0.020313
0 0.645312 0.707812 0.015625 0.012500
0 0.682031 0.701562 0.035937 0.018750
0 0.640625 0.624219 0.018750 0.014063
0 0.818750 0.674219 0.037500 0.023438
0 0.892969 0.709375 0.010937 0.015625
0 0.911719 0.705469 0.014063 0.026562
0 0.724219 0.617188 0.035937 0.015625
0 0.803125 0.642188 0.012500 0.012500
0 0.749219 0.675000 0.026562 0.012500
0 0.766406 0.642188 0.010937 0.012500
0 0.746875 0.636719 0.015625 0.007812
0 0.723437 0.705469 0.028125 0.026562
0 0.890625 0.650000 0.037500 0.021875
0 0.858594 0.648438 0.010937 0.025000
