0 0.387872 0.714854 0.029748 0.045093
0 0.518307 0.836870 0.020595 0.023873
0 0.485126 0.816976 0.009153 0.015915
0 0.449657 0.826260 0.020595 0.023873
0 0.757437 0.232095 0.022883 0.023873
0 0.780320 0.263926 0.022883 0.013263
0 0.721968 0.937666 0.034325 0.029178
0 0.771167 0.936340 0.018307 0.037135
0 0.562929 0.828912 0.018307 0.029178
0 0.696796 0.570292 0.029748 0.026525
0 0.660183 0.564987 0.025172 0.021220
0 0.708238 0.242706 0.016018 0.018568
0 0.656751 0.225464 0.032037 0.037135
0 0.501144 0.476127 0.009153 0.013263
0 0.536613 0.478780 0.016018 0.013263
0 0.421053 0.757294 0.013730 0.013263
0 0.454233 0.777188 0.016018 0.037135
0 0.559497 0.618037 0.029748 0.026525
0 0.557208 0.561008 0.029748 0.018568
0 0.486270 0.892573 0.034325 0.023873
0 0.703661 0.732095 0.011442 0.010610
0 0.756293 0.758621 0.020595 0.026525
0 0.810069 0.649867 0.009153 0.015915
0 0.439359 0.602122 0.036613 0.015915
0 0.431350 0.571618 0.016018 0.018568
0 0.743707 0.831565 0.013730 0.018568
0 0.565217 0.163130 0.027460 0.034483
0 0.609840 0.184350 0.020595 0.023873
0 0.496568 0.509284 0.022883 0.021220
0 0.537757 0.509284 0.018307 0.021220
