0 0.370312 0.132812 0.065625 0.206250
0 0.230469 0.751563 0.017188 0.018750
0 0.164062 0.785937 0.025000 0.028125
0 0.164062 0.746875 0.031250 0.015625
0 0.300781 0.444531 0.026562 0.035937
0 0.284375 0.480469 0.015625 0.017188
0 0.257031 0.239063 0.017188 0.018750
0 0.214844 0.228906 0.020313 0.020313
0 0.217969 0.177344 0.014063 0.014063
0 0.714844 0.333594 0.017188 0.023438
0 0.771094 0.543750 0.010937 0.012500
0 0.803906 0.556250 0.014063 0.015625
0 0.817187 0.532813 0.018750 0.009375
0 0.503906 0.354687 0.014063 0.009375
0 0.533594 0.370312 0.026562 0.028125
0 0.544531 0.403125 0.010937 0.012500
0 0.760938 0.474219 0.018750 0.020313
0 0.747656 0.500781 0.014063 0.014063
0 0.439844 0.219531 0.023438 0.010937
0 0.434375 0.192969 0.018750 0.010937
0 0.204687 0.626563 0.009375 0.015625
0 0.639844 0.065625 0.048438 0.046875
0 0.292969 0.366406 0.014063 0.017188
0 0.279687 0.599219 0.012500 0.017188
0 0.294531 0.564844 0.026562 0.020313
0 0.765625 0.289062 0.018750 0.012500
0 0.739844 0.291406 0.017188 0.026562
0 0.893750 0.429688 0.034375 0.028125
0 0.889062 0.387500 0.015625 0.015625
0 0.307031 0.148438 0.014063 0.021875
0 0.789062 0.376563 0.028125 0.025000
