0 0.534583 0.301481 0.014167 0.031111
0 0.488333 0.323704 0.023333 0.042963
0 0.661667 0.388148 0.015000 0.032593
0 0.658750 0.420000 0.019167 0.019259
0 0.860833 0.465926 0.021667 0.010370
0 0.812083 0.474074 0.005833 0.005926
0 0.597500 0.401481 0.005000 0.014815
0 0.401667 0.494815 0.010000 0.029630
0 0.422500 0.459259 0.015000 0.023704
0 0.702500 0.442963 0.010000 0.014815
0 0.683750 0.445926 0.012500 0.026667
0 0.697083 0.309630 0.025833 0.041481
0 0.662500 0.573333 0.011667 0.017778
0 0.782500 0.419259 0.008333 0.017778
0 0.777083 0.474074 0.004167 0.014815
0 0.449583 0.295556 0.005833 0.013333
0 0.821667 0.420741 0.006667 0.008889
0 0.865000 0.422963 0.006667 0.016296
0 0.579583 0.314815 0.015833 0.016296
0 0.617083 0.307407 0.012500 0.019259
0 0.448333 0.597778 0.015000 0.037037
0 0.948333 0.417778 0.013333 0.017778
0 0.921667 0.420000 0.015000 0.022222
0 0.485000 0.549630 0.016667 0.032593
0 0.569167 0.509630 0.011667 0.023704
0 0.608333 0.491852 0.026667 0.041481
0 0.714167 0.485926 0.006667 0.005926
0 0.960417 0.502222 0.009167 0.014815
0 0.892917 0.492593 0.005833 0.013333
0 0.821667 0.445926 0.011667 0.020741
