0 0.569549 0.618243 0.008772 0.027027
0 0.325188 0.418919 0.011278 0.033784
0 0.367168 0.434122 0.010025 0.023649
0 0.614035 0.628378 0.005013 0.027027
0 0.722431 0.444257 0.008772 0.016892
0 0.892857 0.545608 0.011278 0.030405
0 0.854010 0.547297 0.013784 0.033784
0 0.588972 0.383446 0.005013 0.010135
0 0.564536 0.396959 0.006266 0.030405
0 0.813283 0.633446 0.010025 0.030405
0 0.760025 0.638514 0.008772 0.027027
0 0.878446 0.554054 0.005013 0.020270
0 0.157268 0.047297 0.013784 0.020270
0 0.506892 0.425676 0.006266 0.020270
0 0.066416 0.282095 0.005013 0.010135
0 0.652256 0.464527 0.013784 0.043919
0 0.717419 0.555743 0.013784 0.023649
0 0.855890 0.670608 0.010025 0.037162
0 0.881579 0.667230 0.011278 0.030405
0 0.857769 0.601351 0.008772 0.027027
0 0.127820 0.146959 0.012531 0.037162
0 0.679198 0.532095 0.017544 0.030405
0 0.640977 0.518581 0.011278 0.037162
0 0.459273 0.415541 0.008772 0.027027
0 0.448622 0.175676 0.012531 0.033784
0 0.802632 0.471284 0.008772 0.023649
0 0.811404 0.592905 0.008772 0.023649
0 0.768170 0.603041 0.005013 0.016892
0 0.131579 0.342905 0.007519 0.037162
0 0.787594 0.511824 0.013784 0.030405
