0 0.025781 0.886719 0.051562 0.226562
0 0.613281 0.287500 0.026562 0.037500
0 0.560156 0.322656 0.017188 0.017188
0 0.703906 0.476562 0.029687 0.031250
0 0.753906 0.475781 0.039062 0.032813
0 0.528906 0.575781 0.039062 0.035937
0 0.542188 0.485938 0.015625 0.025000
0 0.521875 0.453906 0.015625 0.014063
0 0.454688 0.307031 0.018750 0.020313
0 0.532813 0.264062 0.021875 0.015625
0 0.504687 0.367969 0.006250 0.014063
0 0.453906 0.382031 0.029687 0.035937
0 0.489844 0.467187 0.014063 0.021875
0 0.489844 0.497656 0.039062 0.023438
0 0.451562 0.721875 0.021875 0.031250
0 0.401562 0.660937 0.021875 0.021875
0 0.409375 0.635938 0.018750 0.015625
0 0.407813 0.717969 0.031250 0.029687
0 0.414844 0.747656 0.017188 0.010937
0 0.846875 0.470313 0.025000 0.028125
0 0.883594 0.482812 0.014063 0.025000
0 0.853125 0.574219 0.037500 0.020313
0 0.871094 0.514844 0.029687 0.010937
0 0.870313 0.388281 0.037500 0.039062
0 0.821875 0.408594 0.025000 0.020313
0 0.448437 0.492188 0.031250 0.018750
0 0.453125 0.628125 0.031250 0.034375
0 0.440625 0.665625 0.018750 0.015625
0 0.410156 0.553125 0.026562 0.025000
0 0.403906 0.587500 0.010937 0.009375
0 0.535156 0.713281 0.026562 0.032813
