0 0.253906 0.400391 0.027344 0.039062
0 0.310547 0.690430 0.031250 0.021484
0 0.305664 0.659180 0.033203 0.025391
0 0.651367 0.424805 0.025391 0.021484
0 0.695312 0.426758 0.019531 0.021484
0 0.220703 0.563477 0.011719 0.013672
0 0.245117 0.552734 0.021484 0.007812
0 0.610352 0.501953 0.009766 0.019531
0 0.570312 0.506836 0.011719 0.009766
0 0.489258 0.406250 0.025391 0.035156
0 0.527344 0.441406 0.023438 0.023438
0 0.132812 0.642578 0.019531 0.031250
0 0.102539 0.688477 0.013672 0.009766
0 0.535156 0.268555 0.015625 0.021484
0 0.117188 0.388672 0.046875 0.046875
0 0.123047 0.434570 0.011719 0.005859
0 0.175781 0.678711 0.011719 0.021484
0 0.200195 0.645508 0.013672 0.017578
0 0.121094 0.493164 0.035156 0.044922
0 0.171875 0.449219 0.023438 0.011719
0 0.592773 0.356445 0.021484 0.033203
0 0.651367 0.260742 0.013672 0.021484
0 0.789062 0.289062 0.011719 0.015625
0 0.719727 0.255859 0.013672 0.015625
0 0.732422 0.403320 0.035156 0.041016
0 0.731445 0.447266 0.017578 0.011719
0 0.300781 0.582031 0.015625 0.031250
0 0.685547 0.333008 0.039062 0.017578
0 0.646484 0.338867 0.023438 0.017578
0 0.303711 0.400391 0.041016 0.027344
