0 0.614062 0.559375 0.031250 0.031250
0 0.695312 0.655469 0.006250 0.014063
0 0.519531 0.375781 0.026562 0.032813
0 0.549219 0.366406 0.010937 0.014063
0 0.426563 0.805469 0.015625 0.017188
0 0.322656 0.731250 0.026562 0.031250
0 0.550000 0.282813 0.021875 0.009375
0 0.487500 0.272656 0.028125 0.026562
0 0.932813 0.339062 0.031250 0.018750
0 0.970313 0.327344 0.021875 0.007812
0 0.650000 0.571094 0.018750 0.029687
0 0.887500 0.376563 0.028125 0.015625
0 0.890625 0.325781 0.021875 0.023438
0 0.637500 0.269531 0.037500 0.032813
0 0.321875 0.815625 0.025000 0.018750
0 0.354687 0.803125 0.012500 0.025000
0 0.685937 0.396875 0.012500 0.021875
0 0.614844 0.402344 0.032813 0.026562
0 0.413281 0.307031 0.020313 0.017188
0 0.553125 0.724219 0.015625 0.007812
0 0.440625 0.773438 0.012500 0.018750
0 0.592969 0.339844 0.020313 0.026562
0 0.636719 0.338281 0.029687 0.026562
0 0.246875 0.842969 0.018750 0.014063
0 0.184375 0.841406 0.018750 0.023438
0 0.963281 0.485938 0.029687 0.025000
0 0.830469 0.675781 0.023438 0.020313
0 0.332031 0.340625 0.029687 0.028125
0 0.295312 0.338281 0.021875 0.029687
0 0.817969 0.427344 0.020313 0.014063
