0 0.476562 0.628125 0.018750 0.012500
0 0.488281 0.576562 0.032813 0.037500
0 0.506250 0.725781 0.009375 0.017188
0 0.640625 0.609375 0.012500 0.012500
0 0.653125 0.635938 0.034375 0.021875
0 0.664844 0.848437 0.042188 0.040625
0 0.666406 0.800000 0.014063 0.031250
0 0.606250 0.456250 0.028125 0.040625
0 0.592187 0.515625 0.015625 0.009375
0 0.468750 0.427344 0.018750 0.014063
0 0.422656 0.421094 0.029687 0.029687
0 0.380469 0.318750 0.032813 0.040625
0 0.317188 0.327344 0.012500 0.014063
0 0.462500 0.253125 0.015625 0.015625
0 0.546875 0.840625 0.040625 0.028125
0 0.361719 0.253125 0.029687 0.025000
0 0.453125 0.314844 0.040625 0.039062
0 0.550000 0.427344 0.025000 0.029687
0 0.583594 0.414062 0.017188 0.012500
0 0.607812 0.586719 0.034375 0.039062
0 0.617188 0.625000 0.012500 0.018750
0 0.606250 0.842969 0.031250 0.023438
0 0.597656 0.777344 0.032813 0.032813
0 0.554688 0.607812 0.012500 0.018750
0 0.540625 0.558594 0.028125 0.020313
0 0.307812 0.366406 0.012500 0.023438
0 0.665625 0.316406 0.025000 0.032813
0 0.469531 0.373437 0.035937 0.031250
0 0.309375 0.443750 0.012500 0.012500
0 0.336719 0.425000 0.020313 0.025000
