0 0.488263 0.424706 0.014085 0.011765
0 0.516432 0.458824 0.023474 0.014118
0 0.639671 0.381176 0.021127 0.023529
0 0.669014 0.377647 0.014085 0.011765
0 0.552817 0.461176 0.030516 0.023529
0 0.592723 0.467059 0.021127 0.011765
0 0.308685 0.344706 0.016432 0.016471
0 0.361502 0.347059 0.023474 0.025882
0 0.312207 0.644706 0.042254 0.047059
0 0.315728 0.694118 0.021127 0.023529
0 0.548122 0.378824 0.021127 0.023529
0 0.417840 0.790588 0.023474 0.023529
0 0.622066 0.343529 0.009390 0.014118
0 0.508216 0.383529 0.011737 0.009412
0 0.295775 0.435294 0.018779 0.009412
0 0.347418 0.715294 0.014085 0.014118
0 0.360329 0.625882 0.025822 0.028235
0 0.568075 0.347059 0.023474 0.021176
0 0.598592 0.350588 0.014085 0.023529
0 0.198357 0.556471 0.016432 0.011765
0 0.589202 0.388235 0.018779 0.018824
0 0.213615 0.628235 0.032864 0.023529
0 0.172535 0.675294 0.016432 0.014118
0 0.501174 0.588235 0.025822 0.023529
0 0.481221 0.351765 0.023474 0.030588
0 0.550469 0.420000 0.025822 0.025882
0 0.524648 0.709412 0.016432 0.021176
0 0.404930 0.635294 0.025822 0.028235
0 0.133803 0.637647 0.028169 0.018824
0 0.133803 0.689412 0.014085 0.014118
