0 0.718750 0.282500 0.022500 0.025000
0 0.410000 0.630000 0.010000 0.015000
0 0.402500 0.672500 0.025000 0.035000
0 0.916250 0.511250 0.032500 0.032500
0 0.875000 0.500000 0.020000 0.015000
0 0.827500 0.562500 0.020000 0.010000
0 0.842500 0.472500 0.015000 0.010000
0 0.846250 0.436250 0.022500 0.027500
0 0.540000 0.558750 0.035000 0.027500
0 0.557500 0.592500 0.015000 0.015000
0 0.633750 0.450000 0.017500 0.040000
0 0.580000 0.450000 0.020000 0.015000
0 0.717500 0.517500 0.025000 0.035000
0 0.687500 0.545000 0.015000 0.015000
0 0.607500 0.546250 0.020000 0.012500
0 0.347500 0.645000 0.025000 0.030000
0 0.297500 0.700000 0.020000 0.035000
0 0.477500 0.455000 0.035000 0.030000
0 0.526250 0.453750 0.012500 0.022500
0 0.323750 0.793750 0.022500 0.022500
0 0.786250 0.606250 0.022500 0.027500
0 0.927500 0.371250 0.020000 0.017500
0 0.720000 0.562500 0.025000 0.020000
0 0.758750 0.547500 0.027500 0.035000
0 0.293750 0.536250 0.017500 0.022500
0 0.295000 0.565000 0.015000 0.010000
0 0.495000 0.557500 0.020000 0.015000
0 0.447500 0.555000 0.030000 0.035000
0 0.447500 0.857500 0.040000 0.025000
0 0.460000 0.932500 0.025000 0.025000
