0 0.680664 0.832031 0.072266 0.203125
0 0.282227 0.756836 0.013672 0.017578
0 0.424805 0.455078 0.029297 0.035156
0 0.588867 0.758789 0.029297 0.025391
0 0.539062 0.742188 0.015625 0.027344
0 0.208984 0.444336 0.015625 0.013672
0 0.201172 0.709961 0.015625 0.013672
0 0.250000 0.697266 0.027344 0.035156
0 0.430664 0.394531 0.033203 0.027344
0 0.425781 0.690430 0.023438 0.025391
0 0.462891 0.702148 0.019531 0.021484
0 0.396484 0.272461 0.015625 0.037109
0 0.272461 0.394531 0.041016 0.031250
0 0.333984 0.377930 0.015625 0.029297
0 0.168945 0.376953 0.017578 0.019531
0 0.388672 0.312500 0.031250 0.015625
0 0.281250 0.441406 0.019531 0.019531
0 0.332031 0.453125 0.011719 0.015625
0 0.483398 0.468750 0.013672 0.011719
0 0.541992 0.443359 0.021484 0.039062
0 0.489258 0.247070 0.017578 0.013672
0 0.484375 0.293945 0.011719 0.009766
0 0.535156 0.624023 0.027344 0.041016
0 0.201172 0.268555 0.050781 0.044922
0 0.531250 0.371094 0.015625 0.011719
0 0.491211 0.410156 0.029297 0.011719
0 0.444336 0.606445 0.009766 0.013672
0 0.281250 0.631836 0.011719 0.009766
0 0.306641 0.268555 0.027344 0.037109
0 0.421875 0.791016 0.027344 0.027344
0 0.493164 0.798828 0.013672 0.035156
