0 0.478125 0.288281 0.009375 0.014063
0 0.464844 0.379688 0.026562 0.037500
0 0.410938 0.392969 0.021875 0.014063
0 0.409375 0.413281 0.018750 0.014063
0 0.463281 0.197656 0.010937 0.023438
0 0.446875 0.215625 0.009375 0.018750
0 0.322656 0.210156 0.032813 0.032813
0 0.753906 0.494531 0.014063 0.026562
0 0.353125 0.277344 0.012500 0.023438
0 0.386719 0.260937 0.042188 0.043750
0 0.351562 0.114062 0.012500 0.009375
0 0.330469 0.135937 0.010937 0.009375
0 0.461719 0.317969 0.032813 0.023438
0 0.792969 0.453125 0.023438 0.031250
0 0.787500 0.531250 0.043750 0.028125
0 0.785937 0.494531 0.021875 0.023438
0 0.810156 0.482031 0.014063 0.014063
0 0.310156 0.270313 0.017188 0.040625
0 0.860938 0.411719 0.021875 0.023438
0 0.828906 0.421094 0.017188 0.017188
0 0.374219 0.325000 0.023438 0.015625
0 0.683594 0.483594 0.023438 0.020313
0 0.685156 0.526563 0.029687 0.037500
0 0.736719 0.451562 0.023438 0.015625
0 0.320312 0.316406 0.018750 0.029687
0 0.412500 0.338281 0.034375 0.035937
0 0.849219 0.489063 0.035937 0.037500
0 0.195312 0.258594 0.028125 0.020313
0 0.205469 0.286719 0.023438 0.023438
0 0.717187 0.516406 0.009375 0.017188
