0 0.320312 0.887695 0.019531 0.021484
0 0.959961 0.888672 0.017578 0.019531
0 0.329102 0.456055 0.029297 0.037109
0 0.431641 0.515625 0.031250 0.027344
0 0.397461 0.506836 0.017578 0.017578
0 0.675781 0.361328 0.007812 0.015625
0 0.675781 0.397461 0.031250 0.037109
0 0.326172 0.701172 0.019531 0.015625
0 0.275391 0.633789 0.035156 0.041016
0 0.850586 0.951172 0.009766 0.019531
0 0.823242 0.967773 0.017578 0.009766
0 0.367188 0.460938 0.019531 0.023438
0 0.623047 0.474609 0.007812 0.015625
0 0.095703 0.651367 0.027344 0.033203
0 0.569336 0.766602 0.037109 0.041016
0 0.523438 0.751953 0.031250 0.039062
0 0.696289 0.490234 0.025391 0.023438
0 0.891602 0.961914 0.017578 0.017578
0 0.571289 0.572266 0.029297 0.019531
0 0.570312 0.655273 0.019531 0.021484
0 0.536133 0.675781 0.017578 0.019531
0 0.033203 0.750000 0.031250 0.039062
0 0.879883 0.921875 0.021484 0.019531
0 0.705078 0.584961 0.019531 0.021484
0 0.397461 0.577148 0.033203 0.021484
0 0.446289 0.684570 0.033203 0.033203
0 0.409180 0.673828 0.013672 0.011719
0 0.478516 0.744141 0.031250 0.023438
0 0.469727 0.778320 0.017578 0.025391
0 0.350586 0.558594 0.009766 0.015625
