0 0.218638 0.963889 0.035842 0.072222
0 0.342294 0.969444 0.032258 0.061111
0 0.347670 0.655556 0.021505 0.066667
0 0.433692 0.747222 0.021505 0.105556
0 0.761649 0.872222 0.039427 0.133333
0 0.136201 0.822222 0.028674 0.100000
0 0.369176 0.955556 0.028674 0.088889
0 0.154122 0.983333 0.021505 0.033333
0 0.697133 0.394444 0.017921 0.033333
0 0.306452 0.758333 0.017921 0.072222
0 0.469534 0.738889 0.028674 0.100000
0 0.637993 0.513889 0.014337 0.050000
0 0.378136 0.572222 0.017921 0.055556
0 0.345878 0.736111 0.025090 0.050000
0 0.345878 0.750000 0.025090 0.077778
0 0.254480 0.283333 0.021505 0.044444
0 0.215054 0.269444 0.021505 0.027778
0 0.318996 0.555556 0.014337 0.022222
0 0.150538 0.613889 0.014337 0.027778
0 0.247312 0.797222 0.035842 0.038889
0 0.188172 0.794444 0.010753 0.022222
0 0.448029 0.883333 0.028674 0.033333
0 0.401434 0.850000 0.014337 0.022222
0 0.107527 0.450000 0.014337 0.022222
0 0.078853 0.472222 0.014337 0.033333
0 0.111111 0.386111 0.014337 0.027778
0 0.068100 0.719444 0.014337 0.027778
0 0.125448 0.280556 0.028674 0.050000
0 0.086022 0.286111 0.014337 0.027778
0 0.408602 0.452778 0.014337 0.027778
0 0.322581 0.377778 0.021505 0.022222
0 0.385305 0.383333 0.017921 0.033333
0 0.197133 0.736111 0.014337 0.016667
0 0.272401 0.586111 0.014337 0.027778
0 0.243728 0.588889 0.014337 0.033333
0 0.301075 0.275000 0.014337 0.027778
0 0.258065 0.469444 0.014337 0.038889
0 0.311828 0.625000 0.014337 0.027778
0 0.186380 0.561111 0.014337 0.022222
0 0.215054 0.552778 0.014337 0.027778
0 0.532258 0.427778 0.025090 0.022222
0 0.232975 0.661111 0.014337 0.022222
0 0.071685 0.341667 0.014337 0.016667
0 0.157706 0.338889 0.014337 0.022222
0 0.397849 0.686111 0.014337 0.027778
