0 0.524414 0.497070 0.013672 0.017578
0 0.489258 0.491211 0.017578 0.017578
0 0.655273 0.750977 0.037109 0.037109
0 0.791016 0.817383 0.015625 0.021484
0 0.092773 0.212891 0.021484 0.023438
0 0.096680 0.254883 0.025391 0.029297
0 0.418945 0.757812 0.025391 0.019531
0 0.337891 0.752930 0.011719 0.013672
0 0.122070 0.153320 0.017578 0.009766
0 0.127930 0.111328 0.025391 0.023438
0 0.743164 0.650391 0.013672 0.011719
0 0.433594 0.462891 0.035156 0.027344
0 0.567383 0.463867 0.029297 0.025391
0 0.849609 0.808594 0.019531 0.027344
0 0.849609 0.770508 0.027344 0.021484
0 0.784180 0.973633 0.013672 0.009766
0 0.777344 0.941406 0.039062 0.027344
0 0.440430 0.565430 0.025391 0.021484
0 0.466797 0.555664 0.011719 0.009766
0 0.069336 0.204102 0.009766 0.013672
0 0.064453 0.227539 0.019531 0.017578
0 0.502930 0.562500 0.025391 0.023438
0 0.853516 0.945312 0.023438 0.027344
0 0.854492 0.977539 0.033203 0.021484
0 0.438477 0.791016 0.017578 0.015625
0 0.375000 0.785156 0.027344 0.031250
0 0.884766 0.684570 0.019531 0.029297
0 0.935547 0.899414 0.011719 0.013672
0 0.929688 0.862305 0.035156 0.041016
0 0.699219 0.833008 0.019531 0.017578
