0 0.944336 0.655273 0.013672 0.013672
0 0.897461 0.654297 0.017578 0.011719
0 0.685547 0.650391 0.023438 0.031250
0 0.830078 0.590820 0.035156 0.025391
0 0.869141 0.587891 0.023438 0.027344
0 0.763672 0.583984 0.007812 0.019531
0 0.934570 0.619141 0.033203 0.031250
0 0.673828 0.584961 0.011719 0.009766
0 0.738281 0.623047 0.039062 0.023438
0 0.654297 0.627930 0.011719 0.013672
0 0.842773 0.650391 0.025391 0.027344
0 0.812500 0.622070 0.011719 0.017578
0 0.756836 0.681641 0.037109 0.031250
0 0.721680 0.678711 0.009766 0.013672
0 0.813477 0.685547 0.013672 0.015625
0 0.845703 0.682617 0.015625 0.017578
0 0.686523 0.685547 0.029297 0.023438
0 0.651367 0.686523 0.017578 0.009766
0 0.949219 0.579102 0.011719 0.009766
0 0.908203 0.582031 0.015625 0.015625
0 0.934570 0.685547 0.021484 0.023438
0 0.766602 0.647461 0.025391 0.009766
0 0.793945 0.647461 0.013672 0.017578
