0 0.235156 0.700000 0.039062 0.031250
0 0.221875 0.634375 0.028125 0.025000
0 0.575000 0.458594 0.043750 0.035937
0 0.164062 0.747656 0.021875 0.017188
0 0.360938 0.353125 0.034375 0.043750
0 0.352344 0.400000 0.020313 0.009375
0 0.496094 0.556250 0.014063 0.021875
0 0.514062 0.575000 0.009375 0.015625
0 0.347656 0.607812 0.020313 0.028125
0 0.146875 0.548438 0.012500 0.025000
0 0.360938 0.573438 0.037500 0.018750
0 0.296875 0.593750 0.015625 0.015625
0 0.310937 0.676562 0.015625 0.028125
0 0.260937 0.354687 0.031250 0.021875
0 0.246875 0.384375 0.025000 0.021875
0 0.294531 0.804688 0.007812 0.012500
0 0.282031 0.941406 0.026562 0.032813
0 0.350000 0.655469 0.028125 0.035937
0 0.585938 0.367969 0.012500 0.017188
0 0.564844 0.330469 0.020313 0.017188
0 0.607031 0.558594 0.026562 0.014063
0 0.559375 0.585938 0.018750 0.009375
0 0.485938 0.640625 0.025000 0.031250
0 0.164062 0.889844 0.021875 0.014063
0 0.459375 0.486719 0.021875 0.039062
0 0.501563 0.426563 0.018750 0.018750
0 0.210156 0.800000 0.026562 0.031250
0 0.200781 0.757031 0.014063 0.026562
0 0.626563 0.631250 0.034375 0.028125
0 0.397656 0.435937 0.010937 0.015625
