0 0.662109 0.507812 0.042969 0.046875
0 0.543945 0.192383 0.021484 0.021484
0 0.607422 0.155273 0.011719 0.021484
0 0.545898 0.285156 0.017578 0.019531
0 0.597656 0.283203 0.035156 0.027344
0 0.470703 0.405273 0.019531 0.041016
0 0.427734 0.406250 0.039062 0.039062
0 0.511719 0.443359 0.015625 0.011719
0 0.485352 0.499023 0.025391 0.025391
0 0.524414 0.695312 0.037109 0.039062
0 0.482422 0.662109 0.023438 0.019531
0 0.465820 0.283203 0.037109 0.039062
0 0.422852 0.288086 0.033203 0.025391
0 0.276367 0.289062 0.017578 0.015625
0 0.555664 0.435547 0.033203 0.035156
0 0.541016 0.393555 0.019531 0.013672
0 0.751953 0.446289 0.027344 0.029297
0 0.745117 0.488281 0.017578 0.007812
0 0.250000 0.320312 0.015625 0.015625
0 0.515625 0.360352 0.035156 0.029297
0 0.790039 0.526367 0.017578 0.017578
0 0.561523 0.344727 0.025391 0.017578
0 0.602539 0.335938 0.025391 0.027344
0 0.846680 0.575195 0.017578 0.013672
0 0.888672 0.580078 0.042969 0.046875
0 0.340820 0.321289 0.037109 0.037109
0 0.513672 0.407227 0.019531 0.017578
0 0.549805 0.612305 0.037109 0.029297
0 0.302734 0.401367 0.019531 0.017578
0 0.274414 0.415039 0.017578 0.017578
