0 0.536133 0.802734 0.033203 0.042969
0 0.375000 0.285156 0.042969 0.031250
0 0.708984 0.807617 0.031250 0.029297
0 0.333984 0.215820 0.039062 0.033203
0 0.467773 0.215820 0.021484 0.033203
0 0.638672 0.937500 0.019531 0.023438
0 0.420898 0.185547 0.021484 0.027344
0 0.574219 0.761719 0.007812 0.015625
0 0.601562 0.758789 0.023438 0.021484
0 0.598633 0.871094 0.021484 0.023438
0 0.461914 0.290039 0.033203 0.033203
0 0.607422 0.803711 0.019531 0.037109
0 0.470703 0.248047 0.019531 0.015625
0 0.319336 0.182617 0.009766 0.017578
0 0.345703 0.179688 0.015625 0.023438
0 0.546875 0.956055 0.015625 0.013672
0 0.519531 0.955078 0.019531 0.023438
0 0.550781 0.752930 0.011719 0.017578
0 0.416992 0.291016 0.025391 0.023438
0 0.526367 0.892578 0.029297 0.039062
0 0.468750 0.177734 0.027344 0.015625
0 0.414062 0.216797 0.019531 0.019531
0 0.376953 0.217773 0.019531 0.021484
0 0.706055 0.728516 0.029297 0.027344
0 0.648438 0.904297 0.015625 0.011719
0 0.660156 0.870117 0.011719 0.009766
0 0.323242 0.283203 0.017578 0.015625
0 0.633789 0.829102 0.017578 0.013672
0 0.647461 0.800781 0.013672 0.019531
0 0.345703 0.256836 0.011719 0.009766
