0 0.484397 0.665881 0.015603 0.033019
0 0.492199 0.629717 0.028369 0.023585
0 0.360993 0.873428 0.041135 0.042453
0 0.329078 0.851415 0.011348 0.011006
0 0.620567 0.432390 0.015603 0.009434
0 0.340426 0.735849 0.034043 0.040881
0 0.538298 0.471698 0.015603 0.018868
0 0.490780 0.466981 0.011348 0.009434
0 0.312766 0.654088 0.009929 0.018868
0 0.287234 0.645440 0.026950 0.033019
0 0.931915 0.814465 0.031206 0.034591
0 0.863830 0.793239 0.014184 0.017296
0 0.300709 0.684748 0.031206 0.029874
0 0.309220 0.509434 0.019858 0.015723
0 0.514894 0.500000 0.011348 0.006289
0 0.404965 0.802673 0.018440 0.014151
0 0.431206 0.808176 0.014184 0.012579
0 0.371631 0.740566 0.014184 0.015723
0 0.277305 0.875786 0.007092 0.015723
0 0.302837 0.756289 0.029787 0.034591
0 0.346099 0.683176 0.019858 0.026730
0 0.370922 0.663522 0.015603 0.018868
0 0.633333 0.821541 0.018440 0.020440
0 0.692199 0.771226 0.008511 0.023585
0 0.913475 0.632862 0.036879 0.039308
0 0.860993 0.604560 0.034043 0.039308
0 0.521986 0.580975 0.028369 0.039308
0 0.368085 0.809748 0.018440 0.040881
0 0.485816 0.703616 0.035461 0.020440
0 0.204255 0.727201 0.034043 0.036164
