0 0.068359 0.256836 0.042969 0.037109
0 0.627930 0.294922 0.025391 0.015625
0 0.947266 0.703125 0.027344 0.023438
0 0.833008 0.247070 0.021484 0.029297
0 0.751953 0.416016 0.019531 0.019531
0 0.794922 0.435547 0.031250 0.031250
0 0.057617 0.135742 0.029297 0.025391
0 0.744141 0.142578 0.039062 0.039062
0 0.745117 0.097656 0.013672 0.011719
0 0.963867 0.388672 0.017578 0.015625
0 0.955078 0.424805 0.023438 0.041016
0 0.191406 0.059570 0.011719 0.013672
0 0.103516 0.202148 0.023438 0.029297
0 0.049805 0.176758 0.033203 0.029297
0 0.277344 0.178711 0.035156 0.025391
0 0.182617 0.181641 0.029297 0.031250
0 0.854492 0.710938 0.017578 0.042969
0 0.690430 0.242188 0.017578 0.039062
0 0.725586 0.268555 0.017578 0.029297
0 0.878906 0.771484 0.015625 0.011719
0 0.442383 0.245117 0.021484 0.041016
0 0.395508 0.245117 0.033203 0.041016
0 0.949219 0.608398 0.011719 0.009766
0 0.914062 0.598633 0.031250 0.033203
0 0.851562 0.769531 0.023438 0.011719
0 0.860352 0.791016 0.013672 0.011719
0 0.916016 0.769531 0.015625 0.007812
0 0.914062 0.789062 0.015625 0.011719
0 0.911133 0.724609 0.025391 0.019531
0 0.686523 0.146484 0.029297 0.015625
