0 0.639648 0.447266 0.025391 0.031250
0 0.586914 0.438477 0.025391 0.009766
0 0.541992 0.635742 0.025391 0.029297
0 0.695312 0.949219 0.035156 0.015625
0 0.978516 0.423828 0.027344 0.023438
0 0.878906 0.463867 0.023438 0.021484
0 0.885742 0.436523 0.009766 0.017578
0 0.867188 0.505859 0.019531 0.015625
0 0.866211 0.584961 0.025391 0.029297
0 0.904297 0.453125 0.007812 0.015625
0 0.896484 0.507812 0.011719 0.011719
0 0.641602 0.666992 0.017578 0.013672
0 0.654297 0.617188 0.023438 0.027344
0 0.726562 0.333008 0.054688 0.052734
0 0.920898 0.142578 0.013672 0.023438
0 0.940430 0.080078 0.037109 0.031250
0 0.609375 0.862305 0.039062 0.041016
0 0.823242 0.481445 0.025391 0.029297
0 0.780273 0.512695 0.009766 0.013672
0 0.684570 0.440430 0.025391 0.017578
0 0.714844 0.415039 0.011719 0.017578
0 0.751953 0.162109 0.011719 0.011719
0 0.717773 0.106445 0.017578 0.025391
0 0.578125 0.573242 0.042969 0.041016
0 0.759766 0.450195 0.031250 0.017578
0 0.788086 0.447266 0.009766 0.019531
0 0.899414 0.363281 0.013672 0.019531
0 0.889648 0.398438 0.021484 0.027344
0 0.918945 0.505859 0.013672 0.019531
0 0.774414 0.419922 0.013672 0.015625
