0 0.243229 0.651389 0.015625 0.019444
0 0.352083 0.699306 0.016667 0.026389
0 0.353646 0.648611 0.011458 0.025000
0 0.247396 0.700000 0.007292 0.016667
0 0.332292 0.648611 0.022917 0.025000
0 0.282813 0.672917 0.019792 0.023611
0 0.313021 0.699306 0.011458 0.020833
0 0.222396 0.672222 0.007292 0.016667
0 0.241667 0.673611 0.008333 0.011111
0 0.269792 0.620833 0.010417 0.013889
0 0.286458 0.627778 0.014583 0.016667
0 0.308854 0.624306 0.013542 0.015278
0 0.335417 0.620833 0.010417 0.016667
0 0.283333 0.701389 0.016667 0.022222
0 0.358333 0.622222 0.008333 0.016667
0 0.377604 0.622917 0.017708 0.023611
0 0.267708 0.644444 0.010417 0.011111
0 0.375521 0.675000 0.011458 0.013889
0 0.231771 0.625000 0.011458 0.016667
0 0.251563 0.625694 0.015625 0.015278
0 0.318750 0.674306 0.012500 0.015278
0 0.334375 0.675694 0.008333 0.012500
