0 0.179688 0.812500 0.027344 0.023438
0 0.213867 0.810547 0.013672 0.011719
0 0.233398 0.842773 0.021484 0.025391
0 0.294922 0.835938 0.007812 0.015625
0 0.271484 0.842773 0.015625 0.017578
0 0.297852 0.880859 0.033203 0.035156
0 0.335938 0.884766 0.019531 0.023438
0 0.416016 0.746094 0.023438 0.015625
0 0.421875 0.722656 0.015625 0.015625
0 0.202148 0.908203 0.029297 0.035156
0 0.281250 0.812500 0.019531 0.011719
0 0.238281 0.875977 0.027344 0.025391
0 0.500000 0.817383 0.023438 0.029297
0 0.539062 0.801758 0.011719 0.009766
0 0.474609 0.801758 0.011719 0.005859
0 0.540039 0.826172 0.017578 0.015625
0 0.559570 0.879883 0.029297 0.021484
0 0.592773 0.878906 0.021484 0.015625
0 0.235352 0.912109 0.017578 0.011719
0 0.121094 0.874023 0.023438 0.021484
0 0.073242 0.887695 0.017578 0.009766
0 0.460938 0.859375 0.019531 0.019531
0 0.503906 0.859375 0.039062 0.027344
0 0.402344 0.782227 0.011719 0.009766
0 0.423828 0.878906 0.011719 0.027344
0 0.784180 0.817383 0.013672 0.009766
0 0.749023 0.819336 0.021484 0.017578
0 0.610352 0.856445 0.013672 0.009766
0 0.432617 0.788086 0.009766 0.013672
0 0.421875 0.818359 0.019531 0.015625
