0 0.252344 0.532813 0.014063 0.015625
0 0.376563 0.513281 0.018750 0.029687
0 0.303906 0.525000 0.023438 0.018750
0 0.484375 0.628125 0.015625 0.015625
0 0.671875 0.330469 0.031250 0.032813
0 0.598437 0.278906 0.034375 0.032813
0 0.251563 0.587500 0.028125 0.040625
0 0.256250 0.462500 0.040625 0.034375
0 0.205469 0.449219 0.010937 0.014063
0 0.144531 0.470313 0.026562 0.037500
0 0.172656 0.471875 0.014063 0.021875
0 0.417969 0.594531 0.023438 0.023438
0 0.671875 0.368750 0.031250 0.031250
0 0.163281 0.642969 0.035937 0.039062
0 0.319531 0.570312 0.017188 0.012500
0 0.345313 0.556250 0.009375 0.009375
0 0.710938 0.322656 0.018750 0.020313
0 0.625781 0.371094 0.014063 0.017188
0 0.596875 0.326562 0.031250 0.040625
0 0.169531 0.533594 0.020313 0.023438
0 0.128125 0.500781 0.015625 0.010937
0 0.694531 0.409375 0.010937 0.025000
0 0.673438 0.282031 0.028125 0.020313
0 0.639844 0.411719 0.023438 0.035937
0 0.706250 0.296875 0.012500 0.012500
0 0.709375 0.272656 0.015625 0.020313
0 0.377344 0.473438 0.014063 0.015625
0 0.310156 0.465625 0.029687 0.028125
0 0.675781 0.400781 0.010937 0.017188
0 0.670312 0.428125 0.018750 0.012500
