0 0.298828 0.227539 0.007812 0.013672
0 0.210938 0.606445 0.011719 0.017578
0 0.199219 0.653320 0.011719 0.017578
0 0.094727 0.259766 0.013672 0.011719
0 0.089844 0.292969 0.015625 0.011719
0 0.170898 0.510742 0.037109 0.033203
0 0.173828 0.560547 0.023438 0.011719
0 0.370117 0.088867 0.025391 0.017578
0 0.429688 0.070312 0.015625 0.007812
0 0.155273 0.155273 0.025391 0.021484
0 0.158203 0.192383 0.019531 0.033203
0 0.219727 0.548828 0.021484 0.023438
0 0.218750 0.868164 0.035156 0.037109
0 0.515625 0.250977 0.019531 0.017578
0 0.477539 0.271484 0.037109 0.042969
0 0.166992 0.852539 0.013672 0.009766
0 0.177734 0.889648 0.019531 0.017578
0 0.143555 0.666016 0.013672 0.007812
0 0.140625 0.620117 0.015625 0.025391
0 0.083008 0.803711 0.025391 0.029297
0 0.069336 0.747070 0.009766 0.017578
0 0.133789 0.462891 0.033203 0.027344
0 0.156250 0.423828 0.019531 0.015625
0 0.299805 0.156250 0.033203 0.027344
0 0.093750 0.688477 0.019531 0.013672
0 0.117188 0.833984 0.019531 0.015625
0 0.205078 0.368164 0.023438 0.029297
0 0.198242 0.336914 0.013672 0.017578
0 0.083008 0.534180 0.013672 0.013672
0 0.088867 0.572266 0.021484 0.023438
