0 0.539062 0.587891 0.035156 0.089844
0 0.403320 0.407227 0.017578 0.021484
0 0.465820 0.374023 0.037109 0.041016
0 0.145508 0.177734 0.013672 0.015625
0 0.149414 0.247070 0.044922 0.044922
0 0.466797 0.561523 0.015625 0.013672
0 0.444336 0.596680 0.025391 0.017578
0 0.287109 0.318359 0.007812 0.015625
0 0.194336 0.222656 0.013672 0.015625
0 0.458008 0.522461 0.037109 0.029297
0 0.469727 0.482422 0.013672 0.011719
0 0.213867 0.114258 0.017578 0.021484
0 0.314453 0.352539 0.015625 0.009766
0 0.148438 0.426758 0.027344 0.037109
0 0.253906 0.382812 0.015625 0.023438
0 0.260742 0.424805 0.025391 0.013672
0 0.302734 0.197266 0.027344 0.019531
0 0.281250 0.258789 0.015625 0.013672
0 0.150391 0.308594 0.035156 0.035156
0 0.141602 0.147461 0.025391 0.021484
0 0.153320 0.111328 0.013672 0.019531
0 0.249023 0.210938 0.033203 0.023438
0 0.233398 0.255859 0.017578 0.015625
0 0.308594 0.417969 0.027344 0.031250
0 0.294922 0.459961 0.019531 0.017578
0 0.350586 0.551758 0.025391 0.013672
0 0.304688 0.500977 0.023438 0.021484
0 0.289062 0.527344 0.011719 0.015625
0 0.347656 0.353516 0.031250 0.035156
0 0.246094 0.291992 0.015625 0.021484
0 0.241211 0.333984 0.029297 0.031250
