0 0.759375 0.818750 0.021875 0.018750
0 0.789062 0.814063 0.018750 0.025000
0 0.716406 0.853125 0.020313 0.012500
0 0.684375 0.810156 0.018750 0.014063
0 0.730469 0.876563 0.014063 0.009375
0 0.758594 0.781250 0.017188 0.018750
0 0.353906 0.103125 0.023438 0.034375
0 0.164062 0.118750 0.012500 0.018750
0 0.193750 0.114844 0.012500 0.010937
0 0.727344 0.780469 0.020313 0.023438
0 0.400781 0.189062 0.014063 0.028125
0 0.453125 0.178906 0.037500 0.035937
0 0.754687 0.875000 0.018750 0.012500
0 0.686719 0.785937 0.017188 0.018750
0 0.757031 0.845313 0.017188 0.015625
0 0.336719 0.253906 0.029687 0.032813
0 0.371094 0.239063 0.017188 0.028125
0 0.241406 0.105469 0.010937 0.014063
0 0.167187 0.242969 0.018750 0.020313
0 0.197656 0.260937 0.014063 0.015625
0 0.794531 0.850000 0.020313 0.015625
0 0.167187 0.314844 0.021875 0.023438
0 0.726562 0.807031 0.025000 0.010937
0 0.353906 0.325000 0.014063 0.009375
0 0.323437 0.300781 0.015625 0.010937
0 0.358594 0.175781 0.032813 0.020313
0 0.688281 0.882812 0.023438 0.012500
0 0.781250 0.876563 0.018750 0.009375
0 0.792188 0.785156 0.018750 0.014063
0 0.419531 0.124219 0.026562 0.035937
