0 0.538086 0.127930 0.037109 0.025391
0 0.378906 0.869141 0.023438 0.011719
0 0.696289 0.496094 0.041016 0.039062
0 0.724609 0.441406 0.019531 0.039062
0 0.609375 0.806641 0.031250 0.039062
0 0.550781 0.798828 0.031250 0.019531
0 0.600586 0.916016 0.021484 0.042969
0 0.560547 0.912109 0.023438 0.031250
0 0.638672 0.340820 0.015625 0.029297
0 0.651367 0.395508 0.041016 0.033203
0 0.469727 0.916016 0.029297 0.015625
0 0.654297 0.256836 0.019531 0.021484
0 0.664062 0.281250 0.015625 0.011719
0 0.479492 0.125977 0.033203 0.021484
0 0.180664 0.567383 0.037109 0.033203
0 0.844727 0.591797 0.041016 0.035156
0 0.824219 0.535156 0.027344 0.023438
0 0.203125 0.114258 0.015625 0.017578
0 0.625977 0.170898 0.013672 0.017578
0 0.836914 0.449219 0.037109 0.035156
0 0.823242 0.506836 0.013672 0.013672
0 0.764648 0.600586 0.037109 0.013672
0 0.304688 0.666016 0.023438 0.019531
0 0.552734 0.870117 0.035156 0.013672
0 0.496094 0.208984 0.023438 0.023438
0 0.413086 0.197266 0.021484 0.011719
0 0.413086 0.916992 0.029297 0.025391
0 0.377930 0.920898 0.017578 0.013672
0 0.247070 0.208984 0.021484 0.023438
0 0.769531 0.268555 0.035156 0.033203
