0 0.224706 0.771868 0.035294 0.035461
0 0.336471 0.699764 0.018824 0.023641
0 0.331765 0.750591 0.037647 0.035461
0 0.177647 0.306147 0.025882 0.021277
0 0.232941 0.302600 0.018824 0.018913
0 0.242353 0.271868 0.014118 0.009456
0 0.322353 0.513002 0.023529 0.023641
0 0.362353 0.358156 0.032941 0.026005
0 0.270588 0.650118 0.032941 0.028369
0 0.232941 0.600473 0.028235 0.028369
0 0.181176 0.222222 0.014118 0.018913
0 0.185882 0.251773 0.014118 0.016548
0 0.232941 0.391253 0.032941 0.035461
0 0.434118 0.427896 0.040000 0.033097
0 0.181176 0.176123 0.023529 0.016548
0 0.424706 0.600473 0.044706 0.033097
0 0.455294 0.664303 0.011765 0.028369
0 0.208235 0.096927 0.021176 0.018913
0 0.212941 0.127660 0.011765 0.009456
0 0.165882 0.778960 0.025882 0.035461
0 0.152941 0.711584 0.014118 0.014184
0 0.345882 0.666667 0.023529 0.023641
0 0.230588 0.223404 0.014118 0.021277
0 0.274118 0.105201 0.016471 0.021277
0 0.267059 0.304965 0.030588 0.033097
0 0.263529 0.268322 0.009412 0.011820
0 0.264706 0.166667 0.025882 0.026005
0 0.210588 0.170213 0.011765 0.014184
0 0.137647 0.481087 0.025882 0.021277
0 0.181176 0.473995 0.032941 0.040189
