0 0.805469 0.903125 0.010937 0.009375
0 0.780469 0.896875 0.017188 0.031250
0 0.669531 0.869531 0.026562 0.020313
0 0.777344 0.789844 0.023438 0.020313
0 0.817969 0.791406 0.010937 0.014063
0 0.639062 0.793750 0.018750 0.034375
0 0.698438 0.794531 0.018750 0.017188
0 0.730469 0.796094 0.017188 0.029687
0 0.644531 0.906250 0.017188 0.015625
0 0.621094 0.896094 0.007812 0.014063
0 0.649219 0.829688 0.020313 0.015625
0 0.621875 0.832812 0.015625 0.012500
0 0.714063 0.895312 0.028125 0.028125
0 0.567187 0.886719 0.018750 0.014063
0 0.604688 0.898438 0.012500 0.028125
0 0.596094 0.835156 0.020313 0.020313
0 0.600781 0.787500 0.020313 0.021875
0 0.788281 0.829688 0.035937 0.031250
0 0.739062 0.829688 0.012500 0.012500
0 0.592187 0.862500 0.021875 0.018750
0 0.760938 0.864844 0.015625 0.014063
0 0.800781 0.858594 0.020313 0.010937
0 0.725000 0.861719 0.021875 0.020313
