0 0.173234 0.446000 0.017663 0.024000
0 0.147418 0.431000 0.012228 0.018000
0 0.503397 0.443000 0.023098 0.038000
0 0.500000 0.405000 0.005435 0.014000
0 0.097826 0.398000 0.016304 0.028000
0 0.398777 0.273000 0.025815 0.034000
0 0.349864 0.190000 0.025815 0.036000
0 0.325408 0.226000 0.014946 0.008000
0 0.501359 0.366000 0.021739 0.028000
0 0.513587 0.326000 0.013587 0.020000
0 0.355299 0.433000 0.006793 0.018000
0 0.352582 0.369000 0.017663 0.026000
0 0.298234 0.356000 0.014946 0.024000
0 0.107337 0.324000 0.024457 0.032000
0 0.442255 0.329000 0.020380 0.034000
0 0.177310 0.402000 0.025815 0.036000
0 0.410326 0.189000 0.008152 0.010000
0 0.376359 0.168000 0.013587 0.012000
0 0.330163 0.421000 0.008152 0.010000
0 0.387228 0.418000 0.019022 0.028000
0 0.055027 0.364000 0.009511 0.020000
0 0.089674 0.367000 0.005435 0.014000
0 0.239810 0.393000 0.012228 0.018000
0 0.211277 0.402000 0.012228 0.016000
0 0.152174 0.368000 0.008152 0.016000
0 0.266984 0.313000 0.009511 0.010000
0 0.245245 0.326000 0.012228 0.028000
0 0.327446 0.332000 0.019022 0.032000
0 0.443614 0.265000 0.006793 0.014000
0 0.430707 0.212000 0.010870 0.020000
