0 0.874219 0.146875 0.020313 0.021875
0 0.347656 0.832812 0.026562 0.028125
0 0.308594 0.831250 0.017188 0.025000
0 0.390625 0.374219 0.034375 0.029687
0 0.636719 0.335156 0.029687 0.035937
0 0.833594 0.117188 0.029687 0.028125
0 0.571875 0.767969 0.031250 0.029687
0 0.539844 0.792969 0.007812 0.014063
0 0.866406 0.087500 0.014063 0.009375
0 0.886719 0.093750 0.010937 0.012500
0 0.910156 0.144531 0.014063 0.014063
0 0.530469 0.867969 0.014063 0.007812
0 0.607812 0.864844 0.018750 0.020313
0 0.218750 0.868750 0.021875 0.015625
0 0.797656 0.173437 0.020313 0.028125
0 0.725781 0.271875 0.039062 0.031250
0 0.741406 0.338281 0.032813 0.032813
0 0.880469 0.112500 0.014063 0.012500
0 0.567969 0.177344 0.010937 0.014063
0 0.515625 0.214062 0.009375 0.012500
0 0.446094 0.806250 0.032813 0.015625
0 0.903125 0.092188 0.009375 0.012500
0 0.927344 0.087500 0.014063 0.018750
0 0.534375 0.835156 0.025000 0.023438
0 0.495312 0.829688 0.012500 0.015625
0 0.543750 0.430469 0.037500 0.042188
0 0.838281 0.082812 0.010937 0.009375
0 0.872656 0.179688 0.017188 0.015625
0 0.587500 0.545312 0.015625 0.009375
0 0.832031 0.175000 0.020313 0.021875
