0 0.467773 0.536133 0.037109 0.041016
0 0.119141 0.209961 0.019531 0.017578
0 0.111328 0.235352 0.011719 0.009766
0 0.414062 0.581055 0.039062 0.037109
0 0.396484 0.518555 0.027344 0.033203
0 0.522461 0.837891 0.048828 0.046875
0 0.523438 0.897461 0.019531 0.025391
0 0.182617 0.241211 0.013672 0.009766
0 0.525391 0.625977 0.035156 0.037109
0 0.509766 0.680664 0.011719 0.009766
0 0.055664 0.292969 0.021484 0.039062
0 0.028320 0.315430 0.017578 0.009766
0 0.404297 0.637695 0.042969 0.041016
0 0.387695 0.703125 0.013672 0.011719
0 0.734375 0.717773 0.039062 0.021484
0 0.734375 0.754883 0.019531 0.021484
0 0.824219 0.752930 0.007812 0.017578
0 0.774414 0.646484 0.041016 0.039062
0 0.580078 0.764648 0.011719 0.009766
0 0.776367 0.825195 0.017578 0.021484
0 0.772461 0.791992 0.025391 0.013672
0 0.454102 0.892578 0.029297 0.035156
0 0.463867 0.841797 0.041016 0.035156
0 0.737305 0.932617 0.021484 0.025391
0 0.736328 0.892578 0.027344 0.035156
0 0.235352 0.217773 0.041016 0.029297
0 0.158203 0.295898 0.035156 0.037109
0 0.394531 0.803711 0.011719 0.009766
0 0.410156 0.725586 0.035156 0.017578
0 0.812500 0.891602 0.023438 0.021484
