0 0.207031 0.894531 0.027344 0.027344
0 0.179688 0.918945 0.007812 0.013672
0 0.322266 0.954102 0.027344 0.029297
0 0.168945 0.780273 0.009766 0.013672
0 0.185547 0.950195 0.035156 0.029297
0 0.310547 0.908203 0.023438 0.031250
0 0.360352 0.940430 0.017578 0.029297
0 0.384766 0.948242 0.011719 0.009766
0 0.379883 0.845703 0.021484 0.027344
0 0.351562 0.848633 0.019531 0.021484
0 0.263672 0.811523 0.011719 0.009766
0 0.267578 0.970703 0.015625 0.015625
0 0.269531 0.901367 0.015625 0.013672
0 0.302734 0.846680 0.031250 0.025391
0 0.250977 0.856445 0.041016 0.033203
0 0.383789 0.909180 0.029297 0.013672
0 0.186523 0.848633 0.033203 0.037109
0 0.316406 0.792969 0.039062 0.042969
0 0.380859 0.807617 0.015625 0.021484
0 0.356445 0.782227 0.013672 0.013672
