0 0.306667 0.672619 0.013333 0.023810
0 0.386667 0.678571 0.013333 0.023810
0 0.610000 0.505952 0.013333 0.023810
0 0.583333 0.449405 0.020000 0.029762
0 0.620000 0.449405 0.013333 0.029762
0 0.430000 0.776786 0.020000 0.041667
0 0.546667 0.511905 0.013333 0.023810
0 0.423333 0.723214 0.013333 0.017857
0 0.483333 0.708333 0.013333 0.023810
0 0.443333 0.422619 0.020000 0.023810
0 0.480000 0.422619 0.013333 0.023810
0 0.516667 0.482143 0.013333 0.023810
0 0.690000 0.505952 0.013333 0.023810
0 0.673333 0.764881 0.013333 0.041667
0 0.606667 0.776786 0.013333 0.029762
0 0.323333 0.755952 0.013333 0.023810
0 0.366667 0.767857 0.013333 0.023810
0 0.443333 0.505952 0.013333 0.023810
0 0.476667 0.482143 0.020000 0.023810
0 0.480000 0.818452 0.013333 0.017857
0 0.540000 0.422619 0.013333 0.023810
0 0.513333 0.764881 0.020000 0.041667
0 0.686667 0.830357 0.020000 0.029762
0 0.451667 0.669643 0.023333 0.041667
0 0.416667 0.672619 0.013333 0.023810
0 0.583333 0.702381 0.013333 0.023810
0 0.533333 0.705357 0.013333 0.029762
0 0.565000 0.824405 0.016667 0.041667
0 0.526667 0.821429 0.013333 0.023810
0 0.686667 0.446429 0.013333 0.023810
