0 0.214062 0.957812 0.040625 0.021875
0 0.287500 0.462500 0.025000 0.025000
0 0.354687 0.889062 0.018750 0.015625
0 0.329688 0.886719 0.012500 0.017188
0 0.412500 0.890625 0.015625 0.031250
0 0.381250 0.889062 0.018750 0.034375
0 0.311719 0.600781 0.032813 0.042188
0 0.346094 0.860156 0.032813 0.023438
0 0.312500 0.851562 0.012500 0.009375
0 0.550781 0.887500 0.029687 0.025000
0 0.521875 0.253906 0.025000 0.029687
0 0.347656 0.705469 0.045312 0.045312
0 0.306250 0.689063 0.018750 0.015625
0 0.861719 0.440625 0.014063 0.018750
0 0.799219 0.511719 0.017188 0.017188
0 0.858594 0.353125 0.035937 0.034375
0 0.806250 0.336719 0.031250 0.042188
0 0.385156 0.851562 0.023438 0.028125
0 0.353125 0.918750 0.012500 0.015625
0 0.649219 0.360156 0.007812 0.014063
0 0.432812 0.924219 0.021875 0.020313
0 0.307812 0.884375 0.018750 0.009375
0 0.352344 0.806250 0.029687 0.034375
0 0.418750 0.554688 0.037500 0.028125
0 0.391406 0.523438 0.023438 0.012500
0 0.633594 0.441406 0.023438 0.020313
0 0.653125 0.475781 0.021875 0.023438
0 0.596875 0.240625 0.037500 0.034375
0 0.565625 0.300000 0.031250 0.028125
0 0.476562 0.364844 0.031250 0.039062
