0 0.363281 0.666016 0.023438 0.019531
0 0.829102 0.755859 0.025391 0.015625
0 0.829102 0.715820 0.033203 0.021484
0 0.306641 0.531250 0.027344 0.027344
0 0.837891 0.426758 0.011719 0.009766
0 0.337891 0.543945 0.011719 0.013672
0 0.306641 0.665039 0.019531 0.021484
0 0.302734 0.461914 0.007812 0.013672
0 0.306641 0.487305 0.015625 0.017578
0 0.785156 0.608398 0.011719 0.021484
0 0.804688 0.612305 0.011719 0.009766
0 0.275391 0.658203 0.015625 0.031250
0 0.796875 0.430664 0.023438 0.025391
0 0.795898 0.472656 0.021484 0.023438
0 0.333984 0.472656 0.015625 0.035156
0 0.339844 0.672852 0.007812 0.017578
0 0.863281 0.484375 0.027344 0.027344
0 0.869141 0.680664 0.015625 0.013672
0 0.276367 0.515625 0.013672 0.019531
0 0.273438 0.545898 0.011719 0.013672
0 0.305664 0.595703 0.025391 0.027344
0 0.364258 0.511719 0.021484 0.015625
0 0.368164 0.543945 0.013672 0.025391
0 0.900391 0.767578 0.015625 0.011719
0 0.894531 0.807617 0.019531 0.013672
0 0.276367 0.588867 0.017578 0.021484
0 0.858398 0.524414 0.021484 0.013672
0 0.280273 0.465820 0.021484 0.025391
0 0.362305 0.601562 0.017578 0.023438
0 0.789062 0.682617 0.019531 0.017578
