0 0.763672 0.610352 0.027344 0.033203
0 0.830078 0.626953 0.027344 0.031250
0 0.802734 0.613281 0.011719 0.023438
0 0.931641 0.469727 0.023438 0.021484
0 0.954102 0.503906 0.009766 0.019531
0 0.773438 0.555664 0.031250 0.037109
0 0.886719 0.527344 0.015625 0.015625
0 0.890625 0.607422 0.011719 0.015625
0 0.899414 0.628906 0.013672 0.011719
0 0.947266 0.619141 0.015625 0.011719
0 0.748047 0.676758 0.027344 0.041016
0 0.895508 0.666992 0.017578 0.009766
0 0.869141 0.470703 0.039062 0.042969
0 0.894531 0.506836 0.011719 0.009766
0 0.955078 0.679688 0.019531 0.011719
0 0.924805 0.564453 0.013672 0.035156
0 0.931641 0.523438 0.019531 0.007812
0 0.815430 0.672852 0.017578 0.025391
0 0.839844 0.685547 0.011719 0.011719
0 0.820312 0.484375 0.023438 0.027344
0 0.746094 0.476562 0.023438 0.039062
0 0.771484 0.508789 0.011719 0.005859
0 0.820312 0.562500 0.023438 0.039062
0 0.845703 0.575195 0.007812 0.013672
