0 0.356445 0.957031 0.021484 0.070312
0 0.513672 0.748047 0.027344 0.031250
0 0.419922 0.848633 0.011719 0.013672
0 0.538086 0.039062 0.037109 0.042969
0 0.524414 0.139648 0.013672 0.017578
0 0.433594 0.228516 0.023438 0.019531
0 0.443359 0.204102 0.015625 0.013672
0 0.590820 0.797852 0.013672 0.009766
0 0.594727 0.830078 0.017578 0.015625
0 0.131836 0.477539 0.009766 0.013672
0 0.107422 0.475586 0.019531 0.005859
0 0.416016 0.750000 0.011719 0.019531
0 0.432617 0.717773 0.017578 0.025391
0 0.224609 0.479492 0.011719 0.013672
0 0.197266 0.493164 0.015625 0.017578
0 0.381836 0.533203 0.037109 0.027344
0 0.322266 0.827148 0.015625 0.017578
0 0.343750 0.851562 0.015625 0.007812
0 0.398438 0.476562 0.015625 0.011719
0 0.477539 0.161133 0.017578 0.017578
0 0.472656 0.136719 0.011719 0.015625
0 0.590820 0.114258 0.025391 0.021484
0 0.437500 0.170898 0.015625 0.025391
0 0.439453 0.026367 0.019531 0.017578
0 0.442383 0.059570 0.013672 0.013672
0 0.490234 0.047852 0.019531 0.025391
0 0.583984 0.728516 0.019531 0.023438
0 0.618164 0.717773 0.029297 0.025391
0 0.138672 0.612305 0.019531 0.029297
0 0.134766 0.561523 0.011719 0.009766
0 0.167969 0.559570 0.011719 0.013672
