0 0.275391 0.520182 0.025391 0.027344
0 0.600098 0.738932 0.014648 0.027344
0 0.811035 0.723958 0.034180 0.046875
0 0.564941 0.936849 0.012695 0.016927
0 0.553223 0.967448 0.020508 0.023438
0 0.592773 0.886719 0.025391 0.031250
0 0.495117 0.576823 0.011719 0.010417
0 0.521973 0.576172 0.020508 0.027344
0 0.541016 0.492839 0.015625 0.024740
0 0.561523 0.880859 0.023438 0.032552
0 0.558105 0.856120 0.010742 0.006510
0 0.398438 0.520833 0.025391 0.020833
0 0.466309 0.513021 0.008789 0.015625
0 0.702637 0.554036 0.024414 0.014323
0 0.694824 0.524740 0.022461 0.013021
0 0.559570 0.529948 0.015625 0.020833
0 0.531250 0.534505 0.013672 0.019531
0 0.800293 0.644531 0.018555 0.028646
0 0.825684 0.658203 0.014648 0.019531
0 0.300781 0.757161 0.027344 0.037760
0 0.729004 0.798177 0.004883 0.015625
0 0.719727 0.815755 0.011719 0.009115
0 0.590332 0.963542 0.026367 0.023438
0 0.601074 0.931641 0.020508 0.029948
0 0.767090 0.805990 0.010742 0.020833
0 0.762695 0.675130 0.007812 0.014323
0 0.807617 0.689453 0.007812 0.009115
0 0.325684 0.810547 0.022461 0.016927
0 0.589844 0.797526 0.027344 0.040365
0 0.640137 0.852865 0.010742 0.013021
