0 0.487500 0.585000 0.008333 0.017500
0 0.764583 0.833750 0.015833 0.020000
0 0.493333 0.765625 0.013333 0.016250
0 0.523750 0.793750 0.022500 0.025000
0 0.478333 0.872500 0.010000 0.020000
0 0.525417 0.839375 0.014167 0.021250
0 0.747083 0.550625 0.014167 0.031250
0 0.774167 0.770625 0.011667 0.021250
0 0.629167 0.842500 0.008333 0.020000
0 0.577083 0.880625 0.025833 0.026250
0 0.543333 0.671250 0.015000 0.030000
0 0.518333 0.688750 0.016667 0.015000
0 0.642500 0.734375 0.015000 0.008750
0 0.642500 0.785000 0.018333 0.025000
0 0.342083 0.753750 0.020833 0.022500
0 0.369583 0.900000 0.010833 0.025000
0 0.379583 0.855625 0.022500 0.036250
0 0.646250 0.681875 0.012500 0.013750
0 0.658333 0.641875 0.010000 0.008750
0 0.403333 0.552500 0.020000 0.027500
0 0.379167 0.561875 0.006667 0.011250
0 0.752917 0.704375 0.024167 0.026250
0 0.777083 0.648125 0.015833 0.023750
0 0.399167 0.685000 0.015000 0.022500
0 0.379583 0.704375 0.012500 0.021250
0 0.589167 0.585000 0.023333 0.022500
0 0.648750 0.581875 0.014167 0.021250
