0 0.541992 0.279412 0.013672 0.014706
0 0.331055 0.427941 0.021484 0.035294
0 0.294922 0.438235 0.009766 0.014706
0 0.663086 0.442647 0.007812 0.020588
0 0.395996 0.447059 0.024414 0.038235
0 0.763184 0.174265 0.016602 0.022059
0 0.792969 0.213235 0.015625 0.020588
0 0.410156 0.695588 0.013672 0.041176
0 0.439453 0.691912 0.027344 0.042647
0 0.469727 0.561765 0.005859 0.014706
0 0.722656 0.218382 0.027344 0.030882
0 0.546875 0.775735 0.017578 0.016176
0 0.615234 0.211765 0.015625 0.017647
0 0.586426 0.228676 0.010742 0.019118
0 0.463379 0.824265 0.018555 0.019118
0 0.474121 0.800000 0.008789 0.008824
0 0.647461 0.370588 0.021484 0.032353
0 0.678711 0.386765 0.023438 0.041176
0 0.391602 0.653676 0.009766 0.027941
0 0.560547 0.927941 0.025391 0.017647
0 0.538574 0.954412 0.008789 0.014706
0 0.395020 0.380147 0.010742 0.016176
0 0.375488 0.330147 0.026367 0.027941
0 0.769043 0.888235 0.026367 0.047059
0 0.517578 0.682353 0.011719 0.017647
0 0.557129 0.665441 0.020508 0.025000
0 0.373535 0.535294 0.028320 0.047059
0 0.410645 0.530147 0.016602 0.025000
0 0.393555 0.599265 0.031250 0.045588
0 0.785645 0.763971 0.022461 0.030882
