0 0.817917 0.599375 0.015833 0.013750
0 0.390000 0.513750 0.023333 0.037500
0 0.323333 0.515000 0.008333 0.005000
0 0.335417 0.492500 0.007500 0.012500
0 0.665000 0.441875 0.008333 0.016250
0 0.399583 0.356875 0.015833 0.031250
0 0.355417 0.506875 0.012500 0.031250
0 0.346667 0.538750 0.006667 0.017500
0 0.764583 0.713125 0.024167 0.041250
0 0.582500 0.445000 0.018333 0.032500
0 0.613750 0.463750 0.017500 0.015000
0 0.767917 0.489375 0.029167 0.033750
0 0.836250 0.563125 0.012500 0.031250
0 0.837500 0.518125 0.021667 0.026250
0 0.293333 0.454375 0.010000 0.006250
0 0.298333 0.423125 0.011667 0.016250
0 0.290417 0.281875 0.012500 0.023750
0 0.278750 0.315000 0.010833 0.017500
0 0.887083 0.705625 0.017500 0.016250
0 0.692917 0.545000 0.005833 0.012500
0 0.687917 0.522500 0.010833 0.022500
0 0.599583 0.391875 0.020833 0.031250
0 0.637917 0.366875 0.030833 0.046250
0 0.314167 0.353750 0.015000 0.035000
0 0.332917 0.381875 0.017500 0.011250
0 0.911667 0.643125 0.018333 0.038750
0 0.651667 0.243125 0.026667 0.028750
0 0.290417 0.385625 0.012500 0.028750
0 0.284583 0.343750 0.024167 0.030000
0 0.286250 0.522500 0.029167 0.035000
