0 0.672656 0.729688 0.026562 0.021875
0 0.631250 0.687500 0.031250 0.025000
0 0.533594 0.491406 0.048438 0.048438
0 0.915625 0.727344 0.031250 0.017188
0 0.957031 0.710938 0.023438 0.018750
0 0.264062 0.242188 0.009375 0.015625
0 0.233594 0.221875 0.010937 0.037500
0 0.256250 0.322656 0.015625 0.020313
0 0.896875 0.506250 0.037500 0.037500
0 0.521875 0.548438 0.015625 0.015625
0 0.650781 0.589063 0.014063 0.009375
0 0.665625 0.552344 0.018750 0.032813
0 0.197656 0.300000 0.023438 0.037500
0 0.974219 0.409375 0.007812 0.012500
0 0.885156 0.386719 0.017188 0.017188
0 0.153906 0.063281 0.032813 0.035937
0 0.193750 0.119531 0.028125 0.014063
0 0.246875 0.062500 0.043750 0.037500
0 0.232813 0.031250 0.012500 0.012500
0 0.152344 0.159375 0.039062 0.037500
0 0.142187 0.123438 0.025000 0.012500
0 0.774219 0.725781 0.032813 0.029687
0 0.839063 0.688281 0.018750 0.023438
0 0.556250 0.710156 0.043750 0.042188
0 0.598437 0.675781 0.015625 0.017188
0 0.707812 0.494531 0.037500 0.035937
0 0.711719 0.527344 0.017188 0.014063
0 0.138281 0.247656 0.023438 0.029687
0 0.800000 0.505469 0.025000 0.023438
0 0.851562 0.371875 0.015625 0.012500
