0 0.527344 0.834961 0.042969 0.029297
0 0.553711 0.868164 0.017578 0.017578
0 0.124023 0.918945 0.041016 0.041016
0 0.352539 0.603516 0.013672 0.011719
0 0.668945 0.634766 0.021484 0.015625
0 0.317383 0.836914 0.013672 0.009766
0 0.275391 0.824219 0.015625 0.011719
0 0.444336 0.775391 0.029297 0.027344
0 0.406250 0.793945 0.023438 0.025391
0 0.568359 0.743164 0.011719 0.009766
0 0.575195 0.678711 0.025391 0.037109
0 0.631836 0.673828 0.033203 0.042969
0 0.462891 0.703125 0.035156 0.042969
0 0.749023 0.685547 0.029297 0.027344
0 0.180664 0.918945 0.029297 0.041016
0 0.362305 0.556641 0.025391 0.023438
0 0.348633 0.526367 0.017578 0.017578
0 0.351562 0.682617 0.015625 0.013672
0 0.401367 0.598633 0.017578 0.021484
0 0.232422 0.831055 0.023438 0.021484
0 0.669922 0.675781 0.019531 0.023438
0 0.698242 0.585938 0.033203 0.027344
0 0.714844 0.557617 0.015625 0.013672
0 0.149414 0.838867 0.033203 0.013672
0 0.100586 0.845703 0.013672 0.019531
0 0.102539 0.976562 0.017578 0.007812
0 0.143555 0.966797 0.029297 0.027344
0 0.459961 0.540039 0.029297 0.041016
0 0.750977 0.636719 0.025391 0.027344
0 0.053711 0.835938 0.017578 0.015625
