0 0.586914 0.642578 0.021484 0.015625
0 0.461914 0.652344 0.029297 0.023438
0 0.456055 0.683594 0.025391 0.015625
0 0.611328 0.465820 0.039062 0.029297
0 0.566406 0.465820 0.027344 0.029297
0 0.432617 0.519531 0.029297 0.023438
0 0.502930 0.314453 0.021484 0.023438
0 0.537109 0.301758 0.027344 0.029297
0 0.539062 0.253906 0.027344 0.031250
0 0.440430 0.381836 0.029297 0.037109
0 0.475586 0.458984 0.017578 0.015625
0 0.681641 0.522461 0.023438 0.021484
0 0.725586 0.530273 0.021484 0.025391
0 0.549805 0.383789 0.013672 0.017578
0 0.538086 0.408203 0.037109 0.015625
0 0.372070 0.389648 0.025391 0.033203
0 0.586914 0.564453 0.021484 0.019531
0 0.496094 0.596680 0.011719 0.017578
0 0.486328 0.495117 0.027344 0.025391
0 0.244141 0.705078 0.027344 0.015625
0 0.227539 0.627930 0.033203 0.037109
0 0.668945 0.559570 0.017578 0.029297
0 0.748047 0.561523 0.015625 0.009766
0 0.535156 0.544922 0.027344 0.027344
0 0.532227 0.516602 0.021484 0.013672
0 0.492188 0.528320 0.031250 0.013672
0 0.579102 0.615234 0.017578 0.019531
0 0.573242 0.677734 0.033203 0.039062
0 0.615234 0.541016 0.019531 0.039062
0 0.710938 0.472656 0.011719 0.015625
