0 0.418945 0.168945 0.041016 0.037109
0 0.248047 0.304688 0.019531 0.019531
0 0.483398 0.111328 0.017578 0.015625
0 0.552734 0.289062 0.023438 0.011719
0 0.551758 0.318359 0.013672 0.015625
0 0.524414 0.067383 0.017578 0.025391
0 0.376953 0.073242 0.031250 0.025391
0 0.348633 0.103516 0.009766 0.011719
0 0.362305 0.188477 0.009766 0.017578
0 0.330078 0.152344 0.027344 0.042969
0 0.317383 0.246094 0.029297 0.027344
0 0.316406 0.315430 0.031250 0.029297
0 0.429688 0.327148 0.031250 0.037109
0 0.234375 0.245117 0.039062 0.041016
0 0.232422 0.142578 0.027344 0.027344
0 0.277344 0.146484 0.019531 0.023438
0 0.533203 0.257812 0.039062 0.035156
0 0.565430 0.224609 0.017578 0.015625
0 0.419922 0.227539 0.023438 0.021484
0 0.420898 0.255859 0.013672 0.019531
0 0.538086 0.167969 0.041016 0.042969
0 0.269531 0.077148 0.023438 0.029297
0 0.235352 0.094727 0.029297 0.025391
