0 0.557031 0.149219 0.032813 0.035937
0 0.614062 0.117188 0.021875 0.021875
0 0.843750 0.388281 0.012500 0.010937
0 0.738281 0.057813 0.014063 0.012500
0 0.696875 0.069531 0.018750 0.035937
0 0.435937 0.221875 0.009375 0.009375
0 0.401562 0.211719 0.025000 0.023438
0 0.305469 0.147656 0.029687 0.026562
0 0.633594 0.402344 0.026562 0.032813
0 0.638281 0.441406 0.014063 0.014063
0 0.529687 0.185938 0.028125 0.018750
0 0.577344 0.210938 0.035937 0.037500
0 0.550000 0.426563 0.040625 0.028125
0 0.338281 0.060937 0.032813 0.031250
0 0.374219 0.092969 0.017188 0.014063
0 0.561719 0.074219 0.032813 0.026562
0 0.421875 0.062500 0.018750 0.025000
0 0.719531 0.566406 0.020313 0.020313
0 0.748437 0.569531 0.025000 0.017188
0 0.629687 0.467187 0.018750 0.025000
0 0.289062 0.202344 0.031250 0.026562
0 0.726562 0.478125 0.037500 0.021875
0 0.659375 0.247656 0.012500 0.014063
0 0.700000 0.260937 0.031250 0.018750
0 0.612500 0.549219 0.012500 0.010937
0 0.525781 0.309375 0.014063 0.018750
0 0.628125 0.342187 0.021875 0.034375
0 0.664062 0.317188 0.018750 0.012500
0 0.539062 0.489063 0.021875 0.009375
0 0.808594 0.553906 0.039062 0.032813
