0 0.100000 0.605469 0.025000 0.064062
0 0.068750 0.607812 0.025000 0.075000
0 0.676562 0.656250 0.018750 0.062500
0 0.303906 0.458594 0.032813 0.060937
0 0.505469 0.358594 0.023438 0.023438
0 0.214062 0.763281 0.040625 0.039062
0 0.156250 0.803906 0.031250 0.023438
0 0.495312 0.919531 0.031250 0.017188
0 0.435156 0.383594 0.023438 0.026562
0 0.576562 0.878125 0.021875 0.025000
0 0.554688 0.873437 0.006250 0.012500
0 0.461719 0.357812 0.017188 0.012500
0 0.224219 0.439063 0.017188 0.012500
0 0.699219 0.197656 0.023438 0.029687
0 0.694531 0.238281 0.023438 0.023438
0 0.729688 0.247656 0.012500 0.014063
0 0.731250 0.208594 0.018750 0.029687
0 0.083594 0.367969 0.014063 0.029687
0 0.114844 0.364844 0.017188 0.020313
0 0.175000 0.650781 0.028125 0.029687
0 0.171875 0.703125 0.021875 0.021875
0 0.117188 0.453125 0.037500 0.034375
0 0.063281 0.543750 0.010937 0.018750
0 0.107031 0.522656 0.023438 0.023438
0 0.737500 0.280469 0.031250 0.020313
0 0.742188 0.310937 0.031250 0.025000
0 0.814063 0.200000 0.028125 0.028125
0 0.625000 0.904687 0.025000 0.025000
0 0.665625 0.900000 0.021875 0.012500
0 0.107813 0.678906 0.031250 0.035937
0 0.742188 0.132031 0.031250 0.029687
0 0.567187 0.758594 0.012500 0.010937
0 0.711719 0.827344 0.026562 0.026562
0 0.647656 0.821875 0.035937 0.037500
