0 0.764844 0.586753 0.023438 0.043376
0 0.122656 0.920868 0.015625 0.022274
0 0.628125 0.651817 0.017188 0.014068
0 0.650000 0.709848 0.010937 0.019930
0 0.707031 0.674091 0.029687 0.042204
0 0.812891 0.604924 0.022656 0.030481
0 0.208594 0.943728 0.012500 0.009379
0 0.836719 0.691676 0.029687 0.049238
0 0.187500 0.966589 0.010937 0.012896
0 0.164844 0.964830 0.010937 0.016413
0 0.686719 0.611372 0.006250 0.019930
0 0.715234 0.566237 0.025781 0.035170
0 0.233594 0.964830 0.010937 0.011723
0 0.103906 0.943728 0.010937 0.016413
0 0.123828 0.941970 0.013281 0.010551
0 0.846484 0.776084 0.025781 0.018757
0 0.859375 0.804220 0.004687 0.011723
0 0.627344 0.849941 0.020313 0.016413
0 0.695312 0.887456 0.018750 0.030481
0 0.714844 0.833529 0.010937 0.021102
0 0.779687 0.841149 0.020313 0.029308
0 0.612500 0.766706 0.009375 0.009379
0 0.710938 0.786635 0.010937 0.014068
0 0.676562 0.732708 0.009375 0.016413
0 0.087891 0.893904 0.010156 0.008206
0 0.208984 0.898007 0.013281 0.021102
0 0.113672 0.966589 0.021094 0.019930
0 0.134375 0.966589 0.004687 0.012896
0 0.182812 0.943142 0.014063 0.022274
0 0.154297 0.942556 0.013281 0.018757
