0 0.162109 0.790039 0.015625 0.013672
0 0.134766 0.822266 0.027344 0.019531
0 0.692383 0.776367 0.017578 0.013672
0 0.813477 0.492188 0.009766 0.027344
0 0.719727 0.750977 0.021484 0.009766
0 0.714844 0.706055 0.039062 0.029297
0 0.860352 0.492188 0.025391 0.019531
0 0.573242 0.543945 0.033203 0.025391
0 0.516602 0.506836 0.029297 0.013672
0 0.226562 0.831055 0.011719 0.013672
0 0.263672 0.780273 0.019531 0.017578
0 0.540039 0.781250 0.025391 0.035156
0 0.910156 0.601562 0.031250 0.042969
0 0.856445 0.587891 0.029297 0.027344
0 0.141602 0.666016 0.041016 0.042969
0 0.761719 0.659180 0.027344 0.025391
0 0.411133 0.683594 0.017578 0.015625
0 0.412109 0.652344 0.015625 0.031250
0 0.297852 0.657227 0.025391 0.029297
0 0.352539 0.674805 0.029297 0.021484
0 0.909180 0.487305 0.037109 0.033203
0 0.776367 0.520508 0.009766 0.021484
0 0.375977 0.417969 0.029297 0.035156
0 0.564453 0.715820 0.027344 0.025391
0 0.517578 0.685547 0.015625 0.011719
0 0.724609 0.642578 0.019531 0.011719
0 0.705078 0.673828 0.019531 0.015625
0 0.142578 0.318359 0.042969 0.042969
0 0.208984 0.352539 0.035156 0.033203
0 0.294922 0.903320 0.023438 0.037109
