0 0.375977 0.512695 0.041016 0.029297
0 0.327148 0.752930 0.029297 0.029297
0 0.431641 0.869141 0.046875 0.050781
0 0.366211 0.719727 0.021484 0.017578
0 0.299805 0.479492 0.029297 0.041016
0 0.338867 0.412109 0.017578 0.035156
0 0.501953 0.719727 0.019531 0.017578
0 0.675781 0.800781 0.027344 0.031250
0 0.467773 0.427734 0.041016 0.035156
0 0.504883 0.396484 0.013672 0.015625
0 0.679688 0.749023 0.023438 0.041016
0 0.611328 0.575195 0.039062 0.041016
0 0.650391 0.580078 0.015625 0.015625
0 0.231445 0.481445 0.017578 0.013672
0 0.262695 0.397461 0.021484 0.021484
0 0.625000 0.673828 0.015625 0.011719
0 0.348633 0.881836 0.021484 0.021484
0 0.512695 0.514648 0.025391 0.021484
0 0.507812 0.585938 0.019531 0.019531
0 0.227539 0.597656 0.029297 0.039062
0 0.237305 0.535156 0.025391 0.023438
0 0.225586 0.787109 0.029297 0.015625
0 0.199219 0.819336 0.007812 0.013672
0 0.551758 0.400391 0.044922 0.042969
0 0.560547 0.352539 0.031250 0.025391
0 0.348633 0.572266 0.017578 0.011719
0 0.660156 0.928711 0.023438 0.029297
0 0.689453 0.933594 0.015625 0.035156
0 0.216797 0.673828 0.035156 0.042969
0 0.236328 0.713867 0.011719 0.013672
