0 0.834961 0.647461 0.037109 0.041016
0 0.833984 0.725586 0.015625 0.013672
0 0.756836 0.646484 0.041016 0.042969
0 0.798828 0.658203 0.011719 0.015625
0 0.723633 0.735352 0.025391 0.013672
0 0.797852 0.569336 0.033203 0.029297
0 0.714844 0.791016 0.035156 0.042969
0 0.762695 0.750000 0.009766 0.015625
0 0.759766 0.708984 0.015625 0.019531
0 0.708008 0.595703 0.017578 0.019531
0 0.753906 0.578125 0.031250 0.019531
0 0.831055 0.783203 0.013672 0.011719
0 0.710938 0.659180 0.015625 0.017578
0 0.766602 0.805664 0.021484 0.033203
0 0.800781 0.785156 0.031250 0.019531
0 0.797852 0.708008 0.033203 0.033203
0 0.783203 0.745117 0.011719 0.009766
0 0.843750 0.571289 0.015625 0.017578
