0 0.333732 0.128989 0.026316 0.034574
0 0.169856 0.086436 0.019139 0.018617
0 0.284689 0.198138 0.038278 0.034574
0 0.251196 0.127660 0.014354 0.021277
0 0.181818 0.128989 0.028708 0.023936
0 0.288278 0.083777 0.021531 0.013298
0 0.224880 0.195479 0.009569 0.013298
0 0.334928 0.171543 0.019139 0.018617
0 0.357656 0.170213 0.007177 0.021277
0 0.332536 0.204787 0.019139 0.021277
0 0.356459 0.202128 0.009569 0.015957
0 0.217703 0.097074 0.023923 0.018617
0 0.224880 0.168883 0.014354 0.018617
0 0.248804 0.170213 0.014354 0.021277
0 0.188995 0.198138 0.019139 0.034574
0 0.163876 0.191489 0.011962 0.015957
0 0.191388 0.164894 0.023923 0.010638
0 0.352871 0.087766 0.011962 0.015957
0 0.287081 0.128989 0.019139 0.034574
0 0.294258 0.163564 0.014354 0.013298
