0 0.644531 0.630859 0.023438 0.027344
0 0.874023 0.545898 0.017578 0.017578
0 0.801758 0.634766 0.048828 0.039062
0 0.843750 0.635742 0.007812 0.013672
0 0.174805 0.865234 0.013672 0.015625
0 0.932617 0.767578 0.021484 0.015625
0 0.889648 0.771484 0.017578 0.011719
0 0.330078 0.799805 0.027344 0.037109
0 0.310547 0.761719 0.011719 0.023438
0 0.206055 0.735352 0.041016 0.029297
0 0.211914 0.855469 0.041016 0.039062
0 0.211914 0.478516 0.041016 0.035156
0 0.156250 0.691406 0.031250 0.019531
0 0.152344 0.715820 0.023438 0.009766
0 0.905273 0.630859 0.021484 0.023438
0 0.868164 0.644531 0.013672 0.019531
0 0.722656 0.686523 0.023438 0.041016
0 0.679688 0.704102 0.015625 0.009766
0 0.592773 0.643555 0.033203 0.029297
0 0.551758 0.696289 0.013672 0.029297
0 0.101562 0.584961 0.011719 0.017578
0 0.123047 0.594727 0.015625 0.017578
0 0.694336 0.543945 0.033203 0.041016
0 0.729492 0.638672 0.037109 0.035156
0 0.852539 0.820312 0.017578 0.019531
0 0.793945 0.830078 0.041016 0.042969
0 0.278320 0.863281 0.009766 0.015625
0 0.267578 0.886719 0.019531 0.011719
0 0.210938 0.538086 0.011719 0.009766
0 0.327148 0.965820 0.013672 0.017578
