0 0.888672 0.672852 0.035156 0.091797
0 0.837891 0.721680 0.062500 0.236328
0 0.754883 0.712891 0.056641 0.199219
0 0.768555 0.715820 0.083984 0.205078
0 0.478516 0.266602 0.027344 0.025391
0 0.448242 0.490234 0.025391 0.027344
0 0.523438 0.513672 0.015625 0.019531
0 0.472656 0.584961 0.019531 0.005859
0 0.476562 0.634766 0.027344 0.031250
0 0.436523 0.302734 0.021484 0.039062
0 0.511719 0.628906 0.015625 0.023438
0 0.515625 0.583984 0.031250 0.035156
0 0.408203 0.514648 0.019531 0.029297
0 0.413086 0.481445 0.017578 0.017578
0 0.484375 0.530273 0.023438 0.021484
0 0.481445 0.459961 0.009766 0.013672
0 0.433594 0.590820 0.011719 0.009766
0 0.411133 0.646484 0.017578 0.031250
0 0.398438 0.307617 0.015625 0.013672
0 0.413086 0.386719 0.017578 0.031250
0 0.405273 0.427734 0.021484 0.023438
0 0.473633 0.381836 0.017578 0.009766
0 0.512695 0.406250 0.009766 0.015625
0 0.511719 0.248047 0.019531 0.011719
0 0.525391 0.324219 0.007812 0.015625
0 0.442383 0.364258 0.017578 0.013672
