0 0.492188 0.327344 0.018750 0.017188
0 0.488281 0.266406 0.014063 0.017188
0 0.618750 0.093750 0.021875 0.018750
0 0.469531 0.203125 0.020313 0.021875
0 0.482812 0.167187 0.009375 0.012500
0 0.738281 0.057813 0.026562 0.018750
0 0.703125 0.048438 0.015625 0.015625
0 0.510156 0.181250 0.007812 0.012500
0 0.439063 0.186719 0.015625 0.010937
0 0.575781 0.307812 0.032813 0.037500
0 0.836719 0.364063 0.035937 0.028125
0 0.833594 0.026562 0.026562 0.021875
0 0.871875 0.029687 0.006250 0.012500
0 0.360938 0.038281 0.037500 0.023438
0 0.897656 0.055469 0.026562 0.020313
0 0.960156 0.055469 0.014063 0.007812
0 0.890625 0.114844 0.034375 0.045312
0 0.632031 0.215625 0.026562 0.031250
0 0.298438 0.246094 0.040625 0.039062
0 0.738281 0.018750 0.032813 0.018750
0 0.271094 0.409375 0.032813 0.040625
0 0.839063 0.143750 0.031250 0.028125
0 0.713281 0.157812 0.032813 0.040625
0 0.675000 0.125000 0.006250 0.012500
0 0.701562 0.472656 0.012500 0.010937
0 0.768750 0.311719 0.031250 0.032813
0 0.871094 0.080469 0.014063 0.007812
0 0.198437 0.349219 0.028125 0.029687
0 0.829688 0.248438 0.021875 0.028125
0 0.495312 0.439063 0.018750 0.021875
