0 0.846680 0.544922 0.025391 0.023438
0 0.892578 0.544922 0.011719 0.015625
0 0.815430 0.578125 0.021484 0.023438
0 0.773438 0.576172 0.027344 0.019531
0 0.488281 0.699219 0.035156 0.023438
0 0.869141 0.602539 0.031250 0.029297
0 0.875000 0.518555 0.011719 0.017578
0 0.479492 0.540039 0.017578 0.009766
0 0.469727 0.502930 0.029297 0.025391
0 0.796875 0.489258 0.011719 0.009766
0 0.767578 0.488281 0.027344 0.023438
0 0.745117 0.642578 0.025391 0.023438
0 0.713867 0.632812 0.021484 0.023438
0 0.660156 0.487305 0.015625 0.013672
0 0.738281 0.548828 0.011719 0.015625
0 0.713867 0.502930 0.013672 0.017578
0 0.665039 0.516602 0.013672 0.025391
0 0.786133 0.703125 0.013672 0.019531
0 0.847656 0.699219 0.015625 0.015625
0 0.732422 0.512695 0.007812 0.017578
0 0.691406 0.713867 0.023438 0.021484
0 0.742188 0.727539 0.031250 0.029297
0 0.444336 0.660156 0.013672 0.011719
0 0.702148 0.577148 0.033203 0.021484
0 0.771484 0.538086 0.011719 0.009766
0 0.798828 0.550781 0.015625 0.015625
0 0.690430 0.484375 0.013672 0.011719
0 0.664062 0.552734 0.011719 0.019531
0 0.632812 0.557617 0.011719 0.009766
0 0.805664 0.520508 0.029297 0.025391
