0 0.616211 0.797852 0.037109 0.033203
0 0.896484 0.676758 0.015625 0.017578
0 0.857422 0.672852 0.015625 0.013672
0 0.485352 0.723633 0.033203 0.029297
0 0.550781 0.760742 0.007812 0.017578
0 0.667969 0.643555 0.027344 0.037109
0 0.656250 0.576172 0.042969 0.046875
0 0.709961 0.555664 0.029297 0.021484
0 0.736328 0.738281 0.015625 0.011719
0 0.776367 0.720703 0.025391 0.035156
0 0.532227 0.832031 0.037109 0.039062
0 0.487305 0.806641 0.017578 0.015625
0 0.506836 0.636719 0.037109 0.035156
0 0.507812 0.678711 0.015625 0.025391
0 0.878906 0.583008 0.039062 0.033203
0 0.635742 0.712891 0.029297 0.031250
0 0.855469 0.814453 0.031250 0.042969
0 0.908203 0.793945 0.031250 0.029297
0 0.858398 0.713867 0.029297 0.017578
0 0.867188 0.755859 0.019531 0.019531
0 0.770508 0.846680 0.013672 0.009766
0 0.489258 0.562500 0.013672 0.015625
0 0.539062 0.577148 0.042969 0.048828
0 0.699219 0.652344 0.011719 0.011719
0 0.762695 0.664062 0.013672 0.015625
