0 0.558594 0.445312 0.023438 0.015625
0 0.343750 0.618164 0.011719 0.009766
0 0.304688 0.614258 0.015625 0.041016
0 0.618164 0.417969 0.021484 0.035156
0 0.483398 0.593750 0.013672 0.011719
0 0.474609 0.466797 0.019531 0.015625
0 0.278320 0.500000 0.017578 0.007812
0 0.619141 0.344727 0.027344 0.033203
0 0.558594 0.686523 0.023438 0.025391
0 0.557617 0.656250 0.017578 0.015625
0 0.501953 0.642578 0.019531 0.007812
0 0.498047 0.683594 0.015625 0.031250
0 0.067383 0.632812 0.021484 0.019531
0 0.045898 0.469727 0.029297 0.013672
0 0.014648 0.507812 0.029297 0.015625
0 0.302734 0.548828 0.039062 0.035156
0 0.442383 0.475586 0.017578 0.017578
0 0.417969 0.472656 0.015625 0.015625
0 0.570312 0.338867 0.011719 0.013672
0 0.562500 0.381836 0.019531 0.021484
0 0.562500 0.415039 0.015625 0.017578
0 0.390625 0.619141 0.011719 0.019531
0 0.534180 0.341797 0.013672 0.023438
0 0.503906 0.502930 0.027344 0.025391
0 0.503906 0.439453 0.011719 0.015625
0 0.535156 0.480469 0.015625 0.007812
0 0.531250 0.455078 0.011719 0.015625
0 0.594727 0.384766 0.009766 0.019531
0 0.418945 0.407227 0.029297 0.029297
0 0.466797 0.415039 0.011719 0.017578
