0 0.165039 0.588867 0.013672 0.017578
0 0.183594 0.591797 0.007812 0.019531
0 0.437500 0.595703 0.035156 0.035156
0 0.401367 0.589844 0.021484 0.019531
0 0.727539 0.669922 0.013672 0.015625
0 0.750977 0.692383 0.009766 0.013672
0 0.607422 0.682617 0.007812 0.013672
0 0.690430 0.652344 0.013672 0.007812
0 0.268555 0.750000 0.029297 0.031250
0 0.749023 0.647461 0.013672 0.017578
0 0.544922 0.724609 0.035156 0.031250
0 0.512695 0.718750 0.013672 0.027344
0 0.181641 0.458008 0.011719 0.013672
0 0.166016 0.428711 0.027344 0.021484
0 0.302734 0.881836 0.011719 0.013672
0 0.335938 0.904297 0.007812 0.015625
0 0.689453 0.600586 0.015625 0.017578
0 0.461914 0.677734 0.017578 0.023438
0 0.702148 0.547852 0.025391 0.013672
0 0.739258 0.566406 0.017578 0.019531
0 0.406250 0.686523 0.039062 0.017578
0 0.251953 0.444336 0.011719 0.009766
0 0.230469 0.461914 0.011719 0.009766
0 0.601562 0.731445 0.039062 0.041016
0 0.637695 0.737305 0.013672 0.009766
0 0.720703 0.594727 0.011719 0.013672
0 0.351562 0.789062 0.023438 0.023438
0 0.399414 0.782227 0.017578 0.021484
0 0.241211 0.600586 0.025391 0.025391
0 0.388672 0.819336 0.027344 0.033203
