0 0.475000 0.688889 0.007812 0.019444
0 0.440625 0.693750 0.012500 0.018056
0 0.465234 0.571528 0.017969 0.023611
0 0.450000 0.553472 0.006250 0.020833
0 0.311719 0.705556 0.012500 0.025000
0 0.337109 0.572222 0.011719 0.016667
0 0.398047 0.563889 0.010156 0.019444
0 0.920312 0.845139 0.014063 0.026389
0 0.534766 0.654167 0.013281 0.025000
0 0.512109 0.652083 0.014844 0.026389
0 0.867578 0.889583 0.013281 0.026389
0 0.846094 0.884028 0.009375 0.026389
0 0.731250 0.834722 0.015625 0.025000
0 0.971484 0.783333 0.008594 0.019444
0 0.931641 0.793056 0.025781 0.044444
0 0.919531 0.747222 0.015625 0.019444
0 0.361719 0.652083 0.018750 0.029167
0 0.766016 0.846528 0.013281 0.026389
0 0.703906 0.868056 0.012500 0.011111
0 0.687500 0.879861 0.012500 0.018056
0 0.257812 0.615278 0.020313 0.033333
0 0.714453 0.793750 0.014844 0.031944
0 0.688281 0.795139 0.007812 0.015278
0 0.438672 0.643750 0.014844 0.020833
0 0.835156 0.775000 0.009375 0.008333
0 0.848437 0.798611 0.020313 0.013889
0 0.695312 0.747917 0.012500 0.020833
0 0.718750 0.756944 0.007812 0.008333
0 0.396094 0.709722 0.010937 0.022222
0 0.404687 0.607639 0.020313 0.037500
