0 0.420312 0.701562 0.034375 0.028125
0 0.489063 0.710156 0.015625 0.017188
0 0.460938 0.426563 0.040625 0.046875
0 0.400000 0.403125 0.009375 0.015625
0 0.214844 0.644531 0.026562 0.017188
0 0.423438 0.357812 0.025000 0.037500
0 0.513281 0.305469 0.023438 0.017188
0 0.189844 0.535937 0.020313 0.021875
0 0.603125 0.552344 0.021875 0.039062
0 0.321094 0.432031 0.042188 0.032813
0 0.287500 0.685156 0.034375 0.026562
0 0.342187 0.646875 0.028125 0.031250
0 0.534375 0.661719 0.009375 0.010937
0 0.559375 0.703906 0.015625 0.017188
0 0.217188 0.320312 0.028125 0.028125
0 0.192188 0.283594 0.040625 0.029687
0 0.314844 0.349219 0.017188 0.014063
0 0.337500 0.520312 0.034375 0.034375
0 0.347656 0.592969 0.029687 0.029687
0 0.248438 0.435156 0.031250 0.039062
0 0.422656 0.508594 0.014063 0.014063
0 0.610156 0.397656 0.014063 0.026562
