0 0.649414 0.544922 0.009766 0.015625
0 0.653320 0.520508 0.013672 0.009766
0 0.630859 0.790039 0.031250 0.025391
0 0.666016 0.883789 0.019531 0.017578
0 0.663086 0.844727 0.029297 0.033203
0 0.661133 0.459961 0.025391 0.021484
0 0.829102 0.642578 0.021484 0.019531
0 0.751953 0.629883 0.015625 0.009766
0 0.760742 0.610352 0.009766 0.013672
0 0.144531 0.839844 0.011719 0.019531
0 0.307617 0.552734 0.021484 0.015625
0 0.266602 0.570312 0.013672 0.027344
0 0.763672 0.545898 0.011719 0.021484
0 0.606445 0.448242 0.044922 0.041016
0 0.747070 0.409180 0.009766 0.013672
0 0.758789 0.430664 0.013672 0.009766
0 0.237305 0.830078 0.021484 0.027344
0 0.232422 0.788086 0.027344 0.025391
0 0.576172 0.347656 0.023438 0.023438
0 0.586914 0.394531 0.033203 0.031250
0 0.731445 0.348633 0.009766 0.017578
0 0.690430 0.364258 0.021484 0.033203
0 0.575195 0.725586 0.017578 0.021484
0 0.519531 0.645508 0.035156 0.025391
0 0.116211 0.649414 0.017578 0.025391
0 0.160156 0.663086 0.023438 0.029297
0 0.568359 0.570312 0.027344 0.019531
0 0.567383 0.637695 0.017578 0.009766
0 0.276367 0.689453 0.033203 0.035156
0 0.109375 0.806641 0.023438 0.019531
