0 0.082857 0.761521 0.013333 0.011521
0 0.653333 0.592166 0.030476 0.027650
0 0.611429 0.620968 0.011429 0.020737
0 0.540952 0.776498 0.030476 0.041475
0 0.307619 0.624424 0.013333 0.023041
0 0.356190 0.617512 0.007619 0.013825
0 0.143810 0.737327 0.028571 0.027650
0 0.196190 0.755760 0.030476 0.036866
0 0.689524 0.187788 0.015238 0.016129
0 0.602857 0.763825 0.028571 0.034562
0 0.243810 0.541475 0.030476 0.032258
0 0.293333 0.547235 0.015238 0.020737
0 0.385714 0.544931 0.024762 0.016129
0 0.387619 0.585253 0.032381 0.036866
0 0.847619 0.205069 0.026667 0.027650
0 0.815238 0.198157 0.007619 0.013825
0 0.252381 0.626728 0.017143 0.013825
0 0.239048 0.599078 0.009524 0.018433
0 0.904762 0.309908 0.015238 0.016129
0 0.942857 0.304147 0.011429 0.027650
0 0.691429 0.641705 0.015238 0.016129
0 0.725714 0.656682 0.011429 0.009217
0 0.773333 0.202765 0.015238 0.023041
0 0.735238 0.201613 0.015238 0.025346
0 0.341905 0.536866 0.024762 0.027650
0 0.330476 0.579493 0.024762 0.034562
0 0.234286 0.745392 0.030476 0.039171
0 0.276190 0.754608 0.030476 0.034562
0 0.465714 0.654378 0.028571 0.032258
0 0.639048 0.095622 0.020952 0.029954
