0 0.682031 0.737500 0.039062 0.034375
0 0.628125 0.747656 0.015625 0.007812
0 0.582812 0.589063 0.025000 0.021875
0 0.537500 0.882031 0.012500 0.010937
0 0.571094 0.882812 0.014063 0.012500
0 0.382812 0.791406 0.043750 0.039062
0 0.483594 0.884375 0.010937 0.009375
0 0.454688 0.882812 0.025000 0.012500
0 0.232031 0.589063 0.020313 0.021875
0 0.590625 0.895312 0.009375 0.012500
0 0.625781 0.896094 0.014063 0.010937
0 0.432031 0.560937 0.014063 0.012500
0 0.499219 0.566406 0.026562 0.023438
0 0.761719 0.716406 0.014063 0.010937
0 0.396875 0.566406 0.015625 0.023438
0 0.533594 0.803906 0.026562 0.026562
0 0.498437 0.789844 0.021875 0.026562
0 0.561719 0.746094 0.048438 0.045312
0 0.483594 0.748437 0.017188 0.015625
0 0.453906 0.626563 0.014063 0.018750
0 0.766406 0.690625 0.014063 0.012500
0 0.352344 0.517188 0.017188 0.018750
0 0.720313 0.703125 0.012500 0.012500
0 0.403125 0.747656 0.006250 0.010937
0 0.408594 0.714063 0.014063 0.015625
0 0.656250 0.803125 0.009375 0.012500
0 0.398438 0.664062 0.028125 0.031250
0 0.442188 0.655469 0.012500 0.010937
0 0.437500 0.728906 0.025000 0.026562
0 0.294531 0.537500 0.020313 0.015625
