0 0.674375 0.677778 0.011250 0.031111
0 0.711250 0.680000 0.020000 0.035556
0 0.600000 0.238889 0.015000 0.033333
0 0.590000 0.165556 0.007500 0.006667
0 0.609375 0.163333 0.013750 0.033333
0 0.770000 0.208889 0.007500 0.008889
0 0.360625 0.040000 0.023750 0.044444
0 0.833125 0.161111 0.018750 0.024444
0 0.138750 0.200000 0.012500 0.035556
0 0.090000 0.181111 0.012500 0.033333
0 0.673125 0.198889 0.008750 0.020000
0 0.778125 0.794444 0.016250 0.028889
0 0.411875 0.038889 0.023750 0.028889
0 0.433750 0.055556 0.010000 0.022222
0 0.859375 0.787778 0.021250 0.028889
0 0.582500 0.714444 0.005000 0.015556
0 0.698125 0.720000 0.018750 0.022222
0 0.661875 0.712222 0.008750 0.015556
0 0.641250 0.198889 0.017500 0.037778
0 0.332500 0.195556 0.015000 0.022222
0 0.299375 0.198889 0.021250 0.046667
0 0.825000 0.240000 0.010000 0.017778
0 0.870000 0.226667 0.005000 0.013333
0 0.766875 0.274444 0.018750 0.037778
0 0.743125 0.283333 0.011250 0.024444
0 0.830625 0.198889 0.008750 0.033333
0 0.901250 0.715556 0.010000 0.035556
0 0.868750 0.726667 0.007500 0.008889
0 0.792500 0.158889 0.012500 0.011111
0 0.772500 0.681111 0.015000 0.033333
