0 0.226562 0.442383 0.011719 0.009766
0 0.409180 0.600586 0.021484 0.017578
0 0.517578 0.603516 0.027344 0.023438
0 0.563477 0.587891 0.017578 0.007812
0 0.753906 0.712891 0.023438 0.027344
0 0.637695 0.717773 0.041016 0.044922
0 0.402344 0.686523 0.039062 0.029297
0 0.383789 0.730469 0.017578 0.007812
0 0.761719 0.773438 0.027344 0.023438
0 0.775391 0.803711 0.015625 0.021484
0 0.564453 0.926758 0.015625 0.013672
0 0.594727 0.882812 0.017578 0.015625
0 0.559570 0.542969 0.025391 0.015625
0 0.300781 0.629883 0.023438 0.017578
0 0.743164 0.826172 0.009766 0.011719
0 0.267578 0.511719 0.027344 0.019531
0 0.425781 0.421875 0.023438 0.019531
0 0.416992 0.500000 0.021484 0.019531
0 0.692383 0.895508 0.033203 0.041016
0 0.700195 0.855469 0.021484 0.015625
0 0.698242 0.824219 0.029297 0.019531
0 0.630859 0.796875 0.031250 0.023438
0 0.653320 0.768555 0.021484 0.017578
0 0.751953 0.913086 0.011719 0.021484
0 0.740234 0.885742 0.015625 0.013672
0 0.593750 0.740234 0.027344 0.027344
0 0.571289 0.707031 0.009766 0.015625
0 0.320312 0.714844 0.023438 0.019531
0 0.278320 0.702148 0.013672 0.017578
0 0.687500 0.668945 0.015625 0.017578
