0 0.973633 0.791016 0.037109 0.039062
0 0.738281 0.730469 0.015625 0.011719
0 0.963867 0.684570 0.009766 0.013672
0 0.887695 0.745117 0.013672 0.013672
0 0.841797 0.750000 0.019531 0.027344
0 0.489258 0.072266 0.048828 0.046875
0 0.497070 0.312500 0.025391 0.027344
0 0.776367 0.826172 0.017578 0.031250
0 0.800781 0.835938 0.015625 0.015625
0 0.687500 0.695312 0.011719 0.015625
0 0.358398 0.078125 0.029297 0.027344
0 0.800781 0.790039 0.015625 0.013672
0 0.892578 0.774414 0.019531 0.017578
0 0.832031 0.791016 0.027344 0.031250
0 0.360352 0.458984 0.037109 0.019531
0 0.363281 0.416992 0.023438 0.033203
0 0.896484 0.689453 0.011719 0.027344
0 0.499023 0.161133 0.037109 0.033203
0 0.500000 0.211914 0.035156 0.037109
0 0.428711 0.373047 0.025391 0.019531
0 0.448242 0.458984 0.017578 0.015625
0 0.670898 0.735352 0.037109 0.037109
0 0.714844 0.746094 0.015625 0.019531
0 0.831055 0.824219 0.017578 0.011719
0 0.876953 0.823242 0.035156 0.025391
0 0.801758 0.681641 0.017578 0.019531
0 0.928711 0.834961 0.029297 0.013672
0 0.420898 0.253906 0.025391 0.027344
0 0.659180 0.828125 0.013672 0.015625
0 0.435547 0.194336 0.023438 0.017578
