0 0.682813 0.300000 0.028125 0.025000
0 0.671094 0.268750 0.014063 0.015625
0 0.626563 0.168750 0.018750 0.025000
0 0.622656 0.217969 0.020313 0.020313
0 0.646875 0.252344 0.015625 0.017188
0 0.676562 0.348438 0.025000 0.034375
0 0.585938 0.287500 0.037500 0.040625
0 0.543750 0.298438 0.028125 0.018750
0 0.664062 0.192188 0.015625 0.021875
0 0.670312 0.164844 0.018750 0.017188
0 0.621875 0.339844 0.018750 0.039062
0 0.574219 0.351562 0.017188 0.034375
0 0.599219 0.360938 0.014063 0.015625
0 0.678906 0.234375 0.014063 0.018750
0 0.550781 0.188281 0.014063 0.017188
0 0.550000 0.157812 0.028125 0.015625
0 0.538281 0.226562 0.020313 0.037500
0 0.592969 0.221875 0.023438 0.021875
0 0.600781 0.251563 0.014063 0.012500
0 0.540625 0.332813 0.034375 0.031250
0 0.553125 0.364844 0.012500 0.014063
0 0.635156 0.289062 0.010937 0.009375
0 0.628125 0.271875 0.012500 0.009375
0 0.596094 0.181250 0.026562 0.034375
