0 0.215820 0.281250 0.029297 0.031250
0 0.213867 0.326172 0.021484 0.019531
0 0.194336 0.712891 0.033203 0.027344
0 0.179688 0.050781 0.015625 0.015625
0 0.385742 0.541992 0.025391 0.021484
0 0.421875 0.523438 0.027344 0.027344
0 0.352539 0.829102 0.017578 0.017578
0 0.141602 0.364258 0.009766 0.021484
0 0.269531 0.816406 0.015625 0.011719
0 0.154297 0.303711 0.011719 0.013672
0 0.903320 0.971680 0.029297 0.029297
0 0.931641 0.956055 0.007812 0.013672
0 0.398438 0.638672 0.046875 0.042969
0 0.425781 0.602539 0.011719 0.005859
0 0.423828 0.565430 0.019531 0.005859
0 0.269531 0.782227 0.019531 0.021484
0 0.271484 0.852539 0.027344 0.017578
0 0.183594 0.314453 0.019531 0.015625
0 0.587891 0.231445 0.019531 0.029297
0 0.342773 0.748047 0.013672 0.031250
0 0.338867 0.690430 0.041016 0.017578
0 0.337891 0.565430 0.039062 0.029297
0 0.187500 0.615234 0.023438 0.023438
0 0.705078 0.894531 0.023438 0.023438
0 0.736328 0.892578 0.011719 0.019531
0 0.643555 0.403320 0.017578 0.013672
0 0.655273 0.350586 0.029297 0.025391
0 0.224609 0.110352 0.011719 0.013672
0 0.823242 0.893555 0.029297 0.033203
0 0.781250 0.898438 0.027344 0.015625
