0 0.157227 0.554688 0.013672 0.019531
0 0.157227 0.528320 0.013672 0.009766
0 0.355469 0.817383 0.035156 0.037109
0 0.319336 0.824219 0.017578 0.035156
0 0.212891 0.367188 0.031250 0.027344
0 0.462891 0.671875 0.023438 0.031250
0 0.507812 0.735352 0.019531 0.009766
0 0.239258 0.303711 0.013672 0.009766
0 0.422852 0.728516 0.017578 0.011719
0 0.789062 0.659180 0.015625 0.017578
0 0.571289 0.393555 0.009766 0.017578
0 0.576172 0.439453 0.015625 0.011719
0 0.809570 0.617188 0.044922 0.046875
0 0.515625 0.611328 0.023438 0.027344
0 0.559570 0.616211 0.033203 0.029297
0 0.669922 0.613281 0.019531 0.019531
0 0.678711 0.549805 0.013672 0.013672
0 0.209961 0.704102 0.021484 0.017578
0 0.167969 0.665039 0.027344 0.033203
0 0.173828 0.501953 0.023438 0.023438
0 0.287109 0.412109 0.015625 0.015625
0 0.262695 0.486328 0.017578 0.023438
0 0.180664 0.313477 0.033203 0.037109
0 0.459961 0.778320 0.017578 0.017578
0 0.558594 0.686523 0.011719 0.025391
0 0.556641 0.647461 0.011719 0.013672
0 0.247070 0.259766 0.033203 0.027344
0 0.774414 0.770508 0.021484 0.021484
0 0.660156 0.394531 0.031250 0.035156
0 0.671875 0.440430 0.027344 0.025391
