0 0.412109 0.337891 0.031250 0.070312
0 0.460938 0.512695 0.011719 0.005859
0 0.437500 0.518555 0.015625 0.021484
0 0.172852 0.586914 0.017578 0.017578
0 0.134766 0.569336 0.007812 0.013672
0 0.176758 0.523438 0.017578 0.015625
0 0.443359 0.781250 0.015625 0.007812
0 0.407227 0.803711 0.037109 0.025391
0 0.112305 0.411133 0.025391 0.025391
0 0.091797 0.441406 0.015625 0.011719
0 0.212891 0.838867 0.031250 0.041016
0 0.161133 0.832031 0.021484 0.019531
0 0.502930 0.427734 0.017578 0.023438
0 0.526367 0.411133 0.013672 0.029297
0 0.391602 0.680664 0.041016 0.033203
0 0.428711 0.661133 0.017578 0.013672
0 0.083008 0.973633 0.017578 0.021484
0 0.454102 0.952148 0.017578 0.017578
0 0.107422 0.489258 0.027344 0.029297
0 0.629883 0.517578 0.009766 0.015625
0 0.610352 0.514648 0.013672 0.013672
0 0.208984 0.914062 0.035156 0.035156
0 0.491211 0.469727 0.021484 0.017578
0 0.524414 0.470703 0.017578 0.023438
0 0.408203 0.586914 0.039062 0.021484
0 0.375000 0.573242 0.011719 0.005859
0 0.119141 0.785156 0.019531 0.023438
0 0.053711 0.780273 0.029297 0.033203
0 0.332031 0.774414 0.035156 0.021484
0 0.336914 0.673828 0.048828 0.046875
0 0.298828 0.676758 0.011719 0.013672
