0 0.814453 0.795898 0.035156 0.029297
0 0.783203 0.830078 0.011719 0.015625
0 0.871094 0.749023 0.023438 0.029297
0 0.470703 0.805664 0.031250 0.033203
0 0.689453 0.698242 0.031250 0.013672
0 0.730469 0.705078 0.019531 0.023438
0 0.584961 0.611328 0.021484 0.023438
0 0.652344 0.626953 0.027344 0.031250
0 0.753906 0.753906 0.011719 0.015625
0 0.698242 0.741211 0.025391 0.029297
0 0.814453 0.619141 0.039062 0.031250
0 0.578125 0.699219 0.035156 0.031250
0 0.707031 0.816406 0.035156 0.039062
0 0.751953 0.801758 0.019531 0.017578
0 0.584961 0.789062 0.009766 0.011719
0 0.636719 0.828125 0.023438 0.027344
0 0.644531 0.730469 0.015625 0.015625
0 0.621094 0.740234 0.015625 0.011719
0 0.536133 0.741211 0.037109 0.037109
0 0.874023 0.677734 0.017578 0.015625
0 0.539062 0.690430 0.027344 0.037109
0 0.539062 0.642578 0.011719 0.011719
0 0.755859 0.649414 0.019531 0.017578
