0 0.386187 0.348748 0.033074 0.042389
0 0.192607 0.274566 0.011673 0.025048
0 0.307393 0.115607 0.011673 0.015414
0 0.291829 0.236031 0.011673 0.005780
0 0.325875 0.272640 0.036965 0.028902
0 0.178016 0.497110 0.017510 0.015414
0 0.165370 0.427746 0.035019 0.038536
0 0.409533 0.143545 0.021401 0.032755
0 0.393969 0.102119 0.017510 0.015414
0 0.305447 0.458574 0.038911 0.034682
0 0.167315 0.137765 0.042802 0.040462
0 0.262646 0.419075 0.019455 0.025048
0 0.323930 0.342967 0.036965 0.026975
0 0.321984 0.313102 0.033074 0.013487
0 0.243191 0.129094 0.019455 0.019268
0 0.385214 0.213873 0.019455 0.023121
0 0.223735 0.201349 0.019455 0.028902
0 0.257782 0.256262 0.029183 0.015414
0 0.165370 0.377649 0.038911 0.034682
0 0.199416 0.313102 0.017510 0.025048
0 0.392996 0.467245 0.038911 0.028902
0 0.400778 0.419075 0.035019 0.036609
0 0.243191 0.377649 0.027237 0.023121
0 0.259728 0.339114 0.033074 0.034682
