0 0.436719 0.089844 0.007812 0.017188
0 0.027344 0.314063 0.035937 0.028125
0 0.262500 0.629687 0.028125 0.031250
0 0.193750 0.148438 0.021875 0.021875
0 0.203906 0.096094 0.023438 0.035937
0 0.725000 0.833594 0.021875 0.032813
0 0.737500 0.797656 0.015625 0.010937
0 0.028125 0.103906 0.040625 0.032813
0 0.589063 0.514844 0.043750 0.035937
0 0.642969 0.506250 0.032813 0.018750
0 0.296875 0.825000 0.028125 0.034375
0 0.289844 0.770312 0.010937 0.015625
0 0.199219 0.292969 0.032813 0.032813
0 0.207031 0.334375 0.023438 0.028125
0 0.266406 0.777344 0.017188 0.029687
0 0.257031 0.837500 0.023438 0.021875
0 0.353906 0.660937 0.020313 0.037500
0 0.457031 0.917969 0.042188 0.035937
0 0.353906 0.443750 0.010937 0.018750
0 0.225781 0.514062 0.023438 0.040625
0 0.229687 0.558594 0.015625 0.014063
0 0.587500 0.668750 0.021875 0.025000
0 0.417187 0.071875 0.012500 0.018750
0 0.675781 0.850781 0.020313 0.017188
0 0.328906 0.614844 0.032813 0.032813
0 0.534375 0.746094 0.018750 0.039062
0 0.638281 0.896094 0.029687 0.029687
0 0.129688 0.194531 0.018750 0.010937
0 0.135156 0.164844 0.023438 0.020313
0 0.674219 0.713281 0.026562 0.026562
0 0.679688 0.761719 0.021875 0.014063
