0 0.615625 0.521094 0.031250 0.014063
0 0.378906 0.856250 0.042188 0.037500
0 0.324219 0.860156 0.010937 0.020313
0 0.804688 0.470313 0.037500 0.028125
0 0.614844 0.293750 0.017188 0.018750
0 0.587500 0.319531 0.018750 0.029687
0 0.577344 0.857031 0.035937 0.035937
0 0.525000 0.853906 0.015625 0.017188
0 0.581250 0.138281 0.018750 0.007812
0 0.714063 0.498437 0.028125 0.021875
0 0.892188 0.628125 0.037500 0.031250
0 0.258594 0.276562 0.032813 0.034375
0 0.884375 0.752344 0.028125 0.039062
0 0.902344 0.706250 0.014063 0.012500
0 0.343750 0.337500 0.034375 0.031250
0 0.372656 0.389062 0.026562 0.028125
0 0.314844 0.402344 0.014063 0.010937
0 0.234375 0.941406 0.015625 0.020313
0 0.335156 0.891406 0.023438 0.020313
0 0.364063 0.900781 0.015625 0.014063
0 0.651563 0.726562 0.018750 0.040625
0 0.600781 0.697656 0.029687 0.020313
0 0.493750 0.971875 0.037500 0.034375
0 0.378125 0.973437 0.028125 0.021875
0 0.339844 0.969531 0.035937 0.035937
0 0.807813 0.752344 0.040625 0.032813
0 0.807813 0.690625 0.018750 0.015625
0 0.473438 0.894531 0.025000 0.029687
0 0.414062 0.903125 0.012500 0.012500
0 0.215625 0.199219 0.028125 0.029687
