0 0.877930 0.648438 0.013672 0.019531
0 0.405273 0.661133 0.009766 0.017578
0 0.932617 0.653320 0.013672 0.013672
0 0.930664 0.769531 0.025391 0.027344
0 0.935547 0.797852 0.015625 0.005859
0 0.519531 0.430664 0.031250 0.025391
0 0.469727 0.403320 0.021484 0.025391
0 0.931641 0.596680 0.011719 0.009766
0 0.404297 0.376953 0.019531 0.011719
0 0.899414 0.709961 0.017578 0.021484
0 0.903320 0.733398 0.017578 0.009766
0 0.466797 0.197266 0.019531 0.011719
0 0.505859 0.192383 0.015625 0.009766
0 0.573242 0.278320 0.041016 0.033203
0 0.289062 0.355469 0.039062 0.046875
0 0.250000 0.655273 0.031250 0.017578
0 0.227539 0.614258 0.021484 0.017578
0 0.515625 0.701172 0.019531 0.015625
0 0.547852 0.703125 0.013672 0.011719
0 0.529297 0.675781 0.019531 0.011719
0 0.232422 0.383789 0.007812 0.025391
0 0.249023 0.374023 0.009766 0.025391
0 0.458008 0.697266 0.017578 0.019531
0 0.406250 0.689453 0.015625 0.007812
0 0.349609 0.541016 0.039062 0.035156
0 0.302734 0.569336 0.015625 0.013672
0 0.603516 0.216797 0.019531 0.019531
0 0.304688 0.181641 0.023438 0.023438
0 0.269531 0.196289 0.011719 0.025391
0 0.301758 0.653320 0.017578 0.009766
