0 0.107422 0.201172 0.019531 0.023438
0 0.363281 0.204102 0.019531 0.029297
0 0.064453 0.197266 0.015625 0.011719
0 0.057617 0.175781 0.017578 0.015625
0 0.356445 0.729492 0.009766 0.013672
0 0.376953 0.734375 0.007812 0.015625
0 0.134766 0.335938 0.042969 0.027344
0 0.232422 0.229492 0.007812 0.013672
0 0.282227 0.238281 0.037109 0.035156
0 0.435547 0.205078 0.015625 0.023438
0 0.449219 0.242188 0.031250 0.027344
0 0.083984 0.051758 0.019531 0.017578
0 0.084961 0.148438 0.021484 0.027344
0 0.032227 0.203125 0.013672 0.019531
0 0.329102 0.659180 0.021484 0.025391
0 0.275391 0.733398 0.011719 0.021484
0 0.110352 0.105469 0.025391 0.031250
0 0.036133 0.051758 0.021484 0.025391
0 0.463867 0.295898 0.037109 0.033203
0 0.523438 0.298828 0.023438 0.042969
0 0.250977 0.708008 0.021484 0.017578
0 0.291992 0.704102 0.013672 0.009766
0 0.078125 0.106445 0.011719 0.013672
0 0.188477 0.498047 0.033203 0.027344
0 0.239258 0.505859 0.037109 0.027344
0 0.275391 0.541992 0.015625 0.025391
0 0.239258 0.564453 0.025391 0.027344
0 0.115234 0.639648 0.019531 0.021484
0 0.170898 0.645508 0.013672 0.017578
0 0.207031 0.619141 0.015625 0.011719
