0 0.504823 0.246914 0.012862 0.024691
0 0.331190 0.740741 0.012862 0.037037
0 0.376206 0.802469 0.012862 0.037037
0 0.331190 0.413580 0.019293 0.024691
0 0.363344 0.425926 0.019293 0.037037
0 0.336013 0.555556 0.022508 0.049383
0 0.369775 0.518519 0.012862 0.024691
0 0.353698 0.685185 0.012862 0.024691
0 0.411576 0.216049 0.019293 0.037037
0 0.234727 0.759259 0.012862 0.024691
0 0.446945 0.632716 0.025723 0.043210
0 0.408360 0.691358 0.012862 0.024691
0 0.411576 0.462963 0.012862 0.024691
0 0.453376 0.401235 0.012862 0.024691
0 0.382637 0.283951 0.012862 0.037037
0 0.340836 0.287037 0.012862 0.030864
0 0.273312 0.697531 0.012862 0.024691
0 0.453376 0.277778 0.012862 0.024691
0 0.170418 0.728395 0.025723 0.037037
0 0.157556 0.796296 0.012862 0.024691
0 0.524116 0.175926 0.012862 0.018519
0 0.530547 0.293210 0.012862 0.018519
0 0.212219 0.441358 0.012862 0.030864
0 0.173633 0.413580 0.012862 0.024691
0 0.279743 0.182099 0.012862 0.030864
0 0.241158 0.549383 0.019293 0.024691
0 0.273312 0.558642 0.012862 0.018519
0 0.372990 0.216049 0.012862 0.037037
0 0.324759 0.209877 0.012862 0.024691
0 0.241158 0.462963 0.012862 0.037037
