0 0.853516 0.089844 0.015625 0.039062
0 0.020508 0.954102 0.041016 0.091797
0 0.783203 0.164062 0.097656 0.203125
0 0.641602 0.337891 0.044922 0.039062
0 0.510742 0.144531 0.017578 0.023438
0 0.531250 0.098633 0.019531 0.029297
0 0.538086 0.151367 0.013672 0.009766
0 0.723633 0.413086 0.017578 0.025391
0 0.704102 0.267578 0.041016 0.039062
0 0.760742 0.466797 0.025391 0.039062
0 0.787109 0.483398 0.007812 0.013672
0 0.476562 0.297852 0.027344 0.033203
0 0.484375 0.260742 0.011719 0.017578
0 0.153320 0.729492 0.033203 0.041016
0 0.138672 0.437500 0.035156 0.042969
0 0.503906 0.421875 0.019531 0.019531
0 0.697266 0.506836 0.031250 0.037109
0 0.700195 0.568359 0.017578 0.015625
0 0.752930 0.289062 0.037109 0.031250
0 0.630859 0.444336 0.027344 0.025391
0 0.408203 0.268555 0.011719 0.013672
0 0.161133 0.254883 0.017578 0.021484
0 0.117188 0.251953 0.023438 0.027344
0 0.504883 0.190430 0.021484 0.029297
0 0.508789 0.238281 0.013672 0.007812
0 0.613281 0.520508 0.035156 0.037109
0 0.648438 0.563477 0.019531 0.021484
0 0.088867 0.755859 0.029297 0.031250
0 0.092773 0.715820 0.017578 0.021484
0 0.536133 0.038086 0.029297 0.029297
0 0.409180 0.077148 0.025391 0.021484
0 0.372070 0.088867 0.017578 0.013672
0 0.762695 0.375000 0.021484 0.023438
