0 0.624023 0.231445 0.041016 0.072266
0 0.582031 0.802734 0.019531 0.007812
0 0.453125 0.683594 0.031250 0.015625
0 0.215820 0.764648 0.017578 0.017578
0 0.251953 0.767578 0.035156 0.039062
0 0.395508 0.802734 0.025391 0.027344
0 0.464844 0.984375 0.019531 0.007812
0 0.613281 0.834961 0.031250 0.029297
0 0.845703 0.291016 0.015625 0.011719
0 0.310547 0.965820 0.027344 0.029297
0 0.347656 0.955078 0.019531 0.019531
0 0.876953 0.384766 0.015625 0.019531
0 0.869141 0.411133 0.015625 0.009766
0 0.607422 0.767578 0.027344 0.019531
0 0.724609 0.789062 0.031250 0.031250
0 0.675781 0.775391 0.031250 0.031250
0 0.845703 0.260742 0.019531 0.017578
0 0.896484 0.213867 0.015625 0.005859
0 0.196289 0.803711 0.037109 0.025391
0 0.300781 0.808594 0.019531 0.015625
0 0.819336 0.385742 0.017578 0.013672
0 0.819336 0.306641 0.017578 0.015625
0 0.818359 0.333984 0.019531 0.023438
0 0.202148 0.673828 0.013672 0.019531
0 0.527344 0.719727 0.019531 0.021484
0 0.561523 0.725586 0.033203 0.041016
0 0.849609 0.392578 0.015625 0.007812
0 0.841797 0.371094 0.011719 0.011719
0 0.871094 0.293945 0.011719 0.025391
0 0.872070 0.334961 0.017578 0.017578
0 0.460938 0.765625 0.042969 0.039062
