0 0.663086 0.218750 0.013672 0.011719
0 0.201172 0.595703 0.023438 0.027344
0 0.296875 0.526367 0.015625 0.017578
0 0.259766 0.530273 0.011719 0.017578
0 0.802734 0.868164 0.027344 0.041016
0 0.806641 0.204102 0.023438 0.017578
0 0.910156 0.274414 0.023438 0.025391
0 0.494141 0.643555 0.035156 0.033203
0 0.807617 0.625000 0.037109 0.035156
0 0.803711 0.674805 0.017578 0.017578
0 0.429688 0.715820 0.023438 0.037109
0 0.393555 0.725586 0.021484 0.025391
0 0.807617 0.245117 0.025391 0.021484
0 0.841797 0.242188 0.015625 0.015625
0 0.762695 0.876953 0.029297 0.031250
0 0.394531 0.621094 0.039062 0.035156
0 0.425781 0.630859 0.007812 0.015625
0 0.537109 0.182617 0.023438 0.021484
0 0.479492 0.178711 0.021484 0.037109
0 0.419922 0.407227 0.015625 0.021484
0 0.740234 0.914062 0.015625 0.015625
0 0.857422 0.773438 0.015625 0.007812
0 0.853516 0.819336 0.039062 0.041016
0 0.415039 0.189453 0.033203 0.019531
0 0.401367 0.221680 0.013672 0.009766
0 0.481445 0.706055 0.033203 0.037109
0 0.564453 0.492188 0.011719 0.019531
0 0.535156 0.494141 0.031250 0.031250
0 0.698242 0.245117 0.021484 0.013672
0 0.384766 0.519531 0.035156 0.039062
