0 0.468750 0.861188 0.007812 0.006906
0 0.655859 0.901243 0.008594 0.017956
0 0.680078 0.821133 0.013281 0.017956
0 0.610938 0.940608 0.010937 0.016575
0 0.691016 0.939227 0.014844 0.019337
0 0.816797 0.929558 0.007031 0.013812
0 0.306641 0.958564 0.011719 0.019337
0 0.797656 0.946133 0.004687 0.016575
0 0.675391 0.945442 0.008594 0.015193
0 0.604297 0.886740 0.007031 0.008287
0 0.617969 0.887431 0.006250 0.009669
0 0.541797 0.868094 0.008594 0.006906
0 0.424609 0.868785 0.010156 0.008287
0 0.698047 0.901243 0.007031 0.012431
0 0.641016 0.958564 0.011719 0.019337
0 0.355469 0.839779 0.004687 0.013812
0 0.803906 0.916436 0.006250 0.009669
0 0.720313 0.915055 0.009375 0.015193
0 0.455859 0.878453 0.007031 0.008287
0 0.541016 0.819751 0.011719 0.017956
0 0.506641 0.819061 0.017969 0.016575
0 0.685547 0.915055 0.008594 0.012431
0 0.673047 0.914365 0.008594 0.013812
0 0.368359 0.904006 0.005469 0.012431
0 0.407422 0.878453 0.008594 0.008287
0 0.750000 0.916436 0.003125 0.012431
0 0.373437 0.959945 0.007812 0.019337
0 0.362109 0.962707 0.007031 0.013812
0 0.440625 0.868094 0.006250 0.006906
0 0.536328 0.965470 0.010156 0.008287
