0 0.573003 0.683333 0.011019 0.016667
0 0.187328 0.841667 0.011019 0.016667
0 0.187328 0.783333 0.016529 0.025000
0 0.228650 0.479167 0.011019 0.016667
0 0.247934 0.414583 0.011019 0.020833
0 0.533058 0.633333 0.019284 0.016667
0 0.573003 0.581250 0.027548 0.029167
0 0.611570 0.554167 0.011019 0.025000
0 0.578512 0.543750 0.011019 0.012500
0 0.661157 0.654167 0.011019 0.016667
0 0.683196 0.593750 0.011019 0.020833
0 0.787879 0.514583 0.011019 0.020833
0 0.764463 0.529167 0.013774 0.033333
0 0.340220 0.522917 0.024793 0.029167
0 0.303030 0.518750 0.016529 0.029167
0 0.119835 0.481250 0.024793 0.029167
0 0.126722 0.408333 0.016529 0.025000
0 0.681818 0.358333 0.013774 0.025000
0 0.179063 0.543750 0.027548 0.037500
0 0.183196 0.600000 0.030303 0.041667
0 0.659780 0.493750 0.024793 0.020833
0 0.628099 0.477083 0.011019 0.020833
0 0.110193 0.827083 0.011019 0.020833
0 0.272727 0.487500 0.011019 0.016667
0 0.126722 0.708333 0.011019 0.025000
0 0.129477 0.643750 0.011019 0.020833
0 0.523416 0.422917 0.011019 0.012500
0 0.220386 0.795833 0.011019 0.016667
0 0.246556 0.847917 0.024793 0.037500
0 0.501377 0.543750 0.016529 0.012500
