0 0.844560 0.857422 0.017271 0.035156
0 0.443869 0.497070 0.010363 0.021484
0 0.497409 0.512695 0.013817 0.017578
0 0.174439 0.666016 0.024180 0.027344
0 0.176166 0.632812 0.013817 0.011719
0 0.177029 0.714844 0.012090 0.027344
0 0.314335 0.582031 0.013817 0.023438
0 0.151986 0.613281 0.020725 0.023438
0 0.201209 0.631836 0.012090 0.017578
0 0.445596 0.572266 0.006908 0.015625
0 0.776339 0.732422 0.012090 0.023438
0 0.768566 0.771484 0.034542 0.031250
0 0.512953 0.745117 0.020725 0.025391
0 0.721071 0.845703 0.015544 0.035156
0 0.715889 0.656250 0.012090 0.039062
0 0.563040 0.324219 0.006908 0.015625
0 0.556131 0.498047 0.017271 0.011719
0 0.589810 0.459961 0.029361 0.017578
0 0.469775 0.395508 0.013817 0.041016
0 0.408463 0.394531 0.012090 0.035156
0 0.825561 0.622070 0.024180 0.033203
0 0.830743 0.678711 0.027634 0.033203
0 0.109672 0.596680 0.029361 0.029297
0 0.422280 0.847656 0.022453 0.023438
0 0.072539 0.420898 0.017271 0.013672
0 0.078584 0.446289 0.022453 0.013672
0 0.352332 0.784180 0.013817 0.013672
0 0.381693 0.817383 0.034542 0.021484
0 0.104491 0.675781 0.022453 0.023438
0 0.108808 0.644531 0.031088 0.019531
