0 0.891602 0.742188 0.212891 0.398438
0 0.272461 0.530273 0.017578 0.017578
0 0.872070 0.477539 0.029297 0.013672
0 0.878906 0.509766 0.015625 0.027344
0 0.166992 0.524414 0.009766 0.013672
0 0.230469 0.528320 0.015625 0.013672
0 0.231445 0.480469 0.041016 0.039062
0 0.896484 0.434570 0.019531 0.013672
0 0.839844 0.458008 0.019531 0.013672
0 0.842773 0.426758 0.029297 0.029297
0 0.837891 0.493164 0.015625 0.013672
0 0.400391 0.694336 0.042969 0.033203
0 0.353516 0.713867 0.015625 0.025391
0 0.110352 0.605469 0.033203 0.031250
0 0.154297 0.619141 0.039062 0.039062
0 0.387695 0.417969 0.037109 0.031250
0 0.376953 0.383789 0.035156 0.021484
0 0.189453 0.430664 0.031250 0.029297
0 0.238281 0.427734 0.035156 0.031250
0 0.226562 0.574219 0.027344 0.039062
0 0.195312 0.594727 0.015625 0.021484
0 0.814453 0.443359 0.011719 0.015625
0 0.901367 0.492188 0.009766 0.015625
0 0.905273 0.522461 0.021484 0.013672
0 0.277344 0.599609 0.011719 0.019531
0 0.324219 0.592773 0.023438 0.041016
0 0.285156 0.681641 0.054688 0.054688
0 0.807617 0.514648 0.013672 0.017578
0 0.813477 0.480469 0.013672 0.015625
0 0.318359 0.388672 0.042969 0.031250
0 0.281250 0.446289 0.011719 0.009766
