0 0.241211 0.873047 0.021484 0.015625
0 0.240234 0.849609 0.011719 0.015625
0 0.384766 0.739258 0.027344 0.033203
0 0.386719 0.690430 0.019531 0.025391
0 0.218750 0.820312 0.019531 0.007812
0 0.263672 0.684570 0.015625 0.029297
0 0.856445 0.635742 0.013672 0.013672
0 0.844727 0.601562 0.017578 0.035156
0 0.680664 0.704102 0.013672 0.013672
0 0.706055 0.698242 0.013672 0.017578
0 0.268555 0.811523 0.017578 0.013672
0 0.844727 0.367188 0.021484 0.019531
0 0.836914 0.436523 0.017578 0.009766
0 0.217773 0.775391 0.009766 0.015625
0 0.216797 0.750977 0.019531 0.009766
0 0.310547 0.733398 0.011719 0.009766
0 0.299805 0.401367 0.017578 0.037109
0 0.286133 0.759766 0.009766 0.019531
0 0.574219 0.350586 0.031250 0.037109
0 0.875977 0.697266 0.021484 0.019531
0 0.911133 0.694336 0.013672 0.021484
0 0.882812 0.645508 0.019531 0.013672
0 0.501953 0.311523 0.011719 0.009766
0 0.481445 0.530273 0.025391 0.033203
0 0.306641 0.464844 0.035156 0.023438
0 0.803711 0.423828 0.009766 0.019531
0 0.539062 0.363281 0.023438 0.027344
0 0.548828 0.303711 0.015625 0.013672
0 0.838867 0.661133 0.017578 0.017578
0 0.838867 0.278320 0.017578 0.017578
