0 0.646484 0.099609 0.031250 0.023438
0 0.351562 0.212891 0.019531 0.019531
0 0.353516 0.184570 0.015625 0.013672
0 0.631836 0.472656 0.013672 0.015625
0 0.682617 0.433594 0.033203 0.023438
0 0.494141 0.086914 0.007812 0.017578
0 0.793945 0.088867 0.025391 0.021484
0 0.845703 0.084961 0.007812 0.013672
0 0.642578 0.583984 0.027344 0.015625
0 0.674805 0.583984 0.013672 0.011719
0 0.925781 0.690430 0.039062 0.037109
0 0.892578 0.645508 0.011719 0.021484
0 0.471680 0.145508 0.041016 0.021484
0 0.733398 0.459961 0.041016 0.029297
0 0.554688 0.196289 0.027344 0.021484
0 0.522461 0.200195 0.013672 0.017578
0 0.816406 0.131836 0.019531 0.033203
0 0.793945 0.127930 0.009766 0.013672
0 0.535156 0.848633 0.027344 0.021484
0 0.945312 0.436523 0.023438 0.029297
0 0.729492 0.138672 0.029297 0.011719
0 0.672852 0.133789 0.029297 0.025391
0 0.395508 0.092773 0.013672 0.021484
0 0.409180 0.615234 0.017578 0.031250
0 0.402344 0.664062 0.011719 0.019531
0 0.472656 0.261719 0.046875 0.046875
0 0.556641 0.143555 0.031250 0.037109
0 0.403320 0.252930 0.044922 0.041016
0 0.463867 0.083984 0.017578 0.023438
0 0.405273 0.716797 0.013672 0.007812
