0 0.378906 0.773438 0.019531 0.015625
0 0.349609 0.772461 0.011719 0.013672
0 0.097656 0.774414 0.011719 0.013672
0 0.475586 0.811523 0.021484 0.017578
0 0.503906 0.812500 0.011719 0.015625
0 0.243164 0.693359 0.013672 0.019531
0 0.193359 0.711914 0.015625 0.025391
0 0.316406 0.774414 0.015625 0.013672
0 0.647461 0.810547 0.044922 0.035156
0 0.236328 0.821289 0.035156 0.025391
0 0.188477 0.824219 0.029297 0.007812
0 0.179688 0.802734 0.019531 0.019531
0 0.865234 0.637695 0.031250 0.041016
0 0.824219 0.633789 0.031250 0.029297
0 0.136719 0.763672 0.023438 0.023438
0 0.160156 0.770508 0.007812 0.017578
0 0.240234 0.773438 0.023438 0.023438
0 0.627930 0.976562 0.013672 0.007812
0 0.437500 0.795898 0.015625 0.005859
0 0.881836 0.675781 0.021484 0.015625
0 0.826172 0.682617 0.019531 0.021484
0 0.309570 0.811523 0.009766 0.017578
0 0.754883 0.689453 0.009766 0.019531
0 0.787109 0.685547 0.019531 0.015625
0 0.627930 0.629883 0.025391 0.025391
0 0.194336 0.669922 0.037109 0.039062
0 0.278320 0.750977 0.037109 0.017578
0 0.314453 0.747070 0.019531 0.021484
0 0.414062 0.774414 0.019531 0.013672
0 0.634766 0.913086 0.011719 0.013672
