0 0.233398 0.718750 0.041016 0.042969
0 0.284180 0.339844 0.033203 0.023438
0 0.297852 0.297852 0.041016 0.025391
0 0.178711 0.765625 0.009766 0.015625
0 0.177734 0.791992 0.023438 0.021484
0 0.270508 0.767578 0.029297 0.023438
0 0.298828 0.777344 0.007812 0.015625
0 0.614258 0.910156 0.013672 0.015625
0 0.587891 0.886719 0.019531 0.019531
0 0.550781 0.850586 0.019531 0.025391
0 0.123047 0.727539 0.019531 0.017578
0 0.259766 0.482422 0.011719 0.011719
0 0.262695 0.547852 0.021484 0.025391
0 0.411133 0.622070 0.029297 0.021484
0 0.375000 0.601562 0.007812 0.019531
0 0.625000 0.787109 0.023438 0.019531
0 0.730469 0.882812 0.023438 0.023438
0 0.139648 0.520508 0.013672 0.013672
0 0.718750 0.771484 0.015625 0.011719
0 0.734375 0.800781 0.015625 0.007812
0 0.562500 0.790039 0.015625 0.009766
0 0.292969 0.682617 0.019531 0.021484
0 0.345703 0.552734 0.023438 0.031250
0 0.181641 0.869141 0.031250 0.039062
0 0.183594 0.828125 0.015625 0.015625
0 0.615234 0.966797 0.031250 0.031250
0 0.061523 0.677734 0.017578 0.023438
0 0.224609 0.623047 0.046875 0.046875
0 0.272461 0.655273 0.013672 0.009766
0 0.183594 0.709961 0.007812 0.013672
