0 0.698438 0.586719 0.021875 0.029687
0 0.710938 0.546875 0.021875 0.028125
0 0.285156 0.150000 0.032813 0.037500
0 0.428906 0.200000 0.020313 0.015625
0 0.387500 0.196875 0.012500 0.021875
0 0.600781 0.853125 0.007812 0.018750
0 0.617969 0.810156 0.014063 0.023438
0 0.318750 0.219531 0.015625 0.020313
0 0.288281 0.228125 0.032813 0.037500
0 0.628906 0.776563 0.017188 0.015625
0 0.699219 0.173437 0.017188 0.018750
0 0.767969 0.616406 0.026562 0.023438
0 0.486719 0.192188 0.020313 0.015625
0 0.657813 0.435156 0.028125 0.017188
0 0.660937 0.487500 0.015625 0.015625
0 0.694531 0.368750 0.023438 0.021875
0 0.699219 0.337500 0.017188 0.012500
0 0.736719 0.460938 0.014063 0.021875
0 0.392969 0.112500 0.014063 0.018750
0 0.662500 0.732031 0.028125 0.023438
0 0.666406 0.781250 0.020313 0.021875
0 0.738281 0.278906 0.035937 0.045312
0 0.744531 0.318750 0.010937 0.012500
0 0.714063 0.659375 0.028125 0.031250
0 0.318750 0.182812 0.018750 0.018750
0 0.515625 0.146094 0.031250 0.026562
0 0.230469 0.191406 0.014063 0.010937
0 0.716406 0.875000 0.032813 0.031250
0 0.697656 0.814063 0.017188 0.031250
0 0.617188 0.567969 0.031250 0.039062
