0 0.734375 0.413086 0.035156 0.044922
0 0.694336 0.410156 0.009766 0.015625
0 0.616211 0.458984 0.013672 0.031250
0 0.375000 0.568359 0.039062 0.035156
0 0.416016 0.580078 0.023438 0.023438
0 0.671875 0.881836 0.039062 0.037109
0 0.438477 0.740234 0.017578 0.011719
0 0.472656 0.759766 0.019531 0.023438
0 0.272461 0.518555 0.017578 0.013672
0 0.290039 0.487305 0.017578 0.017578
0 0.731445 0.722656 0.037109 0.023438
0 0.693359 0.747070 0.023438 0.017578
0 0.542969 0.502930 0.015625 0.021484
0 0.491211 0.518555 0.025391 0.017578
0 0.706055 0.567383 0.033203 0.033203
0 0.850586 0.458008 0.029297 0.025391
0 0.804688 0.454102 0.039062 0.025391
0 0.492188 0.473633 0.019531 0.017578
0 0.547852 0.468750 0.025391 0.027344
0 0.822266 0.522461 0.042969 0.037109
0 0.859375 0.504883 0.015625 0.009766
0 0.791016 0.741211 0.039062 0.044922
0 0.573242 0.428711 0.029297 0.025391
0 0.535156 0.426758 0.027344 0.017578
0 0.612305 0.728516 0.017578 0.035156
0 0.582031 0.756836 0.019531 0.021484
0 0.586914 0.351562 0.013672 0.015625
0 0.532227 0.347656 0.029297 0.023438
0 0.820312 0.580078 0.031250 0.015625
0 0.785156 0.556641 0.011719 0.019531
