0 0.337891 0.442383 0.007812 0.013672
0 0.666016 0.770508 0.031250 0.044922
0 0.478516 0.025391 0.027344 0.035156
0 0.629883 0.647461 0.017578 0.017578
0 0.579102 0.709961 0.021484 0.009766
0 0.378906 0.376953 0.031250 0.027344
0 0.530273 0.803711 0.021484 0.017578
0 0.573242 0.776367 0.021484 0.021484
0 0.528320 0.752930 0.017578 0.017578
0 0.321289 0.082031 0.025391 0.015625
0 0.850586 0.490234 0.025391 0.015625
0 0.518555 0.151367 0.037109 0.029297
0 0.468750 0.152344 0.031250 0.031250
0 0.156250 0.550781 0.035156 0.015625
0 0.182617 0.523438 0.021484 0.011719
0 0.686523 0.665039 0.025391 0.029297
0 0.655273 0.672852 0.009766 0.017578
0 0.513672 0.094727 0.011719 0.013672
0 0.789062 0.560547 0.039062 0.039062
0 0.414062 0.259766 0.015625 0.011719
0 0.688477 0.542969 0.044922 0.039062
0 0.708984 0.588867 0.015625 0.013672
0 0.378906 0.114258 0.031250 0.029297
0 0.652344 0.061523 0.019531 0.021484
0 0.566406 0.064453 0.031250 0.039062
0 0.346680 0.671875 0.041016 0.042969
0 0.353516 0.065430 0.011719 0.017578
0 0.330078 0.051758 0.011719 0.013672
0 0.355469 0.154297 0.023438 0.023438
0 0.396484 0.161133 0.027344 0.021484
