0 0.809570 0.680352 0.025391 0.041056
0 0.769531 0.697947 0.011719 0.011730
0 0.675781 0.486804 0.019531 0.023460
0 0.703125 0.488270 0.019531 0.020528
0 0.571289 0.568915 0.021484 0.035191
0 0.606445 0.551320 0.021484 0.035191
0 0.636719 0.545455 0.011719 0.011730
0 0.674805 0.551320 0.025391 0.035191
0 0.701172 0.554252 0.007812 0.029326
0 0.287109 0.678886 0.027344 0.026393
0 0.384766 0.712610 0.011719 0.023460
0 0.357422 0.708211 0.007812 0.020528
0 0.650391 0.489736 0.007812 0.017595
0 0.294922 0.636364 0.011719 0.011730
0 0.407227 0.646628 0.013672 0.026393
0 0.375000 0.674487 0.019531 0.023460
0 0.412109 0.705279 0.007812 0.020528
0 0.799805 0.514663 0.013672 0.026393
0 0.775391 0.511730 0.011719 0.014663
0 0.367188 0.642229 0.011719 0.011730
0 0.518555 0.708211 0.017578 0.026393
0 0.546875 0.692082 0.011719 0.011730
0 0.601562 0.633431 0.015625 0.023460
0 0.568359 0.637830 0.007812 0.014663
0 0.623047 0.517595 0.007812 0.008798
0 0.345703 0.675953 0.011719 0.014663
0 0.479492 0.634897 0.009766 0.032258
0 0.504883 0.631965 0.025391 0.038123
0 0.399414 0.609971 0.017578 0.023460
0 0.419922 0.605572 0.007812 0.014663
