0 0.424805 0.339844 0.025391 0.031250
0 0.422852 0.275391 0.017578 0.023438
0 0.434570 0.246094 0.013672 0.015625
0 0.477539 0.183594 0.013672 0.023438
0 0.543945 0.421875 0.025391 0.035156
0 0.495117 0.420898 0.009766 0.021484
0 0.506836 0.388672 0.013672 0.027344
0 0.510742 0.228516 0.021484 0.015625
0 0.458984 0.358398 0.027344 0.029297
0 0.554688 0.265625 0.035156 0.027344
0 0.538086 0.295898 0.009766 0.013672
0 0.495117 0.341797 0.005859 0.011719
0 0.515625 0.354492 0.015625 0.021484
0 0.426758 0.415039 0.025391 0.033203
0 0.472656 0.276367 0.027344 0.021484
0 0.475586 0.245117 0.021484 0.013672
0 0.511719 0.264648 0.011719 0.013672
0 0.565430 0.204102 0.021484 0.017578
0 0.427734 0.211914 0.019531 0.013672
0 0.544922 0.345703 0.027344 0.023438
0 0.465820 0.396484 0.021484 0.027344
