0 0.342773 0.460938 0.029297 0.027344
0 0.375977 0.466797 0.013672 0.015625
0 0.372070 0.391602 0.029297 0.037109
0 0.612305 0.809570 0.017578 0.013672
0 0.639648 0.777344 0.009766 0.015625
0 0.443359 0.382812 0.019531 0.011719
0 0.512695 0.391602 0.029297 0.025391
0 0.580078 0.715820 0.019531 0.021484
0 0.577148 0.759766 0.013672 0.007812
0 0.542969 0.778320 0.019531 0.013672
0 0.541016 0.960938 0.023438 0.035156
0 0.508789 0.718750 0.017578 0.031250
0 0.487305 0.754883 0.009766 0.017578
0 0.137695 0.421875 0.021484 0.019531
0 0.579102 0.932617 0.033203 0.025391
0 0.142578 0.467773 0.039062 0.033203
0 0.615234 0.852539 0.011719 0.009766
0 0.634766 0.895508 0.019531 0.013672
0 0.624023 0.941406 0.041016 0.035156
0 0.415039 0.359375 0.013672 0.027344
0 0.288086 0.384766 0.013672 0.011719
0 0.256836 0.353516 0.009766 0.019531
0 0.512695 0.476562 0.021484 0.011719
0 0.455078 0.465820 0.023438 0.025391
0 0.631836 0.729492 0.017578 0.017578
0 0.616211 0.707031 0.013672 0.011719
0 0.583984 0.874023 0.011719 0.009766
0 0.574219 0.848633 0.023438 0.021484
0 0.503906 0.868164 0.023438 0.025391
0 0.307617 0.464844 0.013672 0.027344
