0 0.400391 0.655273 0.023438 0.009766
0 0.359375 0.663086 0.031250 0.029297
0 0.198242 0.488281 0.029297 0.027344
0 0.201172 0.328125 0.035156 0.035156
0 0.103516 0.477539 0.011719 0.009766
0 0.106445 0.499023 0.021484 0.017578
0 0.198242 0.430664 0.021484 0.041016
0 0.502930 0.793945 0.017578 0.025391
0 0.546875 0.791016 0.019531 0.019531
0 0.709961 0.163086 0.009766 0.013672
0 0.311523 0.708008 0.017578 0.013672
0 0.269531 0.711914 0.031250 0.029297
0 0.486328 0.620117 0.011719 0.013672
0 0.482422 0.598633 0.015625 0.013672
0 0.544922 0.846680 0.011719 0.017578
0 0.497070 0.851562 0.013672 0.015625
0 0.206055 0.697266 0.021484 0.019531
0 0.770508 0.820312 0.029297 0.027344
0 0.703125 0.827148 0.011719 0.005859
0 0.785156 0.175781 0.023438 0.015625
0 0.746094 0.178711 0.031250 0.033203
0 0.228516 0.609375 0.035156 0.031250
0 0.176758 0.619141 0.017578 0.019531
0 0.891602 0.759766 0.013672 0.015625
0 0.698242 0.230469 0.013672 0.011719
0 0.679688 0.221680 0.007812 0.013672
0 0.768555 0.221680 0.009766 0.013672
0 0.731445 0.240234 0.021484 0.015625
0 0.407227 0.750000 0.025391 0.027344
0 0.374023 0.742188 0.021484 0.015625
