0 0.471319 0.713740 0.013384 0.015267
0 0.471319 0.591603 0.021033 0.019084
0 0.461759 0.190840 0.028681 0.041985
0 0.521989 0.192748 0.022945 0.019084
0 0.389101 0.272901 0.032505 0.038168
0 0.598470 0.477099 0.045889 0.034351
0 0.580306 0.430344 0.021033 0.020992
0 0.458891 0.445611 0.026769 0.024809
0 0.479924 0.476145 0.019120 0.017176
0 0.586998 0.287214 0.026769 0.017176
0 0.603250 0.260496 0.017208 0.017176
0 0.424474 0.542939 0.015296 0.024809
0 0.691205 0.260496 0.021033 0.020992
0 0.622371 0.373092 0.024857 0.028626
0 0.433078 0.580153 0.017208 0.019084
0 0.720841 0.604962 0.038241 0.038168
0 0.494264 0.500000 0.017208 0.015267
0 0.497132 0.539122 0.030593 0.032443
0 0.531549 0.397901 0.022945 0.028626
0 0.400574 0.711832 0.021033 0.030534
0 0.501912 0.259542 0.017208 0.015267
0 0.490440 0.374046 0.021033 0.038168
0 0.452199 0.367366 0.024857 0.020992
0 0.658700 0.395038 0.032505 0.034351
0 0.608031 0.413168 0.015296 0.020992
0 0.648184 0.446565 0.015296 0.015267
0 0.644359 0.482824 0.030593 0.030534
0 0.670172 0.209924 0.013384 0.011450
0 0.574570 0.619275 0.043977 0.040076
0 0.364245 0.483779 0.028681 0.017176
