0 0.362305 0.691406 0.013672 0.015625
0 0.496094 0.731445 0.015625 0.013672
0 0.304688 0.288086 0.023438 0.021484
0 0.254883 0.282227 0.044922 0.048828
0 0.566406 0.664062 0.019531 0.027344
0 0.570312 0.599609 0.035156 0.019531
0 0.628906 0.379883 0.035156 0.037109
0 0.593750 0.439453 0.039062 0.042969
0 0.196289 0.250000 0.025391 0.015625
0 0.578125 0.787109 0.027344 0.027344
0 0.530273 0.736328 0.013672 0.019531
0 0.437500 0.440430 0.011719 0.005859
0 0.465820 0.455078 0.025391 0.023438
0 0.281250 0.328125 0.023438 0.019531
0 0.495117 0.464844 0.013672 0.031250
0 0.794922 0.571289 0.023438 0.021484
0 0.400391 0.433594 0.035156 0.039062
0 0.356445 0.457031 0.017578 0.019531
0 0.314453 0.540039 0.023438 0.013672
0 0.304688 0.588867 0.035156 0.009766
0 0.601562 0.511719 0.019531 0.007812
0 0.681641 0.295898 0.039062 0.037109
0 0.905273 0.611328 0.013672 0.019531
0 0.449219 0.662109 0.042969 0.039062
0 0.471680 0.172852 0.017578 0.029297
0 0.916992 0.506836 0.009766 0.025391
0 0.873047 0.526367 0.031250 0.029297
0 0.395508 0.338867 0.037109 0.044922
0 0.460938 0.549805 0.035156 0.033203
0 0.495117 0.588867 0.017578 0.017578
