0 0.526367 0.314453 0.037109 0.023438
0 0.809570 0.680664 0.013672 0.021484
0 0.822266 0.399414 0.011719 0.005859
0 0.203125 0.835938 0.027344 0.027344
0 0.725586 0.778320 0.013672 0.013672
0 0.760742 0.686523 0.009766 0.013672
0 0.408203 0.696289 0.019531 0.017578
0 0.720703 0.456055 0.019531 0.029297
0 0.763672 0.446289 0.027344 0.037109
0 0.416016 0.872070 0.042969 0.044922
0 0.221680 0.666992 0.017578 0.017578
0 0.457031 0.346680 0.027344 0.029297
0 0.282227 0.709961 0.017578 0.017578
0 0.783203 0.688477 0.019531 0.013672
0 0.411133 0.268555 0.021484 0.021484
0 0.435547 0.305664 0.011719 0.009766
0 0.462891 0.576172 0.007812 0.015625
0 0.436523 0.536133 0.017578 0.021484
0 0.804688 0.714844 0.019531 0.019531
0 0.303711 0.765625 0.009766 0.023438
0 0.404297 0.610352 0.031250 0.033203
0 0.425781 0.644531 0.019531 0.015625
0 0.330078 0.313477 0.035156 0.029297
0 0.288086 0.299805 0.017578 0.041016
0 0.727539 0.743164 0.017578 0.021484
0 0.726562 0.826172 0.031250 0.042969
0 0.702148 0.786133 0.009766 0.013672
0 0.629883 0.530273 0.013672 0.021484
0 0.721680 0.395508 0.013672 0.017578
0 0.775391 0.319336 0.019531 0.029297
