0 0.502273 0.664879 0.016667 0.021448
0 0.240152 0.252011 0.016667 0.026810
0 0.761364 0.739946 0.019697 0.042895
0 0.731061 0.722520 0.013636 0.024129
0 0.753788 0.526810 0.019697 0.029491
0 0.784848 0.548257 0.009091 0.013405
0 0.434091 0.630027 0.019697 0.016086
0 0.462121 0.630027 0.018182 0.026810
0 0.753788 0.652815 0.010606 0.024129
0 0.716667 0.690349 0.006061 0.013405
0 0.485606 0.711796 0.022727 0.024129
0 0.506061 0.718499 0.006061 0.021448
0 0.520455 0.591153 0.019697 0.034853
0 0.616667 0.459786 0.021212 0.040214
0 0.500000 0.300268 0.006061 0.016086
0 0.443182 0.290885 0.013636 0.024129
0 0.608333 0.643432 0.016667 0.021448
0 0.559091 0.684987 0.015152 0.029491
0 0.327273 0.597855 0.009091 0.010724
0 0.604545 0.583110 0.009091 0.013405
0 0.562121 0.595174 0.012121 0.026810
0 0.569697 0.238606 0.012121 0.016086
0 0.605303 0.176944 0.007576 0.016086
0 0.198485 0.339142 0.006061 0.008043
0 0.230303 0.365952 0.012121 0.018767
0 0.738636 0.592493 0.016667 0.032172
0 0.765909 0.599196 0.013636 0.013405
0 0.473485 0.375335 0.013636 0.021448
0 0.453030 0.347185 0.006061 0.018767
0 0.584091 0.585791 0.007576 0.024129
