0 0.352344 0.101562 0.042188 0.021875
0 0.486719 0.117188 0.017188 0.018750
0 0.328906 0.411719 0.014063 0.007812
0 0.596094 0.107031 0.032813 0.035937
0 0.554688 0.114844 0.015625 0.017188
0 0.768750 0.215625 0.021875 0.018750
0 0.732812 0.214062 0.009375 0.012500
0 0.849219 0.245312 0.020313 0.021875
0 0.824219 0.246875 0.017188 0.025000
0 0.580469 0.578906 0.010937 0.014063
0 0.710938 0.245312 0.021875 0.025000
0 0.778125 0.245312 0.025000 0.028125
0 0.546094 0.038281 0.023438 0.026562
0 0.613281 0.030469 0.014063 0.010937
0 0.650000 0.100781 0.015625 0.020313
0 0.701562 0.085938 0.025000 0.018750
0 0.500781 0.798438 0.035937 0.025000
0 0.717969 0.306250 0.010937 0.025000
0 0.768750 0.310937 0.015625 0.018750
0 0.207031 0.796094 0.020313 0.017188
0 0.606250 0.217969 0.015625 0.017188
0 0.883594 0.219531 0.026562 0.017188
0 0.821094 0.214844 0.029687 0.014063
0 0.560937 0.216406 0.021875 0.026562
0 0.512500 0.219531 0.031250 0.017188
0 0.457813 0.700000 0.025000 0.034375
0 0.492969 0.710156 0.017188 0.020313
0 0.770312 0.577344 0.028125 0.014063
0 0.812500 0.578125 0.040625 0.028125
0 0.429688 0.535937 0.025000 0.025000
