0 0.592773 0.403320 0.033203 0.037109
0 0.558594 0.393555 0.019531 0.013672
0 0.246094 0.323242 0.019531 0.021484
0 0.708984 0.436523 0.015625 0.013672
0 0.677734 0.473633 0.035156 0.013672
0 0.275391 0.400391 0.023438 0.015625
0 0.422852 0.345703 0.021484 0.023438
0 0.438477 0.475586 0.009766 0.029297
0 0.424805 0.435547 0.029297 0.027344
0 0.571289 0.299805 0.041016 0.041016
0 0.613281 0.328125 0.023438 0.015625
0 0.566406 0.438477 0.023438 0.017578
0 0.544922 0.471680 0.007812 0.013672
0 0.170898 0.454102 0.021484 0.033203
0 0.167969 0.387695 0.031250 0.013672
0 0.776367 0.308594 0.025391 0.031250
0 0.563477 0.650391 0.033203 0.035156
0 0.584961 0.252930 0.025391 0.029297
0 0.623047 0.241211 0.035156 0.037109
0 0.532227 0.574219 0.013672 0.015625
0 0.246094 0.222656 0.023438 0.027344
0 0.248047 0.166016 0.019531 0.019531
0 0.414062 0.534180 0.031250 0.041016
0 0.610352 0.516602 0.021484 0.017578
0 0.572266 0.505859 0.011719 0.019531
0 0.475586 0.668945 0.017578 0.017578
0 0.476562 0.628906 0.015625 0.011719
0 0.483398 0.325195 0.029297 0.037109
0 0.487305 0.287109 0.033203 0.023438
0 0.167969 0.213867 0.035156 0.025391
