0 0.253906 0.858398 0.019531 0.025391
0 0.231445 0.818359 0.021484 0.027344
0 0.415039 0.782227 0.025391 0.017578
0 0.386719 0.764648 0.011719 0.009766
0 0.334961 0.873047 0.017578 0.015625
0 0.152344 0.908203 0.039062 0.027344
0 0.284180 0.568359 0.029297 0.019531
0 0.253906 0.570312 0.011719 0.015625
0 0.391602 0.868164 0.025391 0.025391
0 0.421875 0.863281 0.015625 0.019531
0 0.219727 0.855469 0.021484 0.019531
0 0.191406 0.842773 0.015625 0.025391
0 0.118164 0.570312 0.013672 0.011719
0 0.150391 0.790039 0.046875 0.048828
0 0.266602 0.773438 0.021484 0.027344
0 0.246094 0.603516 0.015625 0.015625
0 0.148438 0.852539 0.023438 0.017578
0 0.124023 0.520508 0.017578 0.009766
0 0.338867 0.514648 0.037109 0.025391
0 0.291016 0.936523 0.011719 0.013672
0 0.263672 0.954102 0.019531 0.017578
0 0.323242 0.776367 0.017578 0.017578
0 0.355469 0.784180 0.019531 0.017578
0 0.195312 0.767578 0.015625 0.015625
0 0.146484 0.728516 0.023438 0.019531
0 0.130859 0.538086 0.015625 0.009766
0 0.212891 0.513672 0.023438 0.015625
0 0.174805 0.514648 0.017578 0.025391
0 0.212891 0.901367 0.031250 0.033203
0 0.140625 0.952148 0.011719 0.009766
