0 0.639399 0.654290 0.013356 0.008251
0 0.487479 0.344884 0.030050 0.019802
0 0.445743 0.434818 0.013356 0.011551
0 0.450751 0.391089 0.010017 0.013201
0 0.267112 0.585809 0.020033 0.036304
0 0.544240 0.554455 0.016694 0.013201
0 0.589316 0.554455 0.023372 0.019802
0 0.528381 0.700495 0.018364 0.021452
0 0.576795 0.670792 0.015025 0.011551
0 0.314691 0.331683 0.031720 0.029703
0 0.481636 0.636139 0.011686 0.014851
0 0.587646 0.585809 0.020033 0.016502
0 0.771285 0.463696 0.036728 0.016502
0 0.772120 0.425743 0.035058 0.036304
0 0.470785 0.594059 0.026711 0.016502
0 0.423205 0.614686 0.018364 0.021452
0 0.149416 0.688944 0.025042 0.028053
0 0.633556 0.634488 0.018364 0.018152
0 0.663606 0.633663 0.028381 0.016502
0 0.461603 0.750000 0.031720 0.024752
0 0.454090 0.686469 0.040067 0.042904
0 0.587646 0.627063 0.010017 0.013201
0 0.712855 0.561056 0.013356 0.013201
0 0.409015 0.287954 0.026711 0.034653
0 0.399833 0.333333 0.035058 0.026403
0 0.637730 0.605611 0.026711 0.023102
0 0.566778 0.415842 0.008347 0.013201
0 0.514190 0.416667 0.026711 0.028053
0 0.546745 0.628713 0.021703 0.016502
0 0.670284 0.577558 0.011686 0.009901
