0 0.782813 0.510156 0.025000 0.035937
0 0.941406 0.792969 0.026562 0.020313
0 0.918750 0.803125 0.006250 0.015625
0 0.723437 0.378906 0.021875 0.032813
0 0.114062 0.850781 0.018750 0.014063
0 0.882031 0.650781 0.029687 0.023438
0 0.607812 0.601562 0.012500 0.015625
0 0.621094 0.564063 0.020313 0.018750
0 0.132031 0.621875 0.010937 0.018750
0 0.263281 0.764844 0.029687 0.032813
0 0.859375 0.805469 0.028125 0.029687
0 0.814063 0.926562 0.040625 0.040625
0 0.258594 0.820312 0.014063 0.012500
0 0.297656 0.804688 0.017188 0.015625
0 0.753125 0.882031 0.012500 0.014063
0 0.621875 0.967187 0.018750 0.034375
0 0.648438 0.768750 0.031250 0.043750
0 0.639844 0.720313 0.017188 0.021875
0 0.829688 0.378125 0.025000 0.025000
0 0.792969 0.453125 0.014063 0.021875
0 0.531250 0.327344 0.031250 0.035937
0 0.400000 0.950000 0.015625 0.028125
0 0.427344 0.964844 0.017188 0.010937
0 0.608594 0.192188 0.026562 0.034375
0 0.814844 0.757031 0.045312 0.045312
0 0.819531 0.710156 0.010937 0.017188
0 0.754687 0.836719 0.015625 0.020313
0 0.729688 0.851562 0.015625 0.012500
0 0.651563 0.624219 0.025000 0.017188
0 0.615625 0.682813 0.015625 0.018750
