0 0.868164 0.317383 0.021484 0.025391
0 0.653320 0.139648 0.029297 0.037109
0 0.485352 0.200195 0.041016 0.041016
0 0.520508 0.197266 0.013672 0.011719
0 0.598633 0.600586 0.033203 0.021484
0 0.566406 0.590820 0.011719 0.017578
0 0.708008 0.408203 0.025391 0.039062
0 0.739258 0.413086 0.021484 0.033203
0 0.708984 0.491211 0.011719 0.005859
0 0.465820 0.580078 0.033203 0.023438
0 0.490234 0.627930 0.007812 0.013672
0 0.706055 0.580078 0.013672 0.023438
0 0.474609 0.250000 0.023438 0.023438
0 0.671875 0.419922 0.015625 0.007812
0 0.637695 0.412109 0.009766 0.015625
0 0.341797 0.325195 0.031250 0.037109
0 0.675781 0.247070 0.019531 0.021484
0 0.671875 0.294922 0.027344 0.031250
0 0.744141 0.619141 0.011719 0.011719
0 0.751953 0.577148 0.019531 0.013672
0 0.584961 0.265625 0.021484 0.035156
0 0.546875 0.245117 0.023438 0.033203
0 0.708984 0.229492 0.019531 0.017578
0 0.730469 0.254883 0.015625 0.013672
0 0.598633 0.199219 0.013672 0.011719
0 0.724609 0.153320 0.035156 0.029297
0 0.469727 0.127930 0.017578 0.009766
0 0.858398 0.378906 0.025391 0.039062
0 0.574219 0.390625 0.031250 0.031250
0 0.760742 0.501953 0.013672 0.019531
