0 0.250583 0.809701 0.009324 0.014925
0 0.416084 0.771455 0.016317 0.016791
0 0.641026 0.750933 0.006993 0.013060
0 0.703380 0.751866 0.010490 0.018657
0 0.372960 0.795709 0.004662 0.013060
0 0.262238 0.770522 0.009324 0.011194
0 0.420746 0.817164 0.009324 0.011194
0 0.294872 0.750000 0.018648 0.018657
0 0.337413 0.749067 0.010490 0.016791
0 0.370629 0.749067 0.009324 0.013060
0 0.554779 0.752799 0.016317 0.016791
0 0.541958 0.791045 0.006993 0.014925
0 0.682984 0.771455 0.011655 0.016791
0 0.664336 0.774254 0.016317 0.014925
0 0.607226 0.767724 0.011655 0.013060
0 0.519231 0.772388 0.012821 0.018657
0 0.358392 0.790112 0.010490 0.016791
0 0.643939 0.791978 0.012821 0.020522
0 0.560606 0.814366 0.009324 0.013060
0 0.698718 0.812500 0.024476 0.020522
