0 0.704102 0.980469 0.044922 0.039062
0 0.960938 0.065430 0.046875 0.123047
0 0.026367 0.305664 0.021484 0.013672
0 0.077148 0.343750 0.009766 0.019531
0 0.072266 0.394531 0.027344 0.023438
0 0.286133 0.432617 0.037109 0.041016
0 0.330078 0.422852 0.023438 0.033203
0 0.118164 0.458984 0.021484 0.019531
0 0.585938 0.615234 0.015625 0.015625
0 0.517578 0.638672 0.015625 0.027344
0 0.553711 0.480469 0.021484 0.011719
0 0.585938 0.475586 0.027344 0.017578
0 0.023438 0.503906 0.039062 0.031250
0 0.018555 0.449219 0.025391 0.031250
0 0.163086 0.509766 0.029297 0.023438
0 0.118164 0.197266 0.013672 0.011719
0 0.105469 0.098633 0.027344 0.037109
0 0.113281 0.148438 0.039062 0.039062
0 0.457031 0.462891 0.042969 0.039062
0 0.384766 0.463867 0.015625 0.017578
0 0.219727 0.431641 0.037109 0.027344
0 0.165039 0.471680 0.017578 0.017578
0 0.264648 0.538086 0.021484 0.025391
0 0.333984 0.567383 0.015625 0.025391
0 0.169922 0.660156 0.031250 0.035156
0 0.114258 0.314453 0.013672 0.011719
0 0.101562 0.403320 0.011719 0.009766
0 0.273438 0.639648 0.027344 0.013672
0 0.443359 0.698242 0.031250 0.021484
0 0.082031 0.520508 0.019531 0.017578
0 0.067383 0.467773 0.037109 0.017578
0 0.163086 0.128906 0.037109 0.042969
