0 0.338281 0.050781 0.023438 0.029687
0 0.426563 0.195312 0.015625 0.015625
0 0.355469 0.578125 0.020313 0.018750
0 0.406250 0.566406 0.021875 0.032813
0 0.473438 0.258594 0.018750 0.017188
0 0.469531 0.232813 0.010937 0.012500
0 0.052344 0.536719 0.026562 0.014063
0 0.096094 0.557813 0.042188 0.040625
0 0.261719 0.770312 0.007812 0.012500
0 0.338281 0.753906 0.023438 0.023438
0 0.392188 0.757812 0.040625 0.037500
0 0.163281 0.604688 0.023438 0.025000
0 0.194531 0.604688 0.010937 0.012500
0 0.239063 0.710156 0.021875 0.023438
0 0.281250 0.699219 0.037500 0.039062
0 0.311719 0.262500 0.014063 0.028125
0 0.499219 0.146094 0.026562 0.017188
0 0.485156 0.110937 0.032813 0.040625
0 0.576562 0.274219 0.015625 0.017188
0 0.403125 0.121875 0.028125 0.025000
0 0.422656 0.065625 0.039062 0.031250
0 0.212500 0.555469 0.018750 0.014063
0 0.504687 0.061719 0.015625 0.007812
0 0.474219 0.035156 0.029687 0.026562
0 0.265625 0.541406 0.028125 0.029687
0 0.300000 0.562500 0.028125 0.031250
0 0.491406 0.192188 0.014063 0.012500
0 0.460938 0.190625 0.018750 0.018750
0 0.536719 0.208594 0.014063 0.026562
0 0.328906 0.205469 0.026562 0.029687
