0 0.094727 0.453125 0.017578 0.019531
0 0.095703 0.402344 0.019531 0.027344
0 0.838867 0.087891 0.025391 0.019531
0 0.798828 0.100586 0.035156 0.029297
0 0.848633 0.190430 0.017578 0.013672
0 0.067383 0.331055 0.021484 0.017578
0 0.071289 0.285156 0.025391 0.027344
0 0.905273 0.144531 0.025391 0.023438
0 0.132812 0.597656 0.015625 0.019531
0 0.835938 0.240234 0.035156 0.031250
0 0.791992 0.241211 0.025391 0.041016
0 0.060547 0.388672 0.011719 0.015625
0 0.070312 0.417969 0.015625 0.027344
0 0.124023 0.159180 0.013672 0.017578
0 0.129883 0.213867 0.017578 0.029297
0 0.093750 0.352539 0.011719 0.013672
0 0.159180 0.226562 0.013672 0.011719
0 0.165039 0.188477 0.029297 0.017578
0 0.740234 0.134766 0.027344 0.031250
0 0.699219 0.157227 0.015625 0.009766
0 0.927734 0.097656 0.039062 0.035156
0 0.152344 0.356445 0.007812 0.017578
0 0.159180 0.279297 0.021484 0.023438
0 0.164062 0.506836 0.023438 0.013672
0 0.161133 0.530273 0.009766 0.013672
0 0.654297 0.145508 0.039062 0.029297
0 0.644531 0.191406 0.019531 0.042969
0 0.757812 0.088867 0.031250 0.037109
0 0.703125 0.083984 0.027344 0.027344
0 0.094727 0.184570 0.017578 0.021484
