0 0.183135 0.203287 0.018739 0.025952
0 0.189097 0.159170 0.027257 0.027682
0 0.281942 0.425606 0.015332 0.017301
0 0.235945 0.530277 0.015332 0.012111
0 0.187394 0.459343 0.023850 0.029412
0 0.204429 0.387543 0.006814 0.013841
0 0.233390 0.410900 0.037479 0.022491
0 0.229983 0.462803 0.020443 0.022491
0 0.278535 0.206747 0.022147 0.029412
0 0.279387 0.159170 0.034072 0.034602
0 0.235094 0.342561 0.037479 0.044983
0 0.229131 0.301038 0.028961 0.010381
0 0.199319 0.330450 0.020443 0.017301
0 0.190801 0.292388 0.027257 0.020761
0 0.316014 0.267301 0.008518 0.019031
0 0.315162 0.527682 0.034072 0.038062
0 0.277683 0.344291 0.017036 0.027682
0 0.319421 0.480104 0.028961 0.025952
0 0.323680 0.147059 0.010221 0.010381
0 0.187394 0.544983 0.023850 0.013841
0 0.281090 0.594291 0.020443 0.015571
0 0.271721 0.538927 0.032368 0.036332
0 0.241908 0.229239 0.013629 0.025952
0 0.228279 0.188581 0.013629 0.013841
