0 0.545881 0.346395 0.026069 0.037618
0 0.803962 0.294671 0.020855 0.031348
0 0.538582 0.271160 0.009385 0.025078
0 0.270073 0.336207 0.010428 0.017241
0 0.241919 0.123041 0.022941 0.036050
0 0.331074 0.215517 0.021898 0.036050
0 0.299270 0.187304 0.022941 0.032915
0 0.805527 0.262539 0.007299 0.014107
0 0.820125 0.253135 0.009385 0.010972
0 0.922836 0.291536 0.008342 0.018809
0 0.637643 0.354232 0.017727 0.028213
0 0.620438 0.393417 0.012513 0.009404
0 0.842544 0.295455 0.029197 0.032915
0 0.873306 0.336207 0.011470 0.014107
0 0.891554 0.326803 0.016684 0.017241
0 0.838373 0.336207 0.020855 0.014107
0 0.459854 0.229624 0.008342 0.014107
0 0.407195 0.189655 0.017727 0.037618
0 0.885297 0.297022 0.016684 0.017241
0 0.355579 0.370690 0.018770 0.029781
0 0.896767 0.362069 0.014599 0.028213
0 0.802398 0.355016 0.021898 0.017241
0 0.807091 0.329154 0.008342 0.018809
0 0.836809 0.357367 0.011470 0.012539
0 0.854015 0.359718 0.008342 0.010972
0 0.668405 0.202978 0.022941 0.039185
0 0.851408 0.261755 0.011470 0.018809
0 0.934307 0.260188 0.008342 0.012539
0 0.921272 0.257837 0.007299 0.014107
0 0.607404 0.300157 0.019812 0.036050
