0 0.258789 0.200195 0.013672 0.021484
0 0.338867 0.509766 0.017578 0.011719
0 0.313477 0.513672 0.013672 0.007812
0 0.760742 0.338867 0.041016 0.029297
0 0.224609 0.467773 0.042969 0.029297
0 0.761719 0.431641 0.039062 0.035156
0 0.682617 0.421875 0.029297 0.027344
0 0.479492 0.409180 0.033203 0.025391
0 0.501953 0.337891 0.046875 0.039062
0 0.294922 0.490234 0.023438 0.023438
0 0.292969 0.118164 0.031250 0.033203
0 0.335938 0.458984 0.015625 0.035156
0 0.347656 0.331055 0.023438 0.025391
0 0.305664 0.460938 0.017578 0.015625
0 0.768555 0.188477 0.013672 0.017578
0 0.342773 0.371094 0.033203 0.023438
0 0.202148 0.540039 0.013672 0.021484
0 0.359375 0.563477 0.011719 0.009766
0 0.251953 0.326172 0.042969 0.042969
0 0.250000 0.389648 0.011719 0.013672
0 0.412109 0.466797 0.031250 0.031250
0 0.336914 0.202148 0.021484 0.021484
0 0.369141 0.176758 0.011719 0.009766
0 0.584961 0.189453 0.021484 0.015625
0 0.297852 0.204102 0.021484 0.021484
0 0.291016 0.241211 0.035156 0.029297
0 0.558594 0.409180 0.011719 0.013672
0 0.431641 0.531250 0.015625 0.015625
0 0.390625 0.383789 0.015625 0.017578
0 0.165039 0.565430 0.033203 0.025391
