0 0.496875 0.212500 0.009375 0.012500
0 0.531250 0.358594 0.009375 0.023438
0 0.659375 0.363281 0.012500 0.014063
0 0.688281 0.353125 0.032813 0.028125
0 0.500000 0.428125 0.034375 0.018750
0 0.497656 0.295312 0.035937 0.037500
0 0.670312 0.441406 0.025000 0.010937
0 0.657813 0.420312 0.018750 0.012500
0 0.566406 0.289844 0.039062 0.039062
0 0.571094 0.255469 0.029687 0.017188
0 0.553125 0.202344 0.043750 0.045312
0 0.634375 0.184375 0.025000 0.025000
0 0.618750 0.223438 0.025000 0.025000
0 0.675000 0.193750 0.012500 0.021875
0 0.625781 0.310937 0.026562 0.012500
0 0.617188 0.291406 0.006250 0.014063
0 0.554688 0.439063 0.031250 0.037500
0 0.560937 0.407031 0.018750 0.010937
0 0.625781 0.363281 0.032813 0.017188
0 0.597656 0.372656 0.007812 0.014063
0 0.504687 0.353906 0.018750 0.014063
0 0.482812 0.369531 0.012500 0.010937
0 0.669531 0.282031 0.023438 0.023438
0 0.608594 0.460938 0.039062 0.031250
