0 0.642578 0.907227 0.027344 0.033203
0 0.582031 0.902344 0.027344 0.023438
0 0.133789 0.609375 0.021484 0.015625
0 0.169922 0.624023 0.027344 0.021484
0 0.861328 0.901367 0.015625 0.017578
0 0.824219 0.927734 0.015625 0.015625
0 0.546875 0.887695 0.015625 0.021484
0 0.574219 0.876953 0.011719 0.011719
0 0.858398 0.864258 0.013672 0.013672
0 0.903320 0.861328 0.013672 0.011719
0 0.578125 0.967773 0.015625 0.013672
0 0.692383 0.881836 0.033203 0.033203
0 0.452148 0.678711 0.017578 0.025391
0 0.499023 0.666016 0.013672 0.011719
0 0.254883 0.736328 0.021484 0.027344
0 0.282227 0.729492 0.017578 0.017578
0 0.690430 0.833984 0.029297 0.023438
0 0.599609 0.778320 0.039062 0.037109
0 0.546875 0.915039 0.019531 0.013672
0 0.480469 0.873047 0.035156 0.035156
0 0.515625 0.878906 0.015625 0.023438
0 0.617188 0.949219 0.027344 0.019531
0 0.155273 0.572266 0.029297 0.039062
0 0.228516 0.643555 0.019531 0.009766
0 0.471680 0.945312 0.033203 0.031250
0 0.369141 0.620117 0.042969 0.044922
0 0.125977 0.759766 0.021484 0.023438
0 0.641602 0.865234 0.029297 0.023438
0 0.184570 0.695312 0.029297 0.039062
0 0.133789 0.687500 0.041016 0.042969
