0 0.024902 0.505766 0.010742 0.026359
0 0.738281 0.950577 0.017578 0.032949
0 0.770508 0.941516 0.011719 0.014827
0 0.050781 0.599671 0.025391 0.023064
0 0.513672 0.761944 0.005859 0.011532
0 0.528809 0.773476 0.014648 0.031301
0 0.026367 0.728171 0.013672 0.029654
0 0.457031 0.966227 0.011719 0.024712
0 0.645508 0.901153 0.017578 0.036244
0 0.624023 0.887150 0.015625 0.018122
0 0.237305 0.735585 0.011719 0.018122
0 0.277344 0.714168 0.015625 0.037891
0 0.481934 0.902801 0.010742 0.019769
0 0.460938 0.789127 0.005859 0.016474
0 0.383789 0.771005 0.023438 0.042834
0 0.242676 0.585667 0.028320 0.044481
0 0.344727 0.706755 0.009766 0.016474
0 0.511230 0.981878 0.020508 0.016474
0 0.426270 0.822076 0.008789 0.009885
0 0.423828 0.851730 0.009766 0.013180
0 0.391113 0.633443 0.010742 0.021417
0 0.334961 0.640857 0.009766 0.009885
0 0.407715 0.917628 0.018555 0.026359
0 0.284668 0.640033 0.020508 0.037891
0 0.554199 0.844316 0.026367 0.041186
0 0.345703 0.548600 0.007812 0.009885
0 0.189453 0.530478 0.017578 0.036244
0 0.140625 0.502471 0.015625 0.023064
0 0.754395 0.841021 0.022461 0.037891
0 0.777832 0.839374 0.008789 0.021417
