0 0.538086 0.310547 0.033203 0.035156
0 0.759766 0.271484 0.023438 0.031250
0 0.711914 0.251953 0.033203 0.027344
0 0.621094 0.658203 0.019531 0.015625
0 0.608398 0.613281 0.017578 0.011719
0 0.631836 0.728516 0.017578 0.011719
0 0.562500 0.693359 0.019531 0.035156
0 0.825195 0.365234 0.048828 0.050781
0 0.707031 0.049805 0.039062 0.025391
0 0.234375 0.412109 0.023438 0.011719
0 0.293945 0.453125 0.021484 0.019531
0 0.264648 0.453125 0.013672 0.019531
0 0.425781 0.522461 0.011719 0.009766
0 0.349609 0.545898 0.011719 0.013672
0 0.500977 0.079102 0.033203 0.041016
0 0.557617 0.104492 0.013672 0.013672
0 0.541992 0.519531 0.017578 0.023438
0 0.666992 0.179688 0.025391 0.035156
0 0.360352 0.519531 0.013672 0.007812
0 0.320312 0.534180 0.015625 0.013672
0 0.230469 0.492188 0.031250 0.031250
0 0.592773 0.587891 0.009766 0.015625
0 0.615234 0.549805 0.027344 0.025391
0 0.511719 0.179688 0.027344 0.035156
0 0.510742 0.132812 0.033203 0.035156
0 0.267578 0.385742 0.023438 0.025391
0 0.177734 0.381836 0.019531 0.013672
0 0.333984 0.500977 0.011719 0.013672
0 0.347656 0.481445 0.011719 0.009766
0 0.472656 0.709961 0.031250 0.041016
