0 0.428711 0.117188 0.025391 0.039062
0 0.397461 0.121094 0.017578 0.015625
0 0.642578 0.895508 0.027344 0.017578
0 0.632812 0.859375 0.039062 0.023438
0 0.364258 0.509766 0.033203 0.039062
0 0.334961 0.563477 0.013672 0.009766
0 0.341797 0.617188 0.023438 0.035156
0 0.223633 0.594727 0.021484 0.021484
0 0.272461 0.613281 0.033203 0.019531
0 0.198242 0.826172 0.021484 0.027344
0 0.265625 0.789062 0.027344 0.027344
0 0.143555 0.796875 0.044922 0.039062
0 0.645508 0.803711 0.017578 0.017578
0 0.618164 0.790039 0.017578 0.013672
0 0.518555 0.873047 0.041016 0.035156
0 0.427734 0.066406 0.027344 0.027344
0 0.397461 0.056641 0.017578 0.015625
0 0.152344 0.715820 0.007812 0.017578
0 0.113281 0.703125 0.031250 0.027344
0 0.420898 0.536133 0.044922 0.044922
0 0.415039 0.629883 0.009766 0.013672
0 0.443359 0.620117 0.019531 0.025391
0 0.349609 0.027344 0.042969 0.039062
0 0.504883 0.816406 0.013672 0.027344
0 0.699219 0.867188 0.023438 0.019531
0 0.335938 0.082031 0.023438 0.023438
0 0.368164 0.069336 0.025391 0.025391
0 0.704102 0.808594 0.021484 0.019531
0 0.669922 0.809570 0.015625 0.029297
0 0.302734 0.125977 0.031250 0.029297
