0 0.271250 0.401250 0.027500 0.042500
0 0.272500 0.352500 0.020000 0.020000
0 0.230000 0.350000 0.020000 0.015000
0 0.231250 0.473750 0.032500 0.017500
0 0.517500 0.612500 0.020000 0.020000
0 0.352500 0.367500 0.015000 0.020000
0 0.297500 0.661250 0.030000 0.022500
0 0.341250 0.648750 0.037500 0.032500
0 0.243750 0.556250 0.037500 0.042500
0 0.295000 0.545000 0.010000 0.015000
0 0.373750 0.573750 0.017500 0.032500
0 0.200000 0.636250 0.045000 0.037500
0 0.257500 0.506250 0.015000 0.017500
0 0.191250 0.507500 0.027500 0.030000
0 0.233750 0.408750 0.012500 0.022500
0 0.307500 0.443750 0.030000 0.022500
0 0.332500 0.400000 0.010000 0.015000
0 0.508750 0.470000 0.012500 0.020000
0 0.303750 0.400000 0.012500 0.015000
0 0.311250 0.487500 0.022500 0.025000
0 0.361250 0.433750 0.022500 0.012500
0 0.412500 0.431250 0.035000 0.022500
0 0.312500 0.351250 0.010000 0.017500
0 0.388750 0.501250 0.032500 0.032500
0 0.372500 0.397500 0.020000 0.010000
0 0.237500 0.445000 0.030000 0.020000
0 0.496250 0.560000 0.012500 0.015000
0 0.467500 0.551250 0.020000 0.022500
0 0.350000 0.485000 0.015000 0.015000
0 0.285000 0.476250 0.010000 0.017500
