0 0.083008 0.863281 0.029297 0.031250
0 0.114258 0.873047 0.017578 0.015625
0 0.563477 0.606445 0.017578 0.013672
0 0.529297 0.600586 0.023438 0.037109
0 0.140625 0.829102 0.023438 0.021484
0 0.247070 0.541992 0.033203 0.033203
0 0.291016 0.540039 0.031250 0.029297
0 0.375977 0.379883 0.029297 0.041016
0 0.334961 0.407227 0.017578 0.017578
0 0.053711 0.394531 0.033203 0.039062
0 0.086914 0.402344 0.013672 0.019531
0 0.051758 0.826172 0.025391 0.027344
0 0.485352 0.528320 0.021484 0.025391
0 0.637695 0.341797 0.017578 0.011719
0 0.586914 0.342773 0.013672 0.017578
0 0.161133 0.935547 0.025391 0.027344
0 0.189453 0.929688 0.011719 0.023438
0 0.141602 0.514648 0.041016 0.044922
0 0.041016 0.539062 0.039062 0.046875
0 0.092773 0.293945 0.029297 0.033203
0 0.333984 0.830078 0.019531 0.031250
0 0.359375 0.824219 0.011719 0.011719
0 0.738281 0.306641 0.019531 0.015625
0 0.243164 0.823242 0.013672 0.017578
0 0.287109 0.834961 0.015625 0.017578
0 0.276367 0.296875 0.041016 0.042969
0 0.216797 0.333008 0.015625 0.017578
0 0.701172 0.528320 0.023438 0.029297
0 0.729492 0.528320 0.017578 0.009766
0 0.703125 0.602539 0.023438 0.017578
