0 0.392625 0.572890 0.013015 0.010230
0 0.373102 0.534527 0.017354 0.035806
0 0.585683 0.663683 0.017354 0.023018
0 0.557484 0.452685 0.013015 0.010230
0 0.485900 0.465473 0.026030 0.020460
0 0.442516 0.349105 0.017354 0.017903
0 0.651844 0.732737 0.036876 0.048593
0 0.855748 0.803069 0.036876 0.046036
0 0.795011 0.799233 0.015184 0.028133
0 0.406725 0.468031 0.028200 0.025575
0 0.409978 0.675192 0.013015 0.010230
0 0.419740 0.640665 0.019523 0.023018
0 0.516269 0.676471 0.026030 0.028133
0 0.659436 0.405371 0.017354 0.017903
0 0.870933 0.746803 0.028200 0.020460
0 0.798265 0.755754 0.013015 0.033248
0 0.489154 0.253197 0.032538 0.040921
0 0.517354 0.744246 0.032538 0.025575
0 0.531453 0.506394 0.021692 0.020460
0 0.539046 0.560102 0.028200 0.035806
0 0.927332 0.686701 0.028200 0.017903
0 0.979393 0.677749 0.028200 0.025575
0 0.737527 0.890026 0.013015 0.010230
0 0.701735 0.861893 0.032538 0.035806
0 0.309111 0.436061 0.032538 0.043478
0 0.240781 0.423274 0.013015 0.028133
0 0.917570 0.797954 0.008677 0.015345
0 0.972885 0.805627 0.032538 0.035806
0 0.427332 0.315857 0.008677 0.017903
0 0.421909 0.283887 0.015184 0.020460
