0 0.767956 0.941989 0.011050 0.016575
0 0.676796 0.949355 0.013812 0.020258
0 0.793508 0.857274 0.023481 0.016575
0 0.664365 0.884899 0.013812 0.009208
0 0.763812 0.883978 0.016575 0.018416
0 0.804558 0.921731 0.017956 0.012891
0 0.785912 0.916206 0.008287 0.020258
0 0.805249 0.885820 0.013812 0.025783
0 0.714088 0.859116 0.013812 0.023941
0 0.733425 0.857274 0.005525 0.012891
0 0.749309 0.914365 0.017956 0.020258
0 0.713398 0.941068 0.012431 0.018416
0 0.730663 0.938306 0.008287 0.016575
0 0.785221 0.941068 0.009669 0.014733
0 0.675414 0.857274 0.019337 0.023941
0 0.717541 0.887661 0.020718 0.018416
0 0.727901 0.911602 0.011050 0.014733
0 0.748619 0.852670 0.008287 0.014733
0 0.682320 0.918048 0.011050 0.012891
