0 0.383789 0.682617 0.021484 0.013672
0 0.267578 0.709961 0.027344 0.021484
0 0.275391 0.748047 0.019531 0.011719
0 0.457031 0.576172 0.015625 0.007812
0 0.840820 0.790039 0.017578 0.013672
0 0.324219 0.587891 0.031250 0.031250
0 0.752930 0.772461 0.017578 0.009766
0 0.351562 0.744141 0.015625 0.019531
0 0.384766 0.746094 0.023438 0.019531
0 0.316406 0.794922 0.015625 0.023438
0 0.198242 0.686523 0.017578 0.025391
0 0.195312 0.576172 0.019531 0.015625
0 0.365234 0.580078 0.011719 0.015625
0 0.899414 0.562500 0.037109 0.027344
0 0.431641 0.736328 0.027344 0.039062
0 0.857422 0.573242 0.027344 0.041016
0 0.552734 0.726562 0.046875 0.042969
0 0.863281 0.620117 0.027344 0.025391
0 0.873047 0.653320 0.015625 0.013672
0 0.916016 0.626953 0.027344 0.035156
0 0.515625 0.781250 0.027344 0.019531
0 0.556641 0.783203 0.023438 0.023438
0 0.787109 0.565430 0.015625 0.037109
0 0.537109 0.675781 0.015625 0.011719
0 0.311523 0.537109 0.025391 0.019531
0 0.269531 0.553711 0.015625 0.009766
0 0.273438 0.833008 0.023438 0.021484
0 0.431641 0.856445 0.035156 0.037109
0 0.474609 0.859375 0.023438 0.019531
0 0.207031 0.536133 0.023438 0.041016
