0 0.385742 0.332031 0.017578 0.031250
0 0.384766 0.364258 0.011719 0.013672
0 0.984375 0.185547 0.011719 0.015625
0 0.242188 0.483398 0.015625 0.025391
0 0.299805 0.140625 0.021484 0.007812
0 0.492188 0.479492 0.015625 0.021484
0 0.952148 0.241211 0.013672 0.013672
0 0.435547 0.302734 0.027344 0.019531
0 0.468750 0.310547 0.019531 0.007812
0 0.409180 0.124023 0.025391 0.037109
0 0.952148 0.200195 0.025391 0.009766
0 0.957031 0.218750 0.015625 0.011719
0 0.375977 0.202148 0.033203 0.029297
0 0.407227 0.238281 0.017578 0.019531
0 0.914062 0.232422 0.015625 0.007812
0 0.958984 0.263672 0.007812 0.015625
0 0.981445 0.268555 0.013672 0.017578
0 0.980469 0.244141 0.011719 0.015625
0 0.918945 0.179688 0.021484 0.027344
0 0.883789 0.184570 0.013672 0.017578
0 0.312500 0.312500 0.035156 0.027344
0 0.302734 0.375977 0.019531 0.025391
0 0.954102 0.170898 0.021484 0.009766
0 0.446289 0.273438 0.041016 0.019531
0 0.485352 0.222656 0.017578 0.015625
0 0.920898 0.278320 0.017578 0.013672
0 0.402344 0.414062 0.023438 0.027344
0 0.358398 0.493164 0.013672 0.013672
0 0.445312 0.094727 0.011719 0.017578
0 0.291992 0.429688 0.021484 0.015625
