0 0.568750 0.301563 0.034375 0.034375
0 0.480469 0.121094 0.014063 0.017188
0 0.532031 0.124219 0.026562 0.029687
0 0.755469 0.159375 0.014063 0.021875
0 0.841406 0.185938 0.017188 0.012500
0 0.397656 0.358594 0.029687 0.014063
0 0.485938 0.721094 0.025000 0.026562
0 0.150000 0.024219 0.018750 0.020313
0 0.203125 0.029687 0.015625 0.021875
0 0.605469 0.311719 0.014063 0.010937
0 0.416406 0.032031 0.014063 0.020313
0 0.368750 0.024219 0.012500 0.014063
0 0.602344 0.465625 0.010937 0.012500
0 0.467187 0.467187 0.040625 0.025000
0 0.621875 0.349219 0.040625 0.023438
0 0.814844 0.242969 0.014063 0.017188
0 0.790625 0.213281 0.018750 0.020313
0 0.333594 0.088281 0.020313 0.020313
0 0.168750 0.058594 0.012500 0.029687
0 0.542969 0.774219 0.039062 0.039062
0 0.380469 0.388281 0.014063 0.014063
0 0.496094 0.024219 0.032813 0.020313
0 0.364063 0.839063 0.040625 0.037500
0 0.604688 0.249219 0.025000 0.032813
0 0.557031 0.244531 0.023438 0.023438
0 0.323437 0.026562 0.028125 0.025000
0 0.492188 0.357812 0.018750 0.034375
0 0.460938 0.361719 0.031250 0.029687
0 0.661719 0.231250 0.026562 0.025000
0 0.715625 0.206250 0.006250 0.012500
