0 0.200445 0.291667 0.008909 0.026042
0 0.204900 0.335938 0.026726 0.015625
0 0.383073 0.820312 0.017817 0.015625
0 0.209354 0.380208 0.026726 0.026042
0 0.552339 0.630208 0.035635 0.036458
0 0.560134 0.571615 0.020045 0.018229
0 0.494432 0.638021 0.017817 0.020833
0 0.165924 0.445312 0.024499 0.041667
0 0.574610 0.898438 0.008909 0.020833
0 0.540089 0.903646 0.028953 0.015625
0 0.135857 0.449219 0.013363 0.023438
0 0.542316 0.472656 0.028953 0.039062
0 0.497773 0.533854 0.020045 0.020833
0 0.132517 0.328125 0.028953 0.026042
0 0.133630 0.295573 0.013363 0.013021
0 0.589087 0.524740 0.037862 0.039062
0 0.208241 0.445312 0.024499 0.031250
0 0.251670 0.523438 0.013363 0.020833
0 0.244989 0.492188 0.008909 0.015625
0 0.444321 0.861979 0.015590 0.020833
0 0.410913 0.864583 0.024499 0.026042
0 0.512249 0.570312 0.031180 0.026042
0 0.586860 0.467448 0.028953 0.033854
0 0.513363 0.854167 0.020045 0.020833
0 0.537862 0.869792 0.011136 0.015625
0 0.511136 0.817708 0.028953 0.031250
0 0.553452 0.821615 0.037862 0.028646
0 0.325167 0.924479 0.022272 0.020833
0 0.375278 0.928385 0.024499 0.028646
0 0.247216 0.302083 0.017817 0.020833
