0 0.602344 0.590625 0.032813 0.037500
0 0.563281 0.592187 0.010937 0.015625
0 0.305469 0.548438 0.032813 0.031250
0 0.287500 0.610156 0.034375 0.039062
0 0.375000 0.614844 0.028125 0.026562
0 0.401562 0.628906 0.009375 0.010937
0 0.107813 0.838281 0.040625 0.045312
0 0.104688 0.786719 0.015625 0.014063
0 0.371875 0.118750 0.018750 0.021875
0 0.371094 0.221094 0.020313 0.017188
0 0.320312 0.269531 0.015625 0.023438
0 0.239063 0.648438 0.006250 0.015625
0 0.252344 0.592187 0.010937 0.012500
0 0.471875 0.145313 0.009375 0.012500
0 0.424219 0.169531 0.014063 0.026562
0 0.321875 0.434375 0.031250 0.028125
0 0.317969 0.483594 0.035937 0.032813
0 0.350000 0.350000 0.040625 0.034375
0 0.163281 0.217969 0.039062 0.039062
0 0.092969 0.603906 0.042188 0.032813
0 0.109375 0.545312 0.012500 0.012500
0 0.426563 0.599219 0.031250 0.014063
0 0.172656 0.060156 0.029687 0.017188
0 0.571875 0.542969 0.015625 0.014063
0 0.414844 0.060937 0.032813 0.028125
0 0.379688 0.549219 0.040625 0.035937
0 0.398438 0.512500 0.012500 0.009375
0 0.454688 0.480469 0.006250 0.014063
0 0.414844 0.464062 0.017188 0.021875
0 0.155469 0.689844 0.035937 0.039062
