0 0.359375 0.119531 0.018750 0.029687
0 0.387500 0.122656 0.015625 0.020313
0 0.436719 0.490625 0.014063 0.018750
0 0.263281 0.151562 0.029687 0.025000
0 0.389844 0.055469 0.023438 0.029687
0 0.349219 0.057813 0.029687 0.025000
0 0.447656 0.523438 0.010937 0.015625
0 0.468750 0.545312 0.015625 0.018750
0 0.309375 0.450781 0.018750 0.023438
0 0.154688 0.477344 0.034375 0.032813
0 0.114062 0.454688 0.015625 0.018750
0 0.221094 0.410156 0.035937 0.032813
0 0.446875 0.610938 0.031250 0.012500
0 0.417187 0.614062 0.015625 0.015625
0 0.063281 0.265625 0.020313 0.040625
0 0.019531 0.282813 0.014063 0.015625
0 0.300781 0.333594 0.029687 0.023438
0 0.683594 0.330469 0.010937 0.014063
0 0.672656 0.367188 0.039062 0.040625
0 0.014844 0.447656 0.020313 0.032813
0 0.053125 0.424219 0.015625 0.014063
0 0.264062 0.087500 0.021875 0.031250
0 0.307812 0.087500 0.021875 0.021875
0 0.386719 0.387500 0.020313 0.021875
0 0.344531 0.393750 0.029687 0.028125
0 0.619531 0.598437 0.010937 0.028125
0 0.640625 0.584375 0.018750 0.021875
0 0.623437 0.068750 0.015625 0.018750
0 0.656250 0.107031 0.021875 0.020313
0 0.146094 0.053125 0.023438 0.012500
