0 0.620117 0.568359 0.017578 0.011719
0 0.624023 0.588867 0.013672 0.009766
0 0.577148 0.564453 0.013672 0.011719
0 0.514648 0.602539 0.021484 0.009766
0 0.581055 0.590820 0.009766 0.013672
0 0.620117 0.541992 0.021484 0.013672
0 0.524414 0.583984 0.013672 0.011719
0 0.605469 0.612305 0.007812 0.013672
0 0.631836 0.610352 0.009766 0.013672
0 0.547852 0.542969 0.025391 0.019531
0 0.517578 0.538086 0.011719 0.009766
0 0.499023 0.547852 0.009766 0.013672
0 0.557617 0.588867 0.009766 0.017578
0 0.538086 0.608398 0.009766 0.013672
0 0.560547 0.612305 0.007812 0.013672
0 0.519531 0.562500 0.015625 0.011719
0 0.582031 0.541016 0.015625 0.011719
