0 0.513672 0.318359 0.023438 0.039062
0 0.474609 0.340820 0.015625 0.013672
0 0.561523 0.564453 0.041016 0.019531
0 0.540039 0.527344 0.033203 0.035156
0 0.748047 0.797852 0.035156 0.025391
0 0.142578 0.514648 0.023438 0.021484
0 0.308594 0.249023 0.035156 0.037109
0 0.748047 0.544922 0.019531 0.039062
0 0.518555 0.217773 0.021484 0.017578
0 0.485352 0.223633 0.029297 0.029297
0 0.221680 0.514648 0.025391 0.033203
0 0.084961 0.435547 0.013672 0.011719
0 0.111328 0.434570 0.015625 0.009766
0 0.380859 0.824219 0.023438 0.023438
0 0.088867 0.514648 0.017578 0.033203
0 0.102539 0.472656 0.029297 0.011719
0 0.353516 0.337891 0.019531 0.035156
0 0.485352 0.386719 0.021484 0.027344
0 0.509766 0.432617 0.039062 0.021484
0 0.431641 0.166992 0.031250 0.037109
0 0.216797 0.478516 0.019531 0.019531
0 0.490234 0.190430 0.011719 0.017578
0 0.558594 0.184570 0.039062 0.029297
0 0.551758 0.273438 0.021484 0.019531
0 0.219727 0.552734 0.021484 0.023438
0 0.611328 0.860352 0.019531 0.017578
0 0.646484 0.857422 0.035156 0.031250
0 0.310547 0.321289 0.011719 0.005859
0 0.171875 0.550781 0.019531 0.023438
0 0.606445 0.161133 0.025391 0.021484
