0 0.488021 0.701667 0.007292 0.016667
0 0.530729 0.768333 0.028125 0.043333
0 0.505208 0.795833 0.010417 0.018333
0 0.415104 0.801667 0.013542 0.016667
0 0.404687 0.764167 0.015625 0.025000
0 0.501042 0.668333 0.010417 0.033333
0 0.538542 0.645000 0.012500 0.016667
0 0.358333 0.900833 0.014583 0.025000
0 0.354687 0.549167 0.021875 0.035000
0 0.434896 0.860833 0.017708 0.031667
0 0.473438 0.788333 0.023958 0.036667
0 0.400000 0.525000 0.016667 0.036667
0 0.490625 0.528333 0.010417 0.023333
0 0.505729 0.591667 0.013542 0.030000
0 0.514062 0.516667 0.019792 0.026667
0 0.372917 0.636667 0.020833 0.036667
0 0.378646 0.670000 0.011458 0.013333
0 0.416146 0.660833 0.009375 0.011667
0 0.413542 0.695833 0.010417 0.011667
0 0.540104 0.879167 0.015625 0.021667
0 0.377604 0.805833 0.019792 0.031667
0 0.352083 0.763333 0.014583 0.016667
0 0.475521 0.920833 0.007292 0.021667
