0 0.625000 0.366211 0.042969 0.033203
0 0.772461 0.485352 0.025391 0.017578
0 0.397461 0.439453 0.037109 0.031250
0 0.443359 0.436523 0.015625 0.029297
0 0.840820 0.279297 0.033203 0.042969
0 0.818359 0.326172 0.007812 0.015625
0 0.795898 0.253906 0.013672 0.015625
0 0.059570 0.494141 0.017578 0.042969
0 0.057617 0.448242 0.017578 0.017578
0 0.277344 0.315430 0.031250 0.021484
0 0.313477 0.336914 0.017578 0.025391
0 0.214844 0.333984 0.019531 0.019531
0 0.775391 0.300781 0.011719 0.011719
0 0.333008 0.499023 0.017578 0.041016
0 0.262695 0.528320 0.017578 0.025391
0 0.670898 0.430664 0.017578 0.017578
0 0.680664 0.403320 0.033203 0.017578
0 0.142578 0.427734 0.023438 0.023438
0 0.141602 0.388672 0.029297 0.027344
0 0.115234 0.509766 0.023438 0.019531
0 0.105469 0.457031 0.015625 0.015625
0 0.055664 0.380859 0.021484 0.031250
0 0.045898 0.534180 0.033203 0.021484
0 0.100586 0.538086 0.017578 0.017578
0 0.847656 0.356445 0.019531 0.013672
0 0.836914 0.433594 0.025391 0.031250
0 0.063477 0.341797 0.017578 0.019531
0 0.102539 0.329102 0.029297 0.041016
0 0.854492 0.644531 0.013672 0.011719
0 0.818359 0.375977 0.015625 0.009766
