0 0.339168 0.761273 0.017505 0.021220
0 0.397155 0.766578 0.010941 0.015915
0 0.833698 0.201592 0.039387 0.042440
0 0.888403 0.468170 0.021882 0.023873
0 0.347921 0.244032 0.008753 0.015915
0 0.373085 0.249337 0.019694 0.021220
0 0.278993 0.798408 0.024070 0.021220
0 0.410284 0.221485 0.019694 0.023873
0 0.101751 0.316976 0.024070 0.023873
0 0.102845 0.261273 0.017505 0.007958
0 0.413567 0.281167 0.013129 0.010610
0 0.833698 0.355438 0.008753 0.015915
0 0.780088 0.348806 0.032823 0.050398
0 0.342451 0.838196 0.032823 0.026525
0 0.229759 0.244032 0.013129 0.015915
0 0.189278 0.248011 0.024070 0.018568
0 0.190372 0.302387 0.013129 0.015915
0 0.509847 0.253316 0.017505 0.018568
0 0.483589 0.245358 0.017505 0.018568
0 0.722101 0.177719 0.017505 0.021220
0 0.154267 0.293103 0.019694 0.023873
0 0.142232 0.258621 0.017505 0.018568
0 0.854486 0.575597 0.015317 0.031830
0 0.912473 0.550398 0.021882 0.018568
0 0.479212 0.769231 0.026258 0.037135
0 0.914661 0.338196 0.008753 0.013263
0 0.980306 0.546419 0.013129 0.010610
0 0.731947 0.531830 0.019694 0.029178
0 0.661926 0.570292 0.037199 0.031830
0 0.481400 0.277188 0.017505 0.023873
