0 0.675000 0.895312 0.031250 0.034375
0 0.680469 0.521094 0.017188 0.014063
0 0.703125 0.308594 0.015625 0.017188
0 0.601562 0.800781 0.037500 0.032813
0 0.599219 0.832812 0.017188 0.018750
0 0.707031 0.419531 0.032813 0.042188
0 0.676562 0.441406 0.015625 0.017188
0 0.319531 0.919531 0.029687 0.023438
0 0.757031 0.626563 0.042188 0.043750
0 0.782813 0.580469 0.015625 0.010937
0 0.676562 0.821875 0.028125 0.021875
0 0.773438 0.511719 0.018750 0.020313
0 0.761719 0.478125 0.020313 0.018750
0 0.580469 0.403906 0.035937 0.045312
0 0.563281 0.760156 0.020313 0.023438
0 0.564063 0.732031 0.012500 0.014063
0 0.247656 0.801562 0.026562 0.028125
0 0.689844 0.732812 0.017188 0.015625
0 0.332813 0.837500 0.034375 0.025000
0 0.305469 0.781250 0.029687 0.018750
0 0.624219 0.408594 0.014063 0.017188
0 0.639844 0.678125 0.035937 0.034375
0 0.762500 0.325781 0.028125 0.029687
0 0.753125 0.275781 0.028125 0.026562
0 0.039844 0.592187 0.045312 0.043750
0 0.582031 0.489063 0.029687 0.031250
0 0.574219 0.537500 0.010937 0.015625
0 0.762500 0.382031 0.015625 0.020313
0 0.546875 0.625781 0.015625 0.039062
0 0.639844 0.811719 0.026562 0.023438
