0 0.568750 0.475000 0.031250 0.034375
0 0.557813 0.427344 0.018750 0.014063
0 0.266406 0.610938 0.042188 0.025000
0 0.298438 0.521875 0.037500 0.040625
0 0.302344 0.562500 0.023438 0.021875
0 0.532031 0.550781 0.032813 0.026562
0 0.523438 0.515625 0.021875 0.021875
0 0.492188 0.542188 0.009375 0.015625
0 0.162500 0.390625 0.031250 0.021875
0 0.127344 0.383594 0.010937 0.020313
0 0.525781 0.733594 0.026562 0.026562
0 0.173437 0.606250 0.034375 0.021875
0 0.455469 0.572656 0.014063 0.014063
0 0.457031 0.535156 0.014063 0.010937
0 0.226562 0.647656 0.031250 0.032813
0 0.217969 0.614844 0.010937 0.020313
0 0.254688 0.555469 0.018750 0.026562
0 0.430469 0.396875 0.017188 0.015625
0 0.461719 0.377344 0.029687 0.026562
0 0.160156 0.437500 0.026562 0.040625
0 0.132812 0.467969 0.012500 0.014063
0 0.567187 0.714063 0.028125 0.031250
0 0.334375 0.550000 0.006250 0.012500
0 0.408594 0.622656 0.020313 0.017188
0 0.401562 0.590625 0.012500 0.018750
0 0.467969 0.711719 0.010937 0.014063
0 0.460938 0.682813 0.028125 0.018750
0 0.307812 0.447656 0.021875 0.020313
0 0.279687 0.434375 0.012500 0.012500
0 0.330469 0.521875 0.014063 0.012500
