0 0.301758 0.710938 0.013672 0.011719
0 0.429688 0.920898 0.035156 0.037109
0 0.444336 0.872070 0.017578 0.017578
0 0.614258 0.593750 0.041016 0.039062
0 0.248047 0.809570 0.039062 0.044922
0 0.817383 0.413086 0.025391 0.025391
0 0.839844 0.465820 0.015625 0.013672
0 0.166992 0.798828 0.021484 0.015625
0 0.149414 0.824219 0.013672 0.007812
0 0.315430 0.888672 0.017578 0.011719
0 0.352539 0.903320 0.041016 0.037109
0 0.676758 0.710938 0.029297 0.027344
0 0.669922 0.668945 0.011719 0.013672
0 0.194336 0.907227 0.029297 0.029297
0 0.159180 0.901367 0.017578 0.041016
0 0.377930 0.959961 0.013672 0.017578
0 0.318359 0.947266 0.011719 0.023438
0 0.278320 0.946289 0.041016 0.033203
0 0.229492 0.960938 0.013672 0.011719
0 0.675781 0.578125 0.031250 0.031250
0 0.714844 0.602539 0.007812 0.017578
0 0.831055 0.291992 0.029297 0.033203
0 0.789062 0.533203 0.031250 0.023438
0 0.421875 0.433594 0.035156 0.035156
0 0.521484 0.702148 0.019531 0.013672
0 0.477539 0.684570 0.029297 0.029297
0 0.883789 0.527344 0.021484 0.015625
0 0.568359 0.690430 0.027344 0.037109
0 0.733398 0.745117 0.033203 0.033203
0 0.715820 0.837891 0.017578 0.019531
