0 0.195000 0.461667 0.016667 0.023333
0 0.288333 0.531667 0.030000 0.030000
0 0.476667 0.463333 0.013333 0.026667
0 0.413333 0.465000 0.013333 0.023333
0 0.366667 0.558333 0.013333 0.016667
0 0.478333 0.498333 0.023333 0.016667
0 0.421667 0.505000 0.036667 0.016667
0 0.513333 0.201667 0.020000 0.016667
0 0.291667 0.211667 0.023333 0.016667
0 0.198333 0.621667 0.036667 0.023333
0 0.436667 0.386667 0.026667 0.026667
0 0.378333 0.383333 0.043333 0.046667
0 0.123333 0.325000 0.020000 0.030000
0 0.496667 0.163333 0.020000 0.020000
0 0.536667 0.131667 0.013333 0.010000
0 0.518333 0.525000 0.016667 0.023333
0 0.583333 0.521667 0.013333 0.016667
0 0.350000 0.498333 0.020000 0.023333
0 0.433333 0.151667 0.020000 0.030000
0 0.400000 0.603333 0.033333 0.033333
0 0.428333 0.668333 0.023333 0.030000
0 0.430000 0.705000 0.013333 0.010000
0 0.245000 0.423333 0.016667 0.020000
0 0.270000 0.155000 0.033333 0.030000
0 0.551667 0.376667 0.023333 0.020000
0 0.478333 0.426667 0.010000 0.013333
0 0.253333 0.675000 0.020000 0.030000
0 0.426667 0.545000 0.020000 0.016667
0 0.443333 0.315000 0.020000 0.030000
0 0.680000 0.498333 0.013333 0.023333
