0 0.663086 0.818359 0.017578 0.011719
0 0.590820 0.547852 0.013672 0.009766
0 0.910156 0.681641 0.015625 0.011719
0 0.907227 0.597656 0.013672 0.011719
0 0.924805 0.538086 0.041016 0.017578
0 0.383789 0.112305 0.029297 0.021484
0 0.387695 0.075195 0.025391 0.029297
0 0.650391 0.544922 0.039062 0.035156
0 0.609375 0.585938 0.015625 0.007812
0 0.451172 0.788086 0.011719 0.013672
0 0.453125 0.830078 0.023438 0.035156
0 0.316406 0.282227 0.015625 0.013672
0 0.489258 0.708984 0.021484 0.031250
0 0.392578 0.240234 0.007812 0.015625
0 0.383789 0.264648 0.017578 0.017578
0 0.344727 0.366211 0.021484 0.025391
0 0.729492 0.865234 0.037109 0.027344
0 0.735352 0.805664 0.037109 0.021484
0 0.640625 0.635742 0.015625 0.033203
0 0.613281 0.648438 0.007812 0.019531
0 0.540039 0.725586 0.037109 0.041016
0 0.821289 0.846680 0.013672 0.025391
0 0.796875 0.855469 0.019531 0.019531
0 0.424805 0.380859 0.041016 0.042969
0 0.412109 0.337891 0.015625 0.015625
0 0.427734 0.123047 0.023438 0.031250
0 0.426758 0.083008 0.037109 0.033203
0 0.606445 0.735352 0.021484 0.013672
0 0.331055 0.074219 0.005859 0.011719
0 0.349609 0.106445 0.011719 0.005859
