0 0.133789 0.131836 0.017578 0.017578
0 0.145508 0.268555 0.021484 0.017578
0 0.140625 0.232422 0.015625 0.015625
0 0.182617 0.080078 0.037109 0.035156
0 0.223633 0.202148 0.029297 0.033203
0 0.228516 0.254883 0.039062 0.017578
0 0.237305 0.276367 0.013672 0.009766
0 0.176758 0.194336 0.033203 0.037109
0 0.140625 0.072266 0.031250 0.031250
0 0.189453 0.236328 0.019531 0.019531
0 0.274414 0.125000 0.037109 0.039062
0 0.208984 0.151367 0.011719 0.009766
0 0.243164 0.141602 0.009766 0.013672
0 0.224609 0.043945 0.011719 0.009766
0 0.234375 0.086914 0.011719 0.017578
0 0.138672 0.178711 0.011719 0.013672
0 0.169922 0.124023 0.011719 0.013672
0 0.273438 0.242188 0.035156 0.035156
0 0.268555 0.068359 0.025391 0.015625
0 0.266602 0.188477 0.033203 0.033203
