0 0.278955 0.204340 0.012712 0.028933
0 0.168079 0.204340 0.031073 0.036166
0 0.135593 0.147378 0.033898 0.034358
0 0.147599 0.443038 0.009887 0.014467
0 0.297316 0.448463 0.009887 0.010850
0 0.314266 0.401447 0.021186 0.018083
0 0.354520 0.274864 0.025424 0.025316
0 0.350989 0.568716 0.024011 0.023508
0 0.323446 0.501808 0.014124 0.019892
0 0.269068 0.495479 0.012712 0.021700
0 0.353814 0.151899 0.021186 0.028933
0 0.382768 0.145570 0.014124 0.027125
0 0.271893 0.306510 0.009887 0.023508
0 0.276130 0.267631 0.021186 0.036166
0 0.221751 0.263110 0.033898 0.037975
0 0.242232 0.329114 0.021186 0.032550
0 0.170904 0.521700 0.033898 0.045208
0 0.171610 0.564195 0.021186 0.010850
0 0.234463 0.160036 0.019774 0.016275
0 0.203390 0.177215 0.019774 0.028933
0 0.375000 0.417722 0.024011 0.032550
0 0.211158 0.509042 0.012712 0.019892
0 0.173729 0.280289 0.028249 0.032550
0 0.163842 0.243219 0.025424 0.012658
0 0.209040 0.432188 0.016949 0.018083
0 0.211158 0.396926 0.015537 0.027125
