0 0.803711 0.379883 0.017578 0.033203
0 0.750000 0.761719 0.015625 0.011719
0 0.122070 0.083984 0.037109 0.039062
0 0.480469 0.609375 0.042969 0.031250
0 0.495117 0.654297 0.017578 0.031250
0 0.794922 0.517578 0.023438 0.035156
0 0.791992 0.548828 0.021484 0.011719
0 0.837891 0.443359 0.019531 0.035156
0 0.844727 0.477539 0.017578 0.017578
0 0.416992 0.842773 0.013672 0.013672
0 0.134766 0.220703 0.019531 0.031250
0 0.841797 0.400391 0.031250 0.031250
0 0.300781 0.090820 0.042969 0.033203
0 0.349609 0.082031 0.007812 0.015625
0 0.517578 0.905273 0.011719 0.013672
0 0.495117 0.908203 0.013672 0.015625
0 0.436523 0.606445 0.029297 0.017578
0 0.439453 0.655273 0.015625 0.005859
0 0.755859 0.444336 0.023438 0.025391
0 0.341797 0.871094 0.031250 0.031250
0 0.307617 0.871094 0.013672 0.011719
0 0.655273 0.770508 0.021484 0.033203
0 0.625000 0.769531 0.011719 0.011719
0 0.760742 0.742188 0.013672 0.011719
0 0.564453 0.836914 0.007812 0.021484
0 0.551758 0.783203 0.037109 0.035156
0 0.539062 0.518555 0.019531 0.017578
0 0.525391 0.561523 0.015625 0.013672
0 0.241211 0.090820 0.021484 0.033203
0 0.253906 0.948242 0.011719 0.013672
