0 0.747656 0.439844 0.014063 0.017188
0 0.789062 0.096875 0.053125 0.053125
0 0.746094 0.351562 0.020313 0.015625
0 0.731250 0.321875 0.012500 0.018750
0 0.678906 0.156250 0.020313 0.012500
0 0.652344 0.173437 0.020313 0.015625
0 0.668750 0.339844 0.034375 0.023438
0 0.744531 0.124219 0.017188 0.014063
0 0.775000 0.214844 0.021875 0.017188
0 0.785156 0.432031 0.035937 0.035937
0 0.783594 0.484375 0.039062 0.043750
0 0.841406 0.076563 0.026562 0.031250
0 0.735938 0.184375 0.018750 0.028125
0 0.837500 0.192188 0.012500 0.009375
0 0.660156 0.459375 0.032813 0.037500
0 0.781250 0.373437 0.031250 0.031250
0 0.771094 0.304688 0.020313 0.025000
0 0.825000 0.469531 0.018750 0.023438
0 0.844531 0.426563 0.032813 0.028125
0 0.860938 0.353906 0.025000 0.032813
0 0.675781 0.112500 0.042188 0.037500
0 0.677344 0.050781 0.035937 0.042188
