0 0.342773 0.771484 0.029297 0.035156
0 0.344727 0.654297 0.013672 0.011719
0 0.328125 0.633789 0.015625 0.013672
0 0.817383 0.383789 0.033203 0.033203
0 0.826172 0.340820 0.019531 0.013672
0 0.456055 0.557617 0.017578 0.009766
0 0.312500 0.358398 0.023438 0.021484
0 0.279297 0.360352 0.023438 0.017578
0 0.400391 0.415039 0.019531 0.021484
0 0.725586 0.169922 0.029297 0.027344
0 0.761719 0.359375 0.031250 0.011719
0 0.725586 0.347656 0.017578 0.019531
0 0.732422 0.322266 0.007812 0.015625
0 0.422852 0.385742 0.009766 0.021484
0 0.370117 0.438477 0.013672 0.025391
0 0.425781 0.444336 0.015625 0.013672
0 0.781250 0.090820 0.023438 0.025391
0 0.780273 0.123047 0.021484 0.015625
0 0.458984 0.719727 0.019531 0.025391
0 0.702148 0.256836 0.021484 0.025391
0 0.705078 0.309570 0.027344 0.029297
0 0.590820 0.376953 0.021484 0.019531
0 0.618164 0.389648 0.017578 0.013672
0 0.746094 0.385742 0.019531 0.021484
0 0.479492 0.950195 0.017578 0.013672
0 0.480469 0.872070 0.023438 0.033203
0 0.660156 0.420898 0.023438 0.009766
0 0.811523 0.314453 0.017578 0.015625
0 0.857422 0.326172 0.011719 0.015625
0 0.773438 0.387695 0.011719 0.009766
