0 0.178797 0.599548 0.009494 0.013575
0 0.222310 0.717195 0.026899 0.027149
0 0.231804 0.678733 0.017405 0.022624
0 0.064873 0.357466 0.015823 0.027149
0 0.031646 0.352941 0.012658 0.040724
0 0.492880 0.763575 0.014241 0.024887
0 0.128165 0.209276 0.012658 0.029412
0 0.096519 0.219457 0.009494 0.036199
0 0.281646 0.523756 0.031646 0.042986
0 0.268987 0.471719 0.018987 0.024887
0 0.142405 0.684389 0.018987 0.024887
0 0.139241 0.764706 0.012658 0.018100
0 0.121835 0.375566 0.006329 0.018100
0 0.141614 0.423077 0.017405 0.022624
0 0.261867 0.688914 0.017405 0.024887
0 0.277690 0.722851 0.023734 0.024887
0 0.303006 0.304299 0.007911 0.020362
0 0.353639 0.281674 0.014241 0.033937
0 0.084652 0.307692 0.007911 0.018100
0 0.499209 0.849548 0.017405 0.024887
0 0.556962 0.846154 0.018987 0.027149
0 0.213608 0.427602 0.015823 0.018100
0 0.644778 0.763575 0.014241 0.020362
0 0.600475 0.765837 0.007911 0.020362
0 0.377373 0.219457 0.007911 0.018100
0 0.628165 0.797511 0.009494 0.015837
0 0.592563 0.846154 0.014241 0.027149
0 0.118671 0.417421 0.009494 0.011312
0 0.062500 0.438914 0.014241 0.022624
0 0.221519 0.223982 0.015823 0.022624
