0 0.765625 0.081055 0.015625 0.017578
0 0.812500 0.080078 0.019531 0.027344
0 0.400391 0.354492 0.019531 0.017578
0 0.384766 0.878906 0.031250 0.035156
0 0.454102 0.314453 0.029297 0.019531
0 0.449219 0.350586 0.015625 0.017578
0 0.367188 0.615234 0.015625 0.015625
0 0.860352 0.139648 0.025391 0.021484
0 0.371094 0.791016 0.027344 0.027344
0 0.729492 0.139648 0.029297 0.029297
0 0.702148 0.139648 0.009766 0.017578
0 0.513672 0.658203 0.015625 0.007812
0 0.372070 0.398438 0.013672 0.015625
0 0.313477 0.454102 0.017578 0.009766
0 0.574219 0.589844 0.027344 0.035156
0 0.840820 0.175781 0.025391 0.019531
0 0.879883 0.172852 0.017578 0.013672
0 0.461914 0.467773 0.037109 0.021484
0 0.611328 0.266602 0.011719 0.009766
0 0.586914 0.216797 0.033203 0.035156
0 0.731445 0.082031 0.029297 0.023438
0 0.916992 0.109375 0.041016 0.027344
0 0.954102 0.106445 0.009766 0.017578
0 0.645508 0.428711 0.009766 0.021484
0 0.690430 0.498047 0.013672 0.011719
0 0.803711 0.114258 0.029297 0.021484
0 0.773438 0.109375 0.015625 0.011719
0 0.340820 0.429688 0.021484 0.019531
0 0.365234 0.422852 0.011719 0.017578
0 0.544922 0.491211 0.019531 0.017578
