0 0.639648 0.594727 0.017578 0.017578
0 0.080078 0.326172 0.039062 0.039062
0 0.098633 0.381836 0.017578 0.017578
0 0.375000 0.849609 0.042969 0.046875
0 0.586914 0.639648 0.025391 0.033203
0 0.639648 0.642578 0.025391 0.031250
0 0.464844 0.230469 0.023438 0.039062
0 0.437500 0.221680 0.015625 0.017578
0 0.613281 0.643555 0.011719 0.013672
0 0.270508 0.471680 0.033203 0.033203
0 0.271484 0.442383 0.011719 0.009766
0 0.559570 0.681641 0.025391 0.031250
0 0.367188 0.771484 0.019531 0.019531
0 0.588867 0.601562 0.017578 0.023438
0 0.554688 0.635742 0.011719 0.013672
0 0.272461 0.290039 0.017578 0.009766
0 0.497070 0.683594 0.029297 0.027344
0 0.519531 0.722656 0.019531 0.015625
0 0.276367 0.791016 0.029297 0.023438
0 0.316406 0.783203 0.027344 0.019531
0 0.226562 0.753906 0.007812 0.019531
0 0.189453 0.770508 0.027344 0.025391
0 0.521484 0.207031 0.015625 0.019531
0 0.058594 0.289062 0.015625 0.011719
0 0.468750 0.164062 0.019531 0.035156
0 0.441406 0.157227 0.007812 0.013672
0 0.359375 0.690430 0.027344 0.037109
0 0.303711 0.281250 0.017578 0.027344
0 0.204102 0.270508 0.013672 0.013672
0 0.343750 0.481445 0.027344 0.033203
