0 0.760742 0.298828 0.017578 0.023438
0 0.805664 0.297852 0.025391 0.021484
0 0.384766 0.925781 0.007812 0.015625
0 0.336914 0.781250 0.021484 0.019531
0 0.432617 0.221680 0.025391 0.025391
0 0.276367 0.741211 0.017578 0.029297
0 0.767578 0.259766 0.035156 0.031250
0 0.426758 0.294922 0.021484 0.027344
0 0.267578 0.395508 0.031250 0.029297
0 0.374023 0.833008 0.025391 0.021484
0 0.371094 0.877930 0.027344 0.017578
0 0.316406 0.329102 0.023438 0.021484
0 0.302734 0.355469 0.019531 0.015625
0 0.265625 0.840820 0.027344 0.029297
0 0.262695 0.298828 0.021484 0.031250
0 0.258789 0.334961 0.029297 0.021484
0 0.492188 0.264648 0.019531 0.017578
0 0.249023 0.509766 0.021484 0.015625
0 0.375977 0.759766 0.025391 0.027344
0 0.372070 0.723633 0.029297 0.025391
0 0.369141 0.343750 0.023438 0.015625
0 0.373047 0.310547 0.031250 0.031250
0 0.345703 0.648438 0.019531 0.031250
0 0.331055 0.692383 0.017578 0.021484
0 0.688477 0.237305 0.013672 0.013672
0 0.631836 0.217773 0.021484 0.017578
0 0.256836 0.571289 0.033203 0.033203
0 0.554688 0.295898 0.035156 0.033203
0 0.310547 0.869141 0.015625 0.019531
0 0.626953 0.264648 0.015625 0.013672
