0 0.310547 0.879883 0.023438 0.017578
0 0.300781 0.692383 0.015625 0.017578
0 0.822266 0.389648 0.015625 0.017578
0 0.411133 0.825195 0.017578 0.009766
0 0.564453 0.569336 0.019531 0.029297
0 0.432617 0.780273 0.021484 0.021484
0 0.268555 0.615234 0.009766 0.011719
0 0.257812 0.581055 0.011719 0.009766
0 0.335938 0.777344 0.039062 0.039062
0 0.521484 0.422852 0.039062 0.041016
0 0.584961 0.424805 0.041016 0.025391
0 0.925781 0.559570 0.019531 0.025391
0 0.240234 0.499023 0.039062 0.033203
0 0.236328 0.772461 0.042969 0.037109
0 0.526367 0.515625 0.033203 0.015625
0 0.544922 0.483398 0.027344 0.029297
0 0.415039 0.740234 0.025391 0.027344
0 0.340820 0.596680 0.017578 0.033203
0 0.310547 0.596680 0.027344 0.021484
0 0.384766 0.828125 0.015625 0.027344
0 0.355469 0.823242 0.011719 0.013672
0 0.302734 0.805664 0.007812 0.017578
0 0.444336 0.848633 0.017578 0.009766
0 0.391602 0.799805 0.017578 0.013672
0 0.911133 0.415039 0.037109 0.021484
0 0.842773 0.462891 0.017578 0.011719
0 0.376953 0.879883 0.027344 0.025391
0 0.212891 0.831055 0.007812 0.021484
0 0.241211 0.828125 0.029297 0.027344
0 0.179688 0.729492 0.019531 0.041016
