0 0.661585 0.823917 0.021341 0.016949
0 0.689024 0.339925 0.027439 0.032015
0 0.669970 0.297552 0.010671 0.011299
0 0.429878 0.392655 0.012195 0.016949
0 0.369665 0.398305 0.010671 0.024482
0 0.279726 0.769303 0.028963 0.032015
0 0.665396 0.635593 0.016768 0.020716
0 0.678354 0.601695 0.009146 0.013183
0 0.491616 0.111111 0.019817 0.026365
0 0.257622 0.736347 0.009146 0.015066
0 0.559451 0.112053 0.021341 0.024482
0 0.599848 0.929379 0.028963 0.039548
0 0.598323 0.880414 0.019817 0.020716
0 0.250000 0.643126 0.018293 0.020716
0 0.701220 0.891714 0.033537 0.028249
0 0.694360 0.943503 0.019817 0.018832
0 0.256860 0.803202 0.013720 0.009416
0 0.634909 0.414313 0.028963 0.026365
0 0.691311 0.169492 0.010671 0.022599
0 0.701982 0.734463 0.010671 0.030132
0 0.275915 0.701507 0.015244 0.016949
0 0.287348 0.731638 0.016768 0.020716
0 0.625762 0.625235 0.016768 0.022599
0 0.644817 0.644068 0.009146 0.015066
0 0.491616 0.174200 0.016768 0.016949
0 0.701220 0.644068 0.030488 0.022599
0 0.703506 0.806026 0.013720 0.007533
0 0.554878 0.166667 0.024390 0.024482
0 0.190549 0.706215 0.012195 0.011299
0 0.609756 0.456685 0.018293 0.020716
