0 0.579102 0.613281 0.025391 0.023438
0 0.524414 0.616211 0.021484 0.013672
0 0.552734 0.559570 0.011719 0.025391
0 0.567383 0.522461 0.021484 0.021484
0 0.508789 0.537109 0.021484 0.015625
0 0.607422 0.540039 0.011719 0.013672
0 0.539062 0.639648 0.023438 0.017578
0 0.348633 0.413086 0.021484 0.021484
0 0.332031 0.440430 0.011719 0.017578
0 0.776367 0.729492 0.037109 0.037109
0 0.375977 0.352539 0.021484 0.033203
0 0.274414 0.199219 0.013672 0.015625
0 0.430664 0.573242 0.017578 0.013672
0 0.510742 0.573242 0.009766 0.017578
0 0.638672 0.861328 0.042969 0.031250
0 0.630859 0.789062 0.011719 0.023438
0 0.776367 0.438477 0.025391 0.017578
0 0.770508 0.527344 0.017578 0.015625
0 0.536133 0.472656 0.025391 0.027344
0 0.568359 0.482422 0.015625 0.007812
0 0.404297 0.539062 0.027344 0.039062
0 0.396484 0.581055 0.011719 0.005859
0 0.823242 0.559570 0.021484 0.021484
0 0.666992 0.460938 0.013672 0.027344
0 0.750000 0.586914 0.015625 0.013672
0 0.781250 0.587891 0.019531 0.015625
0 0.749023 0.536133 0.009766 0.017578
0 0.542969 0.252930 0.011719 0.009766
0 0.570312 0.238281 0.015625 0.015625
0 0.540039 0.295898 0.033203 0.037109
