0 0.507812 0.486328 0.023438 0.031250
0 0.516602 0.535156 0.025391 0.035156
0 0.395508 0.064453 0.029297 0.027344
0 0.432617 0.071289 0.013672 0.017578
0 0.521484 0.106445 0.019531 0.021484
0 0.474609 0.136719 0.031250 0.027344
0 0.268555 0.582031 0.021484 0.015625
0 0.325195 0.585938 0.021484 0.011719
0 0.603516 0.758789 0.015625 0.017578
0 0.444336 0.500977 0.017578 0.009766
0 0.261719 0.629883 0.019531 0.009766
0 0.342773 0.624023 0.017578 0.017578
0 0.501953 0.774414 0.039062 0.029297
0 0.332031 0.101562 0.027344 0.035156
0 0.361328 0.098633 0.011719 0.017578
0 0.421875 0.360352 0.027344 0.009766
0 0.435547 0.431641 0.019531 0.015625
0 0.381836 0.143555 0.013672 0.017578
0 0.429688 0.125000 0.019531 0.011719
0 0.531250 0.063477 0.011719 0.013672
0 0.552734 0.071289 0.011719 0.009766
0 0.400391 0.580078 0.023438 0.023438
0 0.289062 0.609375 0.019531 0.007812
0 0.342773 0.169922 0.021484 0.023438
0 0.368164 0.176758 0.013672 0.021484
0 0.468750 0.063477 0.011719 0.017578
0 0.491211 0.069336 0.009766 0.013672
0 0.435547 0.654297 0.039062 0.031250
0 0.605469 0.623047 0.019531 0.011719
0 0.577148 0.404297 0.037109 0.019531
