0 0.374710 0.521028 0.030162 0.037383
0 0.230858 0.566589 0.020882 0.016355
0 0.264501 0.561916 0.023202 0.011682
0 0.364269 0.487150 0.018561 0.007009
0 0.313225 0.553738 0.027842 0.028037
0 0.245940 0.517523 0.018561 0.021028
0 0.292343 0.510514 0.009281 0.016355
0 0.319026 0.518692 0.011601 0.014019
0 0.351508 0.596963 0.020882 0.035047
0 0.322506 0.476636 0.013921 0.018692
0 0.206497 0.488318 0.013921 0.009346
0 0.179814 0.484813 0.016241 0.016355
0 0.179814 0.591121 0.039443 0.028037
0 0.381671 0.568925 0.020882 0.011682
0 0.190255 0.556075 0.023202 0.023364
0 0.251740 0.481308 0.016241 0.018692
0 0.228538 0.475467 0.011601 0.021028
0 0.264501 0.594626 0.013921 0.011682
0 0.314385 0.595794 0.030162 0.023364
0 0.285383 0.607477 0.009281 0.014019
0 0.190255 0.530374 0.013921 0.009346
