0 0.475586 0.591797 0.033203 0.023438
0 0.048828 0.613281 0.054688 0.050781
0 0.291016 0.569336 0.027344 0.013672
0 0.492188 0.557617 0.023438 0.021484
0 0.246094 0.558594 0.027344 0.023438
0 0.338867 0.610352 0.013672 0.021484
0 0.388672 0.606445 0.027344 0.033203
0 0.146484 0.498047 0.019531 0.019531
0 0.099609 0.500977 0.011719 0.009766
0 0.569336 0.468750 0.013672 0.011719
0 0.615234 0.454102 0.015625 0.009766
0 0.382812 0.445312 0.031250 0.035156
0 0.351562 0.453125 0.015625 0.027344
0 0.433594 0.624023 0.007812 0.017578
0 0.110352 0.437500 0.029297 0.027344
0 0.146484 0.436523 0.019531 0.013672
0 0.037109 0.502930 0.031250 0.021484
0 0.429688 0.662109 0.019531 0.019531
0 0.252930 0.665039 0.017578 0.013672
0 0.280273 0.603516 0.013672 0.019531
0 0.388672 0.503906 0.015625 0.015625
0 0.452148 0.549805 0.021484 0.037109
0 0.052734 0.443359 0.035156 0.042969
0 0.214844 0.432617 0.027344 0.025391
0 0.406250 0.558594 0.023438 0.023438
0 0.281250 0.512695 0.035156 0.029297
0 0.247070 0.480469 0.013672 0.015625
0 0.327148 0.558594 0.021484 0.023438
0 0.202148 0.591797 0.021484 0.023438
0 0.212891 0.495117 0.027344 0.033203
