0 0.410156 0.156250 0.054688 0.117188
0 0.416016 0.945312 0.015625 0.019531
0 0.281250 0.882812 0.023438 0.019531
0 0.311523 0.942383 0.017578 0.013672
0 0.278320 0.948242 0.013672 0.013672
0 0.125000 0.704102 0.027344 0.021484
0 0.390625 0.607422 0.023438 0.039062
0 0.246094 0.918945 0.015625 0.005859
0 0.174805 0.665039 0.033203 0.029297
0 0.222656 0.662109 0.023438 0.023438
0 0.414062 0.532227 0.011719 0.013672
0 0.391602 0.696289 0.025391 0.029297
0 0.335938 0.613281 0.023438 0.019531
0 0.338867 0.567383 0.017578 0.021484
0 0.309570 0.907227 0.017578 0.009766
0 0.333008 0.901367 0.009766 0.013672
0 0.216797 0.709961 0.011719 0.009766
0 0.183594 0.699219 0.015625 0.023438
0 0.225586 0.946289 0.017578 0.017578
0 0.177734 0.946289 0.015625 0.013672
0 0.338867 0.652344 0.013672 0.015625
0 0.418945 0.733398 0.033203 0.029297
0 0.357422 0.723633 0.023438 0.017578
0 0.389648 0.643555 0.017578 0.017578
0 0.369141 0.562500 0.011719 0.015625
0 0.277344 0.924805 0.019531 0.017578
0 0.354492 0.924805 0.017578 0.017578
0 0.191406 0.766602 0.019531 0.033203
0 0.413086 0.778320 0.013672 0.013672
0 0.185547 0.882812 0.015625 0.019531
0 0.420898 0.636719 0.017578 0.015625
