0 0.219727 0.663086 0.029297 0.037109
0 0.134766 0.670898 0.035156 0.044922
0 0.125000 0.596680 0.023438 0.025391
0 0.304688 0.522461 0.027344 0.025391
0 0.088867 0.526367 0.029297 0.033203
0 0.092773 0.488281 0.017578 0.015625
0 0.343750 0.498047 0.019531 0.019531
0 0.374023 0.491211 0.017578 0.013672
0 0.087891 0.437500 0.023438 0.015625
0 0.093750 0.405273 0.031250 0.017578
0 0.128906 0.451172 0.027344 0.027344
0 0.142578 0.407227 0.007812 0.017578
0 0.070312 0.477539 0.011719 0.013672
0 0.251953 0.522461 0.015625 0.021484
0 0.438477 0.448242 0.025391 0.021484
0 0.484375 0.448242 0.011719 0.009766
0 0.088867 0.575195 0.021484 0.017578
0 0.123047 0.516602 0.007812 0.013672
0 0.188477 0.416992 0.017578 0.033203
0 0.181641 0.447266 0.015625 0.007812
0 0.246094 0.464844 0.011719 0.011719
0 0.180664 0.471680 0.021484 0.013672
0 0.217773 0.450195 0.021484 0.029297
0 0.476562 0.523438 0.019531 0.023438
0 0.427734 0.523438 0.015625 0.007812
0 0.093750 0.646484 0.027344 0.019531
0 0.097656 0.693359 0.015625 0.007812
0 0.317383 0.448242 0.017578 0.013672
0 0.340820 0.472656 0.013672 0.015625
0 0.125977 0.491211 0.013672 0.009766
