0 0.282904 0.391039 0.014925 0.040733
0 0.293080 0.479633 0.027137 0.034623
0 0.276119 0.448065 0.012212 0.012220
0 0.710991 0.351324 0.010855 0.010183
0 0.748982 0.346232 0.010855 0.016293
0 0.331072 0.243381 0.005427 0.014257
0 0.316147 0.250509 0.005427 0.016293
0 0.650611 0.309572 0.017639 0.032587
0 0.255767 0.340122 0.009498 0.016293
0 0.250339 0.268839 0.012212 0.012220
0 0.729986 0.396130 0.010855 0.014257
0 0.698100 0.381874 0.012212 0.018330
0 0.579376 0.387984 0.013569 0.026477
0 0.555631 0.390020 0.009498 0.014257
0 0.257802 0.481670 0.008141 0.014257
0 0.230665 0.496945 0.021710 0.024440
0 0.629579 0.438900 0.010855 0.010183
0 0.316147 0.412424 0.010855 0.014257
0 0.571235 0.314664 0.018996 0.022403
0 0.545455 0.312627 0.008141 0.006110
0 0.204206 0.205703 0.009498 0.020367
0 0.333786 0.474542 0.021710 0.032587
0 0.333786 0.325866 0.024423 0.028513
0 0.350068 0.290224 0.013569 0.018330
0 0.513569 0.424644 0.023066 0.034623
0 0.588874 0.422607 0.013569 0.018330
0 0.511533 0.311609 0.021710 0.036660
0 0.469471 0.309572 0.024423 0.036660
0 0.234735 0.245418 0.016282 0.018330
0 0.248982 0.205703 0.020353 0.028513
