0 0.374579 0.560039 0.021886 0.013780
0 0.377946 0.600394 0.021886 0.015748
0 0.343434 0.604331 0.016835 0.023622
0 0.082492 0.528543 0.023569 0.025591
0 0.113636 0.556102 0.021886 0.021654
0 0.142256 0.557087 0.015152 0.015748
0 0.250842 0.579724 0.026936 0.021654
0 0.152357 0.609252 0.015152 0.017717
0 0.450337 0.555118 0.015152 0.019685
0 0.216330 0.605315 0.018519 0.025591
0 0.180976 0.602362 0.018519 0.019685
0 0.299663 0.584646 0.023569 0.015748
0 0.189394 0.532480 0.015152 0.013780
0 0.273569 0.527559 0.018519 0.019685
0 0.431818 0.606299 0.015152 0.019685
0 0.495791 0.605315 0.018519 0.025591
0 0.498316 0.574803 0.006734 0.015748
0 0.475589 0.573819 0.008418 0.013780
0 0.353535 0.527559 0.030303 0.023622
0 0.512626 0.526575 0.018519 0.013780
0 0.451178 0.524606 0.016835 0.005906
0 0.228114 0.551181 0.015152 0.019685
0 0.109428 0.587598 0.010101 0.005906
0 0.067340 0.574803 0.010101 0.015748
