0 0.351562 0.366211 0.027344 0.025391
0 0.641602 0.407227 0.037109 0.025391
0 0.579102 0.417969 0.017578 0.011719
0 0.419922 0.609375 0.023438 0.042969
0 0.474609 0.617188 0.042969 0.042969
0 0.542969 0.640625 0.035156 0.023438
0 0.377930 0.515625 0.037109 0.035156
0 0.417969 0.502930 0.011719 0.009766
0 0.773438 0.544922 0.035156 0.031250
0 0.738281 0.514648 0.019531 0.037109
0 0.469727 0.315430 0.029297 0.033203
0 0.740234 0.607422 0.019531 0.035156
0 0.710938 0.600586 0.007812 0.013672
0 0.614258 0.579102 0.033203 0.029297
0 0.458008 0.540039 0.021484 0.017578
0 0.462891 0.485352 0.023438 0.025391
0 0.636719 0.352539 0.027344 0.033203
0 0.772461 0.331055 0.041016 0.041016
0 0.628906 0.483398 0.019531 0.017578
0 0.597656 0.522461 0.031250 0.041016
0 0.359375 0.418945 0.027344 0.037109
0 0.422852 0.436523 0.021484 0.025391
0 0.473633 0.404297 0.017578 0.019531
0 0.483398 0.452148 0.025391 0.017578
0 0.745117 0.445312 0.048828 0.050781
0 0.706055 0.451172 0.013672 0.015625
