0 0.347656 0.479687 0.042188 0.046875
0 0.336719 0.432031 0.014063 0.010937
0 0.939063 0.547656 0.021875 0.014063
0 0.898438 0.547656 0.031250 0.026562
0 0.573438 0.561719 0.015625 0.007812
0 0.574219 0.590625 0.020313 0.021875
0 0.634375 0.589063 0.021875 0.018750
0 0.290625 0.286719 0.028125 0.026562
0 0.358594 0.555469 0.029687 0.017188
0 0.328125 0.565625 0.009375 0.012500
0 0.417187 0.841406 0.009375 0.014063
0 0.281250 0.528125 0.031250 0.021875
0 0.616406 0.634375 0.039062 0.040625
0 0.609375 0.665625 0.012500 0.006250
0 0.821094 0.504687 0.017188 0.025000
0 0.671875 0.525000 0.009375 0.012500
0 0.914062 0.504687 0.018750 0.018750
0 0.946875 0.507812 0.021875 0.037500
0 0.644531 0.496094 0.010937 0.014063
0 0.196875 0.383594 0.009375 0.014063
0 0.233594 0.372656 0.026562 0.014063
0 0.597656 0.472656 0.026562 0.029687
0 0.632812 0.460938 0.012500 0.009375
0 0.613281 0.525000 0.039062 0.025000
0 0.531250 0.875781 0.034375 0.020313
0 0.541406 0.932031 0.017188 0.014063
0 0.425000 0.915625 0.021875 0.025000
0 0.400000 0.877344 0.034375 0.039062
0 0.767188 0.307031 0.025000 0.035937
0 0.796094 0.293750 0.010937 0.015625
