0 0.626953 0.829102 0.210938 0.341797
0 0.813477 0.863281 0.134766 0.273438
0 0.147461 0.861328 0.130859 0.277344
0 0.314453 0.855469 0.230469 0.289062
0 0.073242 0.883789 0.041016 0.162109
0 0.591797 0.336914 0.011719 0.009766
0 0.556641 0.310547 0.011719 0.015625
0 0.504883 0.577148 0.021484 0.041016
0 0.458008 0.564453 0.041016 0.042969
0 0.588867 0.414062 0.041016 0.039062
0 0.787109 0.584961 0.015625 0.041016
0 0.789062 0.537109 0.015625 0.007812
0 0.300781 0.642578 0.046875 0.035156
0 0.332031 0.680664 0.015625 0.017578
0 0.064453 0.713867 0.015625 0.017578
0 0.671875 0.365234 0.027344 0.027344
0 0.415039 0.572266 0.025391 0.039062
0 0.361328 0.563477 0.019531 0.013672
0 0.759766 0.461914 0.011719 0.009766
0 0.787109 0.473633 0.015625 0.013672
0 0.132812 0.522461 0.011719 0.017578
0 0.184570 0.519531 0.021484 0.039062
0 0.863281 0.463867 0.019531 0.041016
0 0.830078 0.465820 0.019531 0.029297
0 0.214844 0.445312 0.019531 0.023438
0 0.245117 0.452148 0.025391 0.029297
0 0.544922 0.580078 0.015625 0.042969
0 0.583984 0.570312 0.035156 0.019531
0 0.282227 0.578125 0.013672 0.011719
0 0.295898 0.515625 0.041016 0.046875
0 0.487305 0.739258 0.013672 0.029297
0 0.478516 0.694336 0.011719 0.013672
0 0.869141 0.415039 0.035156 0.041016
0 0.451172 0.614258 0.015625 0.025391
0 0.185547 0.668945 0.019531 0.021484
