0 0.347656 0.292969 0.042188 0.042188
0 0.157031 0.232031 0.032813 0.026562
0 0.180469 0.396875 0.032813 0.043750
0 0.146875 0.389844 0.012500 0.007812
0 0.223438 0.277344 0.037500 0.029687
0 0.248438 0.347656 0.012500 0.029687
0 0.274219 0.335156 0.026562 0.035937
0 0.163281 0.288281 0.035937 0.032813
0 0.056250 0.239063 0.021875 0.028125
0 0.024219 0.258594 0.014063 0.007812
0 0.038281 0.288281 0.039062 0.026562
0 0.050000 0.409375 0.034375 0.031250
0 0.085156 0.407813 0.020313 0.018750
0 0.346094 0.353125 0.014063 0.028125
0 0.367969 0.333594 0.014063 0.017188
0 0.323437 0.213281 0.025000 0.029687
0 0.360938 0.228125 0.018750 0.028125
0 0.254688 0.219531 0.015625 0.017188
0 0.021094 0.360938 0.010937 0.009375
0 0.069531 0.335156 0.023438 0.023438
0 0.360938 0.407813 0.006250 0.012500
0 0.275781 0.396094 0.010937 0.020313
0 0.146875 0.349219 0.034375 0.032813
0 0.115625 0.358594 0.015625 0.014063
