0 0.122619 0.745690 0.035714 0.031609
0 0.078571 0.741379 0.028571 0.034483
0 0.294048 0.801724 0.007143 0.011494
0 0.300000 0.511494 0.009524 0.017241
0 0.207143 0.316092 0.019048 0.011494
0 0.110714 0.505747 0.035714 0.034483
0 0.205952 0.247126 0.016667 0.028736
0 0.260714 0.382184 0.011905 0.011494
0 0.359524 0.853448 0.014286 0.022989
0 0.247619 0.691092 0.033333 0.025862
0 0.283333 0.650862 0.014286 0.025862
0 0.270238 0.340517 0.026190 0.031609
0 0.346429 0.670977 0.040476 0.048851
0 0.088095 0.860632 0.014286 0.020115
0 0.109524 0.928161 0.028571 0.040230
0 0.216667 0.393678 0.019048 0.040230
0 0.273810 0.251437 0.009524 0.008621
0 0.179762 0.666667 0.021429 0.022989
0 0.154762 0.603448 0.009524 0.017241
0 0.361905 0.560345 0.019048 0.028736
0 0.327381 0.517241 0.026190 0.040230
0 0.180952 0.285920 0.023810 0.014368
0 0.173810 0.239943 0.009524 0.014368
0 0.221429 0.340517 0.009524 0.014368
0 0.185714 0.811782 0.033333 0.025862
0 0.186905 0.765805 0.021429 0.025862
0 0.183333 0.564655 0.009524 0.014368
0 0.133333 0.616379 0.009524 0.014368
0 0.102381 0.673851 0.028571 0.031609
0 0.257143 0.926724 0.028571 0.037356
