0 0.341797 0.597656 0.015625 0.011719
0 0.739258 0.825195 0.025391 0.017578
0 0.647461 0.655273 0.017578 0.013672
0 0.601562 0.727539 0.019531 0.013672
0 0.646484 0.861328 0.007812 0.015625
0 0.675781 0.856445 0.023438 0.017578
0 0.418945 0.556641 0.029297 0.035156
0 0.417969 0.522461 0.011719 0.009766
0 0.388672 0.731445 0.011719 0.005859
0 0.307617 0.568359 0.017578 0.039062
0 0.345703 0.655273 0.011719 0.005859
0 0.605469 0.827148 0.031250 0.021484
0 0.574219 0.825195 0.015625 0.017578
0 0.800781 0.234375 0.015625 0.015625
0 0.732422 0.239258 0.019531 0.017578
0 0.676758 0.203125 0.033203 0.011719
0 0.477539 0.228516 0.041016 0.019531
0 0.419922 0.229492 0.031250 0.021484
0 0.371094 0.611328 0.027344 0.019531
0 0.372070 0.685547 0.025391 0.027344
0 0.616211 0.798828 0.017578 0.015625
0 0.390625 0.499023 0.015625 0.017578
0 0.378906 0.455078 0.027344 0.019531
0 0.583008 0.773438 0.021484 0.023438
0 0.625000 0.774414 0.007812 0.013672
0 0.625977 0.606445 0.017578 0.029297
0 0.626953 0.686523 0.015625 0.013672
0 0.531250 0.774414 0.035156 0.025391
0 0.513672 0.825195 0.015625 0.013672
0 0.552734 0.835938 0.011719 0.015625
