0 0.872154 0.171875 0.010508 0.006250
0 0.520140 0.193750 0.024518 0.033333
0 0.715412 0.742708 0.036778 0.035417
0 0.743433 0.155208 0.029772 0.031250
0 0.700525 0.151042 0.014011 0.027083
0 0.538529 0.151042 0.015762 0.014583
0 0.629597 0.117708 0.026270 0.035417
0 0.663748 0.936458 0.010508 0.010417
0 0.531524 0.076042 0.019264 0.027083
0 0.565674 0.089583 0.014011 0.016667
0 0.859019 0.081250 0.012259 0.020833
0 0.649737 0.073958 0.010508 0.014583
0 0.742557 0.819792 0.024518 0.027083
0 0.692644 0.843750 0.022767 0.029167
0 0.783713 0.747917 0.015762 0.016667
0 0.784588 0.781250 0.010508 0.012500
0 0.738179 0.896875 0.008757 0.014583
0 0.852890 0.182292 0.010508 0.014583
0 0.796848 0.206250 0.010508 0.016667
0 0.795096 0.897917 0.010508 0.016667
0 0.564799 0.663542 0.029772 0.035417
0 0.639229 0.751042 0.028021 0.031250
0 0.661121 0.191667 0.022767 0.020833
0 0.599825 0.186458 0.008757 0.014583
0 0.754816 0.117708 0.028021 0.027083
0 0.725919 0.115625 0.012259 0.018750
0 0.701401 0.084375 0.015762 0.018750
0 0.742557 0.071875 0.010508 0.006250
0 0.540280 0.753125 0.015762 0.022917
0 0.541156 0.715625 0.010508 0.014583
