0 0.528320 0.262695 0.041016 0.044922
0 0.733398 0.883789 0.021484 0.013672
0 0.693359 0.842773 0.023438 0.029297
0 0.501953 0.869141 0.019531 0.011719
0 0.472656 0.887695 0.019531 0.017578
0 0.726562 0.284180 0.011719 0.013672
0 0.723633 0.245117 0.017578 0.013672
0 0.493164 0.419922 0.017578 0.019531
0 0.548828 0.446289 0.027344 0.021484
0 0.607422 0.744141 0.023438 0.019531
0 0.639648 0.745117 0.021484 0.017578
0 0.466797 0.757812 0.027344 0.019531
0 0.443359 0.725586 0.011719 0.009766
0 0.423828 0.768555 0.027344 0.021484
0 0.426758 0.871094 0.025391 0.039062
0 0.388672 0.865234 0.015625 0.015625
0 0.858398 0.438477 0.021484 0.017578
0 0.838867 0.696289 0.025391 0.029297
0 0.653320 0.794922 0.033203 0.023438
0 0.720703 0.794922 0.019531 0.011719
0 0.696289 0.764648 0.025391 0.021484
0 0.462891 0.813477 0.011719 0.013672
0 0.500000 0.804688 0.031250 0.042969
0 0.607422 0.829102 0.023438 0.017578
0 0.426758 0.697266 0.029297 0.031250
0 0.638672 0.495117 0.011719 0.025391
0 0.601562 0.485352 0.007812 0.013672
0 0.535156 0.806641 0.023438 0.023438
0 0.835938 0.846680 0.015625 0.017578
0 0.638672 0.318359 0.007812 0.015625
