0 0.254491 0.581818 0.035928 0.030303
0 0.567365 0.427273 0.050898 0.048485
0 0.517964 0.425758 0.017964 0.009091
0 0.754491 0.318182 0.023952 0.036364
0 0.739521 0.274242 0.035928 0.027273
0 0.953593 0.687879 0.032934 0.036364
0 0.287425 0.845455 0.023952 0.024242
0 0.773952 0.477273 0.014970 0.021212
0 0.815868 0.501515 0.044910 0.039394
0 0.703593 0.607576 0.017964 0.015152
0 0.752994 0.606061 0.026946 0.024242
0 0.788922 0.186364 0.026946 0.027273
0 0.754491 0.375758 0.017964 0.042424
0 0.739521 0.427273 0.023952 0.024242
0 0.829341 0.280303 0.017964 0.015152
0 0.859281 0.328788 0.029940 0.021212
0 0.797904 0.421212 0.014970 0.018182
0 0.808383 0.833333 0.029940 0.018182
0 0.684132 0.322727 0.044910 0.045455
0 0.854790 0.759091 0.038922 0.039394
0 0.865269 0.513636 0.011976 0.015152
0 0.863772 0.481818 0.014970 0.018182
0 0.847305 0.228788 0.017964 0.027273
0 0.832335 0.181818 0.017964 0.018182
0 0.823353 0.883333 0.023952 0.033333
0 0.793413 0.886364 0.011976 0.015152
0 0.555389 0.522727 0.038922 0.027273
0 0.520958 0.480303 0.017964 0.015152
0 0.976048 0.754545 0.017964 0.018182
0 0.902695 0.734848 0.032934 0.021212
