0 0.958599 0.238397 0.036093 0.037975
0 0.911890 0.219409 0.036093 0.033755
0 0.561571 0.354430 0.027601 0.016878
0 0.593418 0.363924 0.014862 0.018987
0 0.639066 0.424051 0.042463 0.046414
0 0.690021 0.415612 0.016985 0.008439
0 0.675159 0.509494 0.050955 0.048523
0 0.681529 0.549578 0.021231 0.010549
0 0.901274 0.382911 0.019108 0.018987
0 0.888535 0.329114 0.019108 0.012658
0 0.849257 0.330169 0.012739 0.010549
0 0.566879 0.380802 0.016985 0.014768
0 0.222930 0.760549 0.025478 0.027426
0 0.508493 0.528481 0.019108 0.027426
0 0.557325 0.407173 0.023355 0.016878
0 0.676221 0.337553 0.019108 0.012658
0 0.721868 0.331224 0.012739 0.016878
0 0.859873 0.385021 0.012739 0.014768
0 0.360934 0.427215 0.012739 0.010549
0 0.772824 0.312236 0.016985 0.016878
0 0.735669 0.285865 0.010616 0.014768
0 0.860934 0.420886 0.014862 0.018987
0 0.831210 0.381857 0.027601 0.021097
0 0.866242 0.357595 0.008493 0.014768
0 0.386412 0.532700 0.012739 0.035865
0 0.417197 0.508439 0.019108 0.016878
0 0.483015 0.457806 0.023355 0.012658
0 0.719745 0.382911 0.012739 0.014768
0 0.678344 0.387131 0.014862 0.018987
0 0.765393 0.500000 0.027601 0.025316
