0 0.304688 0.712240 0.006250 0.023438
0 0.272656 0.686198 0.009375 0.039062
0 0.457813 0.683594 0.007812 0.028646
0 0.433984 0.666667 0.005469 0.020833
0 0.773438 0.562500 0.003125 0.026042
0 0.527344 0.630208 0.006250 0.020833
0 0.363672 0.679688 0.005469 0.041667
0 0.336328 0.707031 0.008594 0.028646
0 0.629687 0.565104 0.006250 0.015625
0 0.592187 0.574219 0.009375 0.033854
0 0.435156 0.602865 0.009375 0.033854
0 0.451172 0.632812 0.008594 0.026042
0 0.767188 0.523438 0.007812 0.031250
0 0.321094 0.535156 0.009375 0.044271
0 0.948828 0.472656 0.003906 0.028646
0 0.658203 0.513021 0.007031 0.031250
0 0.599609 0.507812 0.003906 0.015625
0 0.411328 0.510417 0.010156 0.026042
0 0.288281 0.752604 0.014063 0.046875
0 0.305469 0.753906 0.006250 0.023438
0 0.305469 0.561198 0.007812 0.018229
0 0.722266 0.628906 0.011719 0.018229
0 0.343359 0.639323 0.005469 0.013021
0 0.566016 0.473958 0.013281 0.041667
0 0.548047 0.471354 0.013281 0.041667
0 0.724219 0.483073 0.009375 0.028646
0 0.799219 0.483073 0.007812 0.018229
0 0.292187 0.621094 0.010937 0.039062
0 0.272266 0.602865 0.007031 0.023438
0 0.841797 0.619792 0.011719 0.026042
