0 0.339844 0.391602 0.023438 0.025391
0 0.249023 0.097656 0.029297 0.023438
0 0.229492 0.059570 0.013672 0.017578
0 0.279297 0.051758 0.015625 0.013672
0 0.289062 0.101562 0.019531 0.007812
0 0.239258 0.381836 0.009766 0.013672
0 0.424805 0.435547 0.029297 0.042969
0 0.490234 0.430664 0.011719 0.009766
0 0.387695 0.092773 0.025391 0.033203
0 0.357422 0.544922 0.046875 0.046875
0 0.376953 0.282227 0.039062 0.029297
0 0.333984 0.325195 0.023438 0.017578
0 0.335938 0.353516 0.031250 0.023438
0 0.519531 0.474609 0.019531 0.015625
0 0.575195 0.483398 0.037109 0.037109
0 0.332031 0.487305 0.035156 0.044922
0 0.375977 0.495117 0.017578 0.021484
0 0.388672 0.159180 0.011719 0.013672
0 0.400391 0.133789 0.011719 0.005859
0 0.517578 0.442383 0.015625 0.017578
0 0.599609 0.441406 0.031250 0.015625
0 0.294922 0.202148 0.011719 0.009766
0 0.280273 0.170898 0.025391 0.033203
0 0.324219 0.440430 0.035156 0.033203
0 0.713867 0.560547 0.017578 0.011719
0 0.664062 0.544922 0.011719 0.023438
0 0.407227 0.368164 0.017578 0.013672
0 0.493164 0.386719 0.025391 0.027344
0 0.681641 0.488281 0.050781 0.050781
0 0.663086 0.429688 0.041016 0.035156
