0 0.834753 0.210392 0.023850 0.018739
0 0.794719 0.166951 0.025554 0.027257
0 0.775980 0.095400 0.025554 0.027257
0 0.796422 0.356899 0.018739 0.022147
0 0.308348 0.913969 0.013629 0.015332
0 0.310051 0.872232 0.020443 0.013629
0 0.266610 0.773424 0.035775 0.030664
0 0.658433 0.189949 0.011925 0.015332
0 0.756388 0.144804 0.017036 0.023850
0 0.787053 0.133731 0.020443 0.022147
0 0.799830 0.444634 0.025554 0.020443
0 0.836457 0.425043 0.017036 0.018739
0 0.809199 0.270869 0.034072 0.020443
0 0.617547 0.373935 0.028961 0.028961
0 0.580068 0.464225 0.008518 0.011925
0 0.602215 0.419932 0.028961 0.035775
0 0.275980 0.727428 0.027257 0.023850
0 0.274276 0.701874 0.013629 0.010221
0 0.167802 0.790460 0.015332 0.020443
0 0.166951 0.760647 0.037479 0.025554
0 0.681431 0.158433 0.027257 0.020443
0 0.586031 0.184838 0.017036 0.025554
0 0.316014 0.827087 0.039182 0.025554
0 0.296422 0.756388 0.010221 0.013629
0 0.218910 0.898637 0.035775 0.035775
0 0.230835 0.868825 0.011925 0.006814
0 0.567291 0.245315 0.023850 0.030664
0 0.619250 0.252129 0.035775 0.044293
0 0.718910 0.175468 0.030664 0.034072
0 0.926746 0.438671 0.027257 0.032368
