0 0.252930 0.701172 0.044922 0.046875
0 0.400391 0.764648 0.031250 0.033203
0 0.340820 0.631836 0.021484 0.037109
0 0.468750 0.761719 0.027344 0.027344
0 0.481445 0.794922 0.021484 0.023438
0 0.834961 0.517578 0.021484 0.019531
0 0.800781 0.517578 0.027344 0.023438
0 0.638672 0.519531 0.015625 0.015625
0 0.577148 0.515625 0.033203 0.035156
0 0.341797 0.685547 0.039062 0.039062
0 0.267578 0.620117 0.019531 0.017578
0 0.472656 0.569336 0.050781 0.048828
0 0.731445 0.515625 0.029297 0.035156
0 0.686523 0.528320 0.013672 0.013672
0 0.498047 0.519531 0.019531 0.027344
0 0.400391 0.708008 0.015625 0.009766
0 0.868164 0.483398 0.009766 0.017578
0 0.250977 0.589844 0.033203 0.011719
0 0.343750 0.723633 0.015625 0.017578
0 0.525391 0.487305 0.019531 0.017578
0 0.458984 0.527344 0.023438 0.019531
0 0.506836 0.701172 0.044922 0.042969
0 0.251953 0.761719 0.023438 0.023438
0 0.488281 0.480469 0.031250 0.031250
0 0.453125 0.475586 0.019531 0.017578
0 0.502930 0.416016 0.017578 0.015625
0 0.459961 0.406250 0.033203 0.035156
0 0.295898 0.441406 0.021484 0.019531
0 0.542969 0.444336 0.019531 0.021484
0 0.379883 0.535156 0.017578 0.015625
