0 0.852539 0.910156 0.013672 0.011719
0 0.334961 0.936523 0.013672 0.013672
0 0.233398 0.966797 0.017578 0.011719
0 0.669922 0.889648 0.011719 0.009766
0 0.301758 0.978516 0.013672 0.011719
0 0.325195 0.978516 0.013672 0.011719
0 0.076172 0.959961 0.011719 0.005859
0 0.326172 0.893555 0.019531 0.009766
0 0.298828 0.893555 0.011719 0.009766
0 0.702148 0.879883 0.013672 0.009766
0 0.467773 0.908203 0.017578 0.015625
0 0.500977 0.937500 0.017578 0.015625
0 0.537109 0.940430 0.019531 0.009766
0 0.432617 0.893555 0.009766 0.013672
0 0.394531 0.922852 0.007812 0.013672
0 0.373047 0.936523 0.011719 0.013672
0 0.438477 0.923828 0.021484 0.011719
0 0.873047 0.901367 0.011719 0.005859
0 0.303711 0.911133 0.017578 0.009766
0 0.369141 0.978516 0.011719 0.011719
0 0.942383 0.899414 0.013672 0.009766
0 0.906250 0.898438 0.015625 0.007812
0 0.399414 0.893555 0.009766 0.013672
0 0.759766 0.911133 0.015625 0.009766
0 0.783203 0.911133 0.011719 0.009766
0 0.263672 0.978516 0.015625 0.011719
0 0.513672 0.895508 0.011719 0.009766
0 0.705078 0.899414 0.011719 0.009766
0 0.268555 0.945312 0.013672 0.007812
0 0.238281 0.993164 0.011719 0.009766
