0 0.779167 0.570000 0.021667 0.024444
0 0.544167 0.583333 0.008333 0.015556
0 0.540833 0.517778 0.025000 0.031111
0 0.690000 0.562222 0.013333 0.013333
0 0.720833 0.526667 0.025000 0.040000
0 0.687500 0.441111 0.015000 0.020000
0 0.666667 0.675556 0.010000 0.013333
0 0.635833 0.652222 0.008333 0.020000
0 0.727500 0.577778 0.011667 0.008889
0 0.641667 0.564444 0.010000 0.008889
0 0.643333 0.524444 0.030000 0.040000
0 0.686667 0.482222 0.010000 0.022222
0 0.716667 0.481111 0.020000 0.028889
0 0.761667 0.452222 0.006667 0.015556
0 0.750833 0.531111 0.018333 0.026667
0 0.544167 0.812222 0.025000 0.037778
0 0.671667 0.722222 0.016667 0.013333
0 0.696667 0.741111 0.016667 0.006667
0 0.680833 0.527778 0.028333 0.037778
0 0.545000 0.644444 0.016667 0.035556
0 0.778333 0.534444 0.013333 0.024444
0 0.792500 0.480000 0.011667 0.026667
0 0.577500 0.718889 0.015000 0.006667
0 0.578333 0.545556 0.010000 0.020000
0 0.608333 0.564444 0.013333 0.017778
0 0.691667 0.813333 0.033333 0.044444
0 0.755833 0.487778 0.008333 0.033333
0 0.720000 0.442222 0.010000 0.031111
0 0.580833 0.843333 0.028333 0.024444
0 0.600833 0.801111 0.025000 0.042222
