0 0.553125 0.220312 0.015625 0.015625
0 0.518750 0.245312 0.012500 0.025000
0 0.580469 0.217969 0.023438 0.014063
0 0.550000 0.296094 0.025000 0.020313
0 0.522656 0.214062 0.017188 0.015625
0 0.524219 0.275000 0.010937 0.012500
0 0.580469 0.272656 0.023438 0.023438
0 0.494531 0.265625 0.023438 0.015625
0 0.576562 0.305469 0.006250 0.014063
0 0.495312 0.294531 0.018750 0.014063
0 0.491406 0.221875 0.020313 0.012500
0 0.549219 0.269531 0.026562 0.017188
0 0.555469 0.250000 0.010937 0.009375
0 0.519531 0.300000 0.007812 0.018750
0 0.584375 0.242188 0.015625 0.021875
0 0.496875 0.241406 0.009375 0.014063
