0 0.871094 0.856445 0.019531 0.017578
0 0.345703 0.647461 0.019531 0.025391
0 0.295898 0.555664 0.017578 0.017578
0 0.722656 0.497070 0.039062 0.041016
0 0.655273 0.522461 0.017578 0.029297
0 0.941406 0.865234 0.031250 0.039062
0 0.350586 0.448242 0.029297 0.017578
0 0.460938 0.274414 0.039062 0.033203
0 0.500977 0.261719 0.025391 0.015625
0 0.282227 0.649414 0.021484 0.025391
0 0.289062 0.617188 0.031250 0.019531
0 0.350586 0.330078 0.029297 0.023438
0 0.355469 0.297852 0.015625 0.009766
0 0.878906 0.776367 0.023438 0.029297
0 0.874023 0.711914 0.029297 0.021484
0 0.359375 0.565430 0.011719 0.009766
0 0.349609 0.505859 0.023438 0.011719
0 0.322266 0.406250 0.027344 0.031250
0 0.315430 0.465820 0.021484 0.021484
0 0.539062 0.130859 0.015625 0.011719
0 0.600586 0.136719 0.025391 0.011719
0 0.316406 0.357422 0.023438 0.035156
0 0.950195 0.651367 0.017578 0.025391
0 0.287109 0.341797 0.019531 0.023438
0 0.904297 0.817383 0.023438 0.025391
0 0.881836 0.615234 0.021484 0.007812
0 0.877930 0.566406 0.025391 0.027344
0 0.876953 0.522461 0.007812 0.017578
0 0.251953 0.672852 0.011719 0.009766
0 0.799805 0.514648 0.021484 0.021484
