0 0.875502 0.252358 0.024096 0.028302
0 0.863454 0.363208 0.008032 0.018868
0 0.766064 0.372642 0.018072 0.037736
0 0.880522 0.169811 0.022088 0.028302
0 0.868474 0.136792 0.010040 0.009434
0 0.265060 0.343160 0.024096 0.021226
0 0.269076 0.312500 0.020080 0.011792
0 0.836345 0.242925 0.034137 0.033019
0 0.839357 0.207547 0.020080 0.014151
0 0.765060 0.193396 0.012048 0.009434
0 0.762048 0.148585 0.026104 0.033019
0 0.238956 0.354953 0.012048 0.016509
0 0.223896 0.314858 0.018072 0.016509
0 0.798193 0.362028 0.010040 0.021226
0 0.815261 0.365566 0.008032 0.014151
0 0.201807 0.389151 0.022088 0.028302
0 0.190763 0.478774 0.012048 0.009434
0 0.198795 0.450472 0.024096 0.014151
0 0.872490 0.306604 0.034137 0.037736
0 0.208835 0.358491 0.012048 0.014151
0 0.264056 0.512972 0.030120 0.035377
0 0.801205 0.308962 0.028112 0.037736
0 0.789157 0.274764 0.012048 0.011792
0 0.194779 0.518868 0.024096 0.018868
0 0.156627 0.520047 0.012048 0.011792
0 0.162651 0.465802 0.024096 0.035377
0 0.763052 0.244104 0.024096 0.021226
0 0.760040 0.215802 0.014056 0.016509
0 0.165663 0.386792 0.030120 0.037736
0 0.265060 0.408019 0.032129 0.028302
