0 0.596094 0.320312 0.020313 0.025000
0 0.657813 0.540625 0.028125 0.034375
0 0.661719 0.496875 0.026562 0.025000
0 0.592187 0.559375 0.028125 0.025000
0 0.592187 0.521094 0.021875 0.014063
0 0.623437 0.387500 0.025000 0.037500
0 0.695312 0.164844 0.021875 0.023438
0 0.693750 0.132031 0.034375 0.020313
0 0.658594 0.180469 0.026562 0.029687
0 0.657813 0.217969 0.021875 0.014063
0 0.654687 0.345313 0.012500 0.018750
0 0.590625 0.467969 0.028125 0.032813
0 0.589063 0.403906 0.012500 0.014063
0 0.621094 0.527344 0.023438 0.017188
0 0.628906 0.574219 0.014063 0.035937
0 0.627344 0.335156 0.026562 0.032813
0 0.628906 0.284375 0.026562 0.034375
0 0.702344 0.466406 0.017188 0.017188
0 0.693750 0.385937 0.034375 0.025000
0 0.662500 0.410156 0.012500 0.020313
0 0.658594 0.446875 0.026562 0.015625
0 0.623437 0.226562 0.012500 0.009375
0 0.630469 0.124219 0.026562 0.023438
0 0.705469 0.328906 0.010937 0.029687
0 0.592969 0.191406 0.026562 0.029687
0 0.594531 0.129688 0.023438 0.028125
0 0.693750 0.516406 0.021875 0.017188
