0 0.186719 0.299219 0.020313 0.007812
0 0.173437 0.329688 0.028125 0.021875
0 0.261719 0.433594 0.026562 0.029687
0 0.237500 0.407031 0.012500 0.010937
0 0.037500 0.418750 0.028125 0.040625
0 0.072656 0.414844 0.014063 0.010937
0 0.032031 0.483594 0.032813 0.032813
0 0.067969 0.461719 0.020313 0.020313
0 0.187500 0.470313 0.043750 0.037500
0 0.238281 0.484375 0.014063 0.009375
0 0.039844 0.322656 0.039062 0.026562
0 0.074219 0.308594 0.010937 0.017188
0 0.243750 0.332031 0.012500 0.014063
0 0.124219 0.314844 0.026562 0.023438
0 0.106250 0.337500 0.012500 0.009375
0 0.165625 0.356250 0.018750 0.015625
0 0.193750 0.382812 0.018750 0.028125
0 0.175000 0.417969 0.015625 0.023438
0 0.103906 0.435156 0.007812 0.017188
0 0.129688 0.427344 0.015625 0.042188
0 0.264062 0.380469 0.018750 0.020313
0 0.239844 0.380469 0.017188 0.020313
0 0.114062 0.474219 0.037500 0.039062
0 0.048438 0.367188 0.025000 0.021875
0 0.116406 0.357031 0.010937 0.014063
