0 0.130859 0.414062 0.035156 0.031250
0 0.170898 0.439453 0.013672 0.015625
0 0.893555 0.495117 0.009766 0.013672
0 0.061523 0.522461 0.048828 0.048828
0 0.235352 0.516602 0.041016 0.037109
0 0.193359 0.539062 0.011719 0.015625
0 0.925781 0.470703 0.019531 0.027344
0 0.974609 0.536133 0.015625 0.017578
0 0.945312 0.528320 0.027344 0.025391
0 0.687500 0.520508 0.023438 0.013672
0 0.212891 0.425781 0.031250 0.035156
0 0.892578 0.465820 0.019531 0.021484
0 0.860352 0.469727 0.029297 0.025391
0 0.223633 0.470703 0.013672 0.015625
0 0.193359 0.471680 0.023438 0.033203
0 0.144531 0.580078 0.007812 0.015625
0 0.872070 0.434570 0.017578 0.017578
0 0.765625 0.561523 0.019531 0.021484
0 0.306641 0.565430 0.015625 0.017578
0 0.901367 0.519531 0.017578 0.015625
0 0.878906 0.521484 0.007812 0.015625
0 0.770508 0.496094 0.017578 0.011719
0 0.862305 0.518555 0.009766 0.013672
0 0.834961 0.519531 0.017578 0.019531
0 0.804688 0.529297 0.023438 0.031250
0 0.754883 0.524414 0.021484 0.021484
0 0.729492 0.504883 0.013672 0.013672
0 0.661133 0.497070 0.013672 0.013672
0 0.834961 0.542969 0.013672 0.011719
0 0.857422 0.541992 0.011719 0.009766
