0 0.658594 0.558594 0.010937 0.026562
0 0.643750 0.558594 0.012500 0.035937
0 0.680469 0.560937 0.010937 0.031250
0 0.778906 0.599219 0.010937 0.026562
0 0.754687 0.589063 0.009375 0.028125
0 0.821094 0.523438 0.010937 0.031250
0 0.847656 0.518750 0.010937 0.028125
0 0.539844 0.490625 0.010937 0.018750
0 0.855469 0.526563 0.010937 0.028125
0 0.832812 0.528906 0.012500 0.023438
0 0.297656 0.449219 0.035937 0.029687
0 0.353906 0.176563 0.014063 0.015625
0 0.800781 0.185938 0.014063 0.018750
0 0.465625 0.717969 0.015625 0.017188
0 0.377344 0.152344 0.014063 0.010937
0 0.389844 0.221094 0.014063 0.020313
0 0.786719 0.673438 0.035937 0.034375
0 0.769531 0.237500 0.035937 0.037500
0 0.678906 0.659375 0.023438 0.034375
0 0.575781 0.578125 0.023438 0.025000
0 0.811719 0.154688 0.035937 0.018750
0 0.732031 0.143750 0.014063 0.012500
0 0.739844 0.162500 0.017188 0.012500
0 0.516406 0.658594 0.014063 0.010937
0 0.574219 0.664844 0.020313 0.023438
0 0.392188 0.508594 0.021875 0.017188
0 0.264062 0.410938 0.021875 0.025000
0 0.392188 0.044531 0.012500 0.007812
0 0.710156 0.718750 0.026562 0.037500
0 0.617969 0.646875 0.014063 0.012500
0 0.358594 0.560156 0.020313 0.020313
0 0.481250 0.554688 0.040625 0.031250
0 0.444531 0.546875 0.014063 0.034375
0 0.428906 0.595313 0.023438 0.025000
0 0.444531 0.642188 0.042188 0.043750
0 0.175781 0.549219 0.029687 0.032813
0 0.140625 0.543750 0.028125 0.025000
0 0.389844 0.720313 0.035937 0.031250
0 0.562500 0.703125 0.015625 0.012500
0 0.529687 0.696094 0.034375 0.032813
