0 0.652344 0.352539 0.011719 0.017578
0 0.705078 0.364258 0.019531 0.021484
0 0.580078 0.380859 0.015625 0.015625
0 0.608398 0.361328 0.017578 0.019531
0 0.745117 0.363281 0.044922 0.042969
0 0.615234 0.461914 0.015625 0.017578
0 0.558594 0.479492 0.039062 0.044922
0 0.728516 0.478516 0.015625 0.019531
0 0.492188 0.538086 0.007812 0.017578
0 0.581055 0.534180 0.017578 0.017578
0 0.747070 0.409180 0.013672 0.029297
0 0.509766 0.474609 0.027344 0.031250
0 0.492188 0.418945 0.042969 0.044922
0 0.689453 0.430664 0.011719 0.009766
0 0.681641 0.407227 0.035156 0.017578
0 0.493164 0.357422 0.017578 0.027344
0 0.465820 0.376953 0.013672 0.015625
0 0.641602 0.541992 0.021484 0.025391
0 0.711914 0.547852 0.009766 0.017578
0 0.647461 0.488281 0.009766 0.015625
0 0.749023 0.531250 0.017578 0.039062
0 0.799805 0.546875 0.017578 0.015625
0 0.582031 0.432617 0.015625 0.013672
