0 0.541992 0.414062 0.021484 0.015625
0 0.701172 0.834961 0.011719 0.009766
0 0.536133 0.659180 0.013672 0.017578
0 0.719727 0.351562 0.044922 0.042969
0 0.718750 0.315430 0.023438 0.013672
0 0.566406 0.344727 0.023438 0.017578
0 0.619141 0.524414 0.050781 0.052734
0 0.710938 0.399414 0.011719 0.009766
0 0.153320 0.645508 0.017578 0.037109
0 0.162109 0.604492 0.015625 0.017578
0 0.846680 0.531250 0.044922 0.039062
0 0.799805 0.526367 0.017578 0.025391
0 0.534180 0.327148 0.025391 0.033203
0 0.527344 0.368164 0.007812 0.013672
0 0.156250 0.716797 0.027344 0.027344
0 0.830078 0.678711 0.042969 0.041016
0 0.868164 0.613281 0.017578 0.023438
0 0.176758 0.578125 0.013672 0.015625
0 0.185547 0.534180 0.019531 0.017578
0 0.604492 0.439453 0.017578 0.019531
0 0.571289 0.434570 0.017578 0.029297
0 0.138672 0.604492 0.007812 0.013672
0 0.494141 0.798828 0.031250 0.031250
0 0.749023 0.577148 0.025391 0.029297
0 0.100586 0.608398 0.025391 0.025391
0 0.101562 0.651367 0.023438 0.017578
0 0.663086 0.512695 0.017578 0.017578
0 0.572266 0.467773 0.007812 0.013672
0 0.511719 0.564453 0.015625 0.011719
0 0.184570 0.462891 0.025391 0.031250
