0 0.386439 0.711278 0.016538 0.021053
0 0.401874 0.667669 0.027563 0.036090
0 0.444873 0.675188 0.025358 0.042105
0 0.264057 0.774436 0.034179 0.036090
0 0.273980 0.821053 0.023153 0.033083
0 0.347850 0.534586 0.009923 0.013534
0 0.314223 0.500752 0.019846 0.033083
0 0.447630 0.772932 0.028666 0.027068
0 0.317530 0.734586 0.019846 0.025564
0 0.348953 0.705263 0.027563 0.042105
0 0.287762 0.734586 0.013230 0.016541
0 0.285557 0.669173 0.028666 0.033083
0 0.375965 0.809774 0.008820 0.013534
0 0.431092 0.478947 0.008820 0.022556
0 0.262955 0.499248 0.007718 0.015038
0 0.344542 0.824812 0.016538 0.025564
0 0.320287 0.781203 0.025358 0.028571
0 0.324697 0.604511 0.020948 0.027068
0 0.352260 0.566165 0.005513 0.013534
0 0.256891 0.626316 0.017641 0.022556
0 0.282249 0.560902 0.013230 0.015038
0 0.409041 0.615789 0.011025 0.016541
0 0.453142 0.630075 0.015436 0.024060
0 0.426681 0.596241 0.008820 0.019549
0 0.409592 0.502256 0.025358 0.024060
0 0.412900 0.532331 0.012128 0.015038
