0 0.229452 0.962025 0.017123 0.015190
0 0.219178 0.917722 0.010274 0.022785
0 0.220890 0.715190 0.030822 0.037975
0 0.214041 0.677215 0.010274 0.012658
0 0.114726 0.846835 0.023973 0.037975
0 0.116438 0.887342 0.013699 0.007595
0 0.126712 0.916456 0.013699 0.020253
0 0.548801 0.939241 0.018836 0.035443
0 0.585616 0.434177 0.030822 0.048101
0 0.177226 0.825316 0.008562 0.015190
0 0.206336 0.826582 0.008562 0.022785
0 0.059075 0.706329 0.011986 0.025316
0 0.065068 0.673418 0.027397 0.015190
0 0.180651 0.937975 0.022260 0.032911
0 0.648116 0.477215 0.018836 0.022785
0 0.706336 0.489873 0.025685 0.022785
0 0.684075 0.560759 0.015411 0.027848
0 0.454623 0.429114 0.011986 0.017722
0 0.431507 0.440506 0.013699 0.020253
0 0.121575 0.702532 0.034247 0.048101
0 0.181507 0.891139 0.013699 0.020253
0 0.459760 0.611392 0.015411 0.022785
0 0.455479 0.650633 0.010274 0.020253
0 0.083904 0.932911 0.006849 0.017722
0 0.081336 0.969620 0.018836 0.030380
0 0.151541 0.902532 0.015411 0.017722
0 0.535959 0.686076 0.020548 0.040506
0 0.521404 0.610127 0.015411 0.015190
0 0.175514 0.732911 0.018836 0.017722
0 0.160103 0.694937 0.018836 0.032911
