0 0.215643 0.610837 0.030702 0.026273
0 0.465643 0.596059 0.013158 0.019704
0 0.467836 0.558292 0.008772 0.013136
0 0.914474 0.142036 0.030702 0.031199
0 0.193713 0.533662 0.021930 0.029557
0 0.239035 0.533662 0.019006 0.019704
0 0.414474 0.775862 0.024854 0.024631
0 0.429825 0.738095 0.020468 0.037767
0 0.323830 0.570608 0.027778 0.031199
0 0.146199 0.533662 0.029240 0.036125
0 0.508772 0.760263 0.035088 0.042693
0 0.477339 0.704433 0.013158 0.013136
0 0.421053 0.653530 0.008772 0.019704
0 0.657164 0.127258 0.024854 0.024631
0 0.624269 0.125616 0.011696 0.014778
0 0.423246 0.868637 0.016082 0.016420
0 0.423977 0.697865 0.011696 0.013136
0 0.404971 0.570608 0.032164 0.027915
0 0.372076 0.577997 0.021930 0.022989
0 0.507310 0.859606 0.026316 0.031199
0 0.502193 0.825944 0.007310 0.016420
0 0.950292 0.042693 0.026316 0.026273
0 0.424708 0.610837 0.030702 0.036125
0 0.373538 0.775041 0.021930 0.026273
0 0.461988 0.814450 0.032164 0.029557
0 0.459795 0.857143 0.033626 0.036125
0 0.665936 0.039409 0.036550 0.042693
0 0.391082 0.614122 0.021930 0.026273
0 0.366959 0.610016 0.014620 0.011494
0 0.513889 0.667488 0.030702 0.044335
