0 0.795312 0.108594 0.012500 0.017188
0 0.775000 0.110937 0.015625 0.012500
0 0.439844 0.608594 0.014063 0.010937
0 0.449219 0.639844 0.014063 0.017188
0 0.410156 0.637500 0.020313 0.031250
0 0.438281 0.451562 0.032813 0.037500
0 0.892969 0.205469 0.039062 0.029687
0 0.842187 0.139063 0.034375 0.025000
0 0.578125 0.319531 0.025000 0.023438
0 0.650781 0.696094 0.014063 0.023438
0 0.575781 0.125000 0.032813 0.043750
0 0.796875 0.173437 0.028125 0.031250
0 0.664062 0.131250 0.040625 0.021875
0 0.442969 0.496094 0.023438 0.023438
0 0.446094 0.534375 0.010937 0.009375
0 0.627344 0.230469 0.020313 0.017188
0 0.614062 0.260937 0.015625 0.015625
0 0.943750 0.175781 0.012500 0.020313
0 0.481250 0.472656 0.021875 0.017188
0 0.658594 0.305469 0.023438 0.023438
0 0.395313 0.505469 0.018750 0.020313
0 0.406250 0.526563 0.015625 0.006250
0 0.578125 0.237500 0.037500 0.034375
0 0.535156 0.118750 0.029687 0.043750
0 0.689063 0.660156 0.021875 0.017188
0 0.578125 0.193750 0.028125 0.034375
0 0.527344 0.295312 0.020313 0.021875
0 0.639062 0.865625 0.040625 0.037500
0 0.649219 0.819531 0.020313 0.020313
0 0.754687 0.743750 0.028125 0.031250
