0 0.432617 0.625000 0.017578 0.015625
0 0.290039 0.295898 0.037109 0.017578
0 0.294922 0.241211 0.019531 0.021484
0 0.584961 0.766602 0.013672 0.013672
0 0.565430 0.763672 0.009766 0.015625
0 0.407227 0.602539 0.013672 0.009766
0 0.403320 0.537109 0.017578 0.019531
0 0.382812 0.326172 0.027344 0.027344
0 0.388672 0.409180 0.019531 0.017578
0 0.353516 0.387695 0.011719 0.009766
0 0.382812 0.579102 0.011719 0.017578
0 0.046875 0.537109 0.019531 0.007812
0 0.455078 0.573242 0.019531 0.021484
0 0.958008 0.753906 0.025391 0.031250
0 0.527344 0.760742 0.019531 0.025391
0 0.491211 0.758789 0.009766 0.013672
0 0.125977 0.602539 0.025391 0.021484
0 0.169922 0.542969 0.023438 0.031250
0 0.537109 0.710938 0.015625 0.011719
0 0.505859 0.704102 0.011719 0.013672
0 0.529297 0.793945 0.011719 0.017578
0 0.500000 0.791016 0.007812 0.023438
0 0.465820 0.732422 0.013672 0.011719
0 0.439453 0.742188 0.015625 0.011719
0 0.177734 0.340820 0.015625 0.013672
0 0.136719 0.332031 0.023438 0.023438
0 0.386719 0.668945 0.011719 0.005859
0 0.043945 0.463867 0.033203 0.025391
0 0.432617 0.486328 0.017578 0.027344
0 0.587891 0.792969 0.011719 0.015625
