0 0.424805 0.232422 0.013672 0.011719
0 0.450195 0.221680 0.017578 0.013672
0 0.241211 0.461914 0.009766 0.029297
0 0.267578 0.489258 0.019531 0.033203
0 0.884766 0.572266 0.031250 0.027344
0 0.672852 0.124023 0.025391 0.009766
0 0.813477 0.230469 0.021484 0.023438
0 0.808594 0.260742 0.015625 0.013672
0 0.690430 0.305664 0.017578 0.013672
0 0.913086 0.684570 0.013672 0.013672
0 0.941406 0.689453 0.027344 0.019531
0 0.301758 0.465820 0.021484 0.041016
0 0.941406 0.524414 0.015625 0.029297
0 0.941406 0.573242 0.035156 0.037109
0 0.899414 0.802734 0.013672 0.007812
0 0.298828 0.252930 0.035156 0.033203
0 0.681641 0.374023 0.035156 0.041016
0 0.691406 0.335938 0.023438 0.015625
0 0.375977 0.472656 0.041016 0.042969
0 0.342773 0.487305 0.009766 0.017578
0 0.725586 0.130859 0.041016 0.011719
0 0.726562 0.173828 0.023438 0.023438
0 0.417969 0.479492 0.027344 0.033203
0 0.446289 0.454102 0.013672 0.013672
0 0.352539 0.382812 0.013672 0.023438
0 0.386719 0.398438 0.019531 0.035156
0 0.772461 0.137695 0.017578 0.025391
0 0.763672 0.447266 0.027344 0.031250
0 0.940430 0.401367 0.033203 0.033203
0 0.943359 0.454102 0.039062 0.037109
