0 0.137695 0.672852 0.033203 0.021484
0 0.166992 0.561523 0.021484 0.013672
0 0.162109 0.618164 0.011719 0.009766
0 0.481445 0.599609 0.041016 0.039062
0 0.527344 0.613281 0.019531 0.019531
0 0.247070 0.468750 0.041016 0.031250
0 0.288086 0.477539 0.017578 0.029297
0 0.140625 0.876953 0.042969 0.027344
0 0.114258 0.917969 0.017578 0.019531
0 0.388672 0.724609 0.019531 0.023438
0 0.448242 0.722656 0.021484 0.019531
0 0.671875 0.220703 0.027344 0.039062
0 0.654297 0.252930 0.011719 0.005859
0 0.628906 0.588867 0.023438 0.017578
0 0.813477 0.205078 0.021484 0.019531
0 0.713867 0.411133 0.013672 0.013672
0 0.707031 0.375977 0.011719 0.013672
0 0.834961 0.490234 0.017578 0.027344
0 0.268555 0.665039 0.021484 0.033203
0 0.671875 0.385742 0.035156 0.037109
0 0.349609 0.690430 0.039062 0.025391
0 0.431641 0.804688 0.039062 0.027344
0 0.396484 0.800781 0.015625 0.015625
0 0.778320 0.243164 0.037109 0.041016
0 0.444336 0.755859 0.013672 0.015625
0 0.408203 0.756836 0.015625 0.013672
0 0.222656 0.774414 0.031250 0.013672
0 0.302734 0.719727 0.023438 0.017578
0 0.310547 0.792969 0.015625 0.031250
0 0.277344 0.774414 0.011719 0.029297
