0 0.624219 0.299219 0.032813 0.035937
0 0.685937 0.490625 0.021875 0.015625
0 0.678906 0.528906 0.039062 0.032813
0 0.574219 0.182031 0.042188 0.020313
0 0.555469 0.208594 0.007812 0.020313
0 0.582812 0.228125 0.028125 0.025000
0 0.668750 0.613281 0.028125 0.032813
0 0.692187 0.566406 0.015625 0.014063
0 0.775781 0.421094 0.039062 0.039062
0 0.780469 0.370312 0.029687 0.015625
0 0.498437 0.228125 0.046875 0.040625
0 0.570312 0.562500 0.028125 0.025000
0 0.635938 0.496094 0.012500 0.004687
0 0.859375 0.278125 0.021875 0.025000
0 0.822656 0.296094 0.035937 0.035937
0 0.428906 0.342187 0.032813 0.021875
0 0.369531 0.349219 0.014063 0.017188
0 0.877344 0.114062 0.014063 0.006250
0 0.856250 0.103906 0.015625 0.026562
0 0.806250 0.107031 0.031250 0.035937
0 0.521094 0.531250 0.014063 0.018750
0 0.542969 0.535156 0.014063 0.007812
0 0.316406 0.327344 0.029687 0.029687
0 0.285156 0.341406 0.020313 0.017188
0 0.643750 0.532813 0.009375 0.018750
0 0.640625 0.555469 0.006250 0.014063
0 0.524219 0.560937 0.023438 0.021875
0 0.771094 0.178906 0.020313 0.023438
0 0.807031 0.160938 0.032813 0.037500
0 0.817969 0.192188 0.014063 0.012500
