0 0.249724 0.763910 0.031974 0.030075
0 0.188534 0.776692 0.022051 0.031579
0 0.402977 0.793985 0.016538 0.021053
0 0.479603 0.220301 0.017641 0.019549
0 0.342337 0.188722 0.009923 0.013534
0 0.359978 0.226316 0.016538 0.037594
0 0.398567 0.369173 0.020948 0.019549
0 0.438258 0.370677 0.012128 0.034586
0 0.221058 0.268421 0.016538 0.031579
0 0.799890 0.767669 0.016538 0.031579
0 0.793826 0.727068 0.015436 0.019549
0 0.497795 0.270677 0.020948 0.027068
0 0.519846 0.298496 0.018743 0.013534
0 0.572216 0.920301 0.022051 0.027068
0 0.436604 0.476692 0.011025 0.012030
0 0.769570 0.571429 0.017641 0.015038
0 0.771775 0.612030 0.011025 0.018045
0 0.829658 0.729323 0.018743 0.024060
0 0.513782 0.477444 0.008820 0.016541
0 0.572767 0.482707 0.007718 0.006015
0 0.448732 0.907519 0.019846 0.019549
0 0.313120 0.270677 0.015436 0.030075
0 0.357222 0.281955 0.026461 0.025564
0 0.528115 0.430075 0.013230 0.018045
0 0.772326 0.763158 0.027563 0.019549
0 0.771224 0.727068 0.012128 0.016541
0 0.485667 0.821053 0.007718 0.015038
0 0.450937 0.504511 0.017641 0.016541
0 0.426681 0.501504 0.011025 0.016541
0 0.869901 0.675188 0.028666 0.024060
