0 0.669521 0.599810 0.041096 0.043726
0 0.332192 0.776616 0.020548 0.013308
0 0.307363 0.490494 0.025685 0.026616
0 0.445205 0.507605 0.034247 0.038023
0 0.503425 0.496198 0.037671 0.034221
0 0.427226 0.330798 0.015411 0.034221
0 0.680651 0.738593 0.015411 0.017110
0 0.659247 0.730989 0.010274 0.013308
0 0.601884 0.792776 0.018836 0.022814
0 0.635274 0.766160 0.020548 0.007605
0 0.588185 0.914449 0.018836 0.022814
0 0.826199 0.553232 0.018836 0.026616
0 0.470890 0.623574 0.023973 0.030418
0 0.389555 0.847909 0.022260 0.026616
0 0.455479 0.841255 0.017123 0.020913
0 0.380993 0.711977 0.015411 0.009506
0 0.434075 0.600760 0.035959 0.041825
0 0.416096 0.638783 0.017123 0.015209
0 0.767123 0.700570 0.020548 0.024715
0 0.791952 0.694867 0.011986 0.017110
0 0.747432 0.744297 0.011986 0.017110
0 0.714041 0.723384 0.023973 0.017110
0 0.434932 0.406844 0.023973 0.015209
0 0.267123 0.610266 0.020548 0.022814
0 0.303938 0.620722 0.029110 0.032319
0 0.349315 0.509506 0.006849 0.019011
0 0.454623 0.785171 0.011986 0.015209
0 0.464041 0.693916 0.013699 0.015209
0 0.480308 0.668251 0.015411 0.020913
0 0.477740 0.544677 0.010274 0.017110
