0 0.070312 0.829102 0.027344 0.017578
0 0.129883 0.830078 0.021484 0.023438
0 0.311523 0.756836 0.025391 0.025391
0 0.284180 0.758789 0.013672 0.013672
0 0.431641 0.904297 0.035156 0.027344
0 0.474609 0.900391 0.019531 0.031250
0 0.184570 0.892578 0.025391 0.019531
0 0.211914 0.911133 0.013672 0.017578
0 0.494141 0.731445 0.023438 0.017578
0 0.523438 0.702148 0.011719 0.017578
0 0.460938 0.752930 0.015625 0.013672
0 0.526367 0.756836 0.009766 0.017578
0 0.455078 0.940430 0.011719 0.009766
0 0.362305 0.678711 0.017578 0.017578
0 0.412109 0.681641 0.023438 0.023438
0 0.125000 0.867188 0.019531 0.015625
0 0.589844 0.702148 0.015625 0.017578
0 0.503906 0.677734 0.019531 0.015625
0 0.464844 0.680664 0.019531 0.021484
0 0.176758 0.853516 0.021484 0.019531
0 0.600586 0.754883 0.013672 0.009766
0 0.065430 0.901367 0.037109 0.033203
0 0.349609 0.863281 0.023438 0.035156
0 0.210938 0.823242 0.039062 0.021484
0 0.157227 0.818359 0.013672 0.015625
0 0.443359 0.865234 0.027344 0.035156
0 0.398438 0.865234 0.023438 0.027344
0 0.430664 0.708008 0.017578 0.013672
0 0.372070 0.709961 0.013672 0.017578
0 0.241211 0.939453 0.025391 0.039062
