0 0.744531 0.537500 0.051562 0.078125
0 0.333594 0.266406 0.039062 0.023438
0 0.325781 0.294531 0.017188 0.017188
0 0.625000 0.446875 0.043750 0.046875
0 0.578906 0.459375 0.014063 0.012500
0 0.247656 0.225781 0.026562 0.032813
0 0.368750 0.521094 0.015625 0.014063
0 0.414844 0.503125 0.014063 0.021875
0 0.100000 0.573438 0.018750 0.021875
0 0.415625 0.321094 0.021875 0.020313
0 0.221094 0.725000 0.026562 0.034375
0 0.259375 0.699219 0.012500 0.010937
0 0.338281 0.434375 0.023438 0.025000
0 0.336719 0.458594 0.017188 0.010937
0 0.351562 0.714844 0.025000 0.032813
0 0.397656 0.690625 0.014063 0.012500
0 0.832812 0.300781 0.025000 0.029687
0 0.875781 0.280469 0.014063 0.014063
0 0.671875 0.448437 0.012500 0.006250
0 0.388281 0.521875 0.010937 0.012500
0 0.247656 0.167187 0.023438 0.021875
0 0.232031 0.133594 0.014063 0.014063
0 0.832031 0.350000 0.014063 0.031250
0 0.122656 0.638281 0.039062 0.042188
0 0.169531 0.620313 0.010937 0.012500
0 0.759375 0.457031 0.037500 0.026562
0 0.802344 0.417187 0.029687 0.037500
0 0.771875 0.367969 0.034375 0.035937
0 0.291406 0.212500 0.039062 0.021875
0 0.866406 0.440625 0.020313 0.025000
0 0.380469 0.350781 0.007812 0.014063
