0 0.929688 0.583984 0.019531 0.019531
0 0.743164 0.360352 0.033203 0.033203
0 0.738281 0.319336 0.019531 0.017578
0 0.828125 0.447266 0.039062 0.039062
0 0.876953 0.543945 0.035156 0.041016
0 0.914062 0.553711 0.007812 0.017578
0 0.958984 0.375000 0.015625 0.015625
0 0.756836 0.651367 0.009766 0.017578
0 0.956055 0.678711 0.029297 0.041016
0 0.768555 0.538086 0.029297 0.037109
0 0.742188 0.578125 0.039062 0.023438
0 0.791992 0.668945 0.013672 0.013672
0 0.838867 0.509766 0.025391 0.019531
0 0.834961 0.383789 0.021484 0.017578
0 0.877930 0.417969 0.037109 0.035156
0 0.751953 0.467773 0.031250 0.037109
0 0.752930 0.423828 0.009766 0.011719
0 0.891602 0.320312 0.037109 0.039062
0 0.891602 0.661133 0.037109 0.041016
0 0.954102 0.443359 0.021484 0.015625
0 0.949219 0.467773 0.019531 0.017578
