0 0.614062 0.594531 0.015625 0.014063
0 0.561719 0.697656 0.020313 0.026562
0 0.621094 0.785156 0.014063 0.017188
0 0.643750 0.753906 0.021875 0.023438
0 0.641406 0.784375 0.010937 0.018750
0 0.641406 0.693750 0.026562 0.034375
0 0.558594 0.865625 0.014063 0.012500
0 0.562500 0.820312 0.018750 0.015625
0 0.589063 0.763281 0.021875 0.020313
0 0.590625 0.734375 0.015625 0.015625
0 0.643750 0.601562 0.015625 0.015625
0 0.640625 0.558594 0.015625 0.010937
0 0.616406 0.646875 0.017188 0.015625
0 0.592969 0.821094 0.017188 0.017188
0 0.636719 0.836719 0.010937 0.014063
0 0.638281 0.810937 0.014063 0.021875
0 0.590625 0.564063 0.025000 0.015625
0 0.612500 0.868750 0.012500 0.009375
0 0.562500 0.595313 0.018750 0.031250
0 0.565625 0.628125 0.021875 0.012500
0 0.563281 0.725000 0.014063 0.012500
0 0.593750 0.702344 0.012500 0.010937
0 0.588281 0.668750 0.023438 0.018750
