0 0.403320 0.870117 0.029297 0.025391
0 0.455078 0.860352 0.011719 0.013672
0 0.433594 0.862305 0.011719 0.017578
0 0.309570 0.833008 0.021484 0.013672
0 0.921875 0.182617 0.019531 0.025391
0 0.951172 0.168945 0.011719 0.005859
0 0.308594 0.408203 0.039062 0.046875
0 0.552734 0.040039 0.042969 0.037109
0 0.873047 0.132812 0.019531 0.027344
0 0.843750 0.142578 0.019531 0.031250
0 0.517578 0.383789 0.035156 0.025391
0 0.298828 0.230469 0.023438 0.019531
0 0.380859 0.385742 0.031250 0.017578
0 0.401367 0.425781 0.017578 0.019531
0 0.348633 0.935547 0.041016 0.035156
0 0.461914 0.827148 0.009766 0.021484
0 0.437500 0.833984 0.015625 0.015625
0 0.442383 0.246094 0.033203 0.035156
0 0.371094 0.282227 0.046875 0.041016
0 0.775391 0.281250 0.031250 0.031250
0 0.781250 0.251953 0.015625 0.007812
0 0.748047 0.242188 0.031250 0.031250
0 0.361328 0.899414 0.019531 0.013672
0 0.667969 0.280273 0.023438 0.033203
0 0.700195 0.279297 0.021484 0.019531
0 0.460938 0.938477 0.007812 0.013672
0 0.340820 0.865234 0.029297 0.031250
0 0.380859 0.159180 0.050781 0.048828
0 0.298828 0.943359 0.015625 0.007812
0 0.445312 0.047852 0.042969 0.029297
