0 0.699609 0.247222 0.008594 0.011111
0 0.403906 0.044444 0.014063 0.019444
0 0.337891 0.059028 0.007031 0.012500
0 0.645703 0.079861 0.013281 0.026389
0 0.602344 0.086806 0.015625 0.031944
0 0.461328 0.245833 0.017969 0.022222
0 0.523828 0.243750 0.017969 0.040278
0 0.774609 0.140278 0.008594 0.016667
0 0.602734 0.325694 0.005469 0.020833
0 0.577344 0.281250 0.009375 0.012500
0 0.658594 0.250000 0.010937 0.019444
0 0.603906 0.165278 0.018750 0.038889
0 0.612109 0.132639 0.014844 0.015278
0 0.306250 0.365972 0.009375 0.029167
0 0.384766 0.380556 0.011719 0.016667
0 0.750000 0.376389 0.018750 0.030556
0 0.441016 0.064583 0.019531 0.023611
0 0.532031 0.079861 0.012500 0.009722
0 0.365625 0.169444 0.004687 0.013889
0 0.388281 0.268056 0.007812 0.030556
0 0.698828 0.063194 0.021094 0.037500
0 0.784766 0.034722 0.007031 0.011111
0 0.425000 0.177778 0.006250 0.022222
0 0.446484 0.186806 0.011719 0.029167
0 0.437109 0.377778 0.007031 0.016667
