0 0.580078 0.477539 0.039062 0.025391
0 0.427734 0.797852 0.015625 0.013672
0 0.403320 0.788086 0.017578 0.017578
0 0.661133 0.453125 0.013672 0.011719
0 0.629883 0.485352 0.021484 0.041016
0 0.083984 0.505859 0.027344 0.035156
0 0.074219 0.541016 0.031250 0.015625
0 0.167969 0.669922 0.011719 0.015625
0 0.894531 0.247070 0.019531 0.033203
0 0.246094 0.512695 0.019531 0.017578
0 0.783203 0.384766 0.007812 0.015625
0 0.751953 0.372070 0.035156 0.044922
0 0.242188 0.439453 0.039062 0.042969
0 0.276367 0.449219 0.013672 0.027344
0 0.353516 0.884766 0.031250 0.027344
0 0.813477 0.481445 0.013672 0.013672
0 0.818359 0.454102 0.011719 0.013672
0 0.793945 0.561523 0.041016 0.025391
0 0.734375 0.557617 0.007812 0.013672
0 0.817383 0.226562 0.009766 0.015625
0 0.609375 0.714844 0.019531 0.007812
0 0.167969 0.761719 0.011719 0.015625
0 0.690430 0.751953 0.013672 0.019531
0 0.637695 0.301758 0.041016 0.037109
0 0.691406 0.287109 0.042969 0.023438
0 0.895508 0.483398 0.021484 0.021484
0 0.818359 0.333984 0.023438 0.019531
0 0.822266 0.302734 0.015625 0.015625
0 0.398438 0.680664 0.023438 0.025391
0 0.173828 0.516602 0.011719 0.013672
