0 0.398438 0.825195 0.031250 0.021484
0 0.444336 0.833984 0.005859 0.015625
0 0.241211 0.673828 0.037109 0.042969
0 0.223633 0.825195 0.021484 0.017578
0 0.455078 0.677734 0.039062 0.042969
0 0.211914 0.773438 0.029297 0.019531
0 0.302734 0.680664 0.023438 0.025391
0 0.353516 0.683594 0.035156 0.031250
0 0.093750 0.786133 0.015625 0.017578
0 0.140625 0.709961 0.011719 0.009766
0 0.458984 0.770508 0.019531 0.017578
0 0.251953 0.741211 0.027344 0.017578
0 0.191406 0.717773 0.035156 0.025391
0 0.348633 0.816406 0.017578 0.011719
0 0.137695 0.833984 0.021484 0.015625
0 0.133789 0.809570 0.037109 0.017578
0 0.333984 0.777344 0.011719 0.019531
0 0.304688 0.766602 0.015625 0.009766
0 0.109375 0.666016 0.031250 0.035156
0 0.302734 0.731445 0.039062 0.033203
0 0.348633 0.738281 0.021484 0.019531
0 0.463867 0.733398 0.025391 0.029297
0 0.395508 0.725586 0.029297 0.025391
