0 0.740234 0.110352 0.011719 0.025391
0 0.492188 0.114258 0.035156 0.017578
0 0.528320 0.101562 0.021484 0.015625
0 0.532227 0.220703 0.017578 0.023438
0 0.393555 0.116211 0.025391 0.021484
0 0.509766 0.179688 0.015625 0.023438
0 0.667969 0.150391 0.035156 0.023438
0 0.536133 0.160156 0.013672 0.011719
0 0.481445 0.152344 0.021484 0.015625
0 0.443359 0.143555 0.019531 0.021484
0 0.356445 0.159180 0.013672 0.013672
0 0.710938 0.188477 0.019531 0.025391
0 0.795898 0.228516 0.029297 0.007812
0 0.761719 0.217773 0.019531 0.021484
0 0.595703 0.225586 0.031250 0.017578
0 0.629883 0.213867 0.017578 0.021484
0 0.390625 0.176758 0.015625 0.017578
0 0.643555 0.110352 0.021484 0.017578
0 0.672852 0.111328 0.017578 0.019531
0 0.440430 0.211914 0.021484 0.017578
0 0.402344 0.220703 0.039062 0.035156
0 0.622070 0.181641 0.013672 0.015625
0 0.592773 0.188477 0.017578 0.025391
0 0.786133 0.154297 0.021484 0.019531
