0 0.359375 0.467773 0.011719 0.021484
0 0.336914 0.463867 0.009766 0.013672
0 0.200195 0.503906 0.033203 0.011719
0 0.204102 0.459961 0.025391 0.021484
0 0.189453 0.909180 0.011719 0.009766
0 0.702148 0.960938 0.017578 0.015625
0 0.296875 0.691406 0.023438 0.011719
0 0.296875 0.648438 0.019531 0.023438
0 0.762695 0.947266 0.013672 0.031250
0 0.751953 0.977539 0.015625 0.013672
0 0.787109 0.887695 0.011719 0.005859
0 0.418945 0.523438 0.013672 0.011719
0 0.436523 0.485352 0.044922 0.044922
0 0.765625 0.807617 0.015625 0.025391
0 0.793945 0.802734 0.013672 0.015625
0 0.788086 0.780273 0.017578 0.013672
0 0.355469 0.389648 0.019531 0.013672
0 0.347656 0.432617 0.019531 0.021484
0 0.781250 0.855469 0.015625 0.023438
0 0.702148 0.790039 0.021484 0.013672
0 0.697266 0.818359 0.019531 0.011719
0 0.701172 0.888672 0.027344 0.019531
0 0.702148 0.925781 0.017578 0.007812
0 0.200195 0.374023 0.025391 0.029297
0 0.199219 0.419922 0.039062 0.039062
0 0.414062 0.571289 0.015625 0.025391
0 0.470703 0.591797 0.027344 0.023438
0 0.436523 0.669922 0.017578 0.015625
0 0.493164 0.644531 0.041016 0.039062
0 0.189453 0.799805 0.031250 0.021484
