0 0.707031 0.342187 0.020313 0.021875
0 0.414844 0.689844 0.029687 0.014063
0 0.403906 0.664844 0.020313 0.020313
0 0.432031 0.662500 0.014063 0.015625
0 0.636719 0.459375 0.020313 0.021875
0 0.592969 0.514844 0.017188 0.035937
0 0.719531 0.139063 0.014063 0.015625
0 0.717187 0.186719 0.025000 0.026562
0 0.634375 0.562500 0.021875 0.012500
0 0.765625 0.667969 0.034375 0.035937
0 0.694531 0.544531 0.029687 0.026562
0 0.682813 0.607812 0.018750 0.021875
0 0.813281 0.571094 0.020313 0.023438
0 0.522656 0.421094 0.017188 0.017188
0 0.551562 0.435937 0.012500 0.006250
0 0.668750 0.142969 0.043750 0.042188
0 0.589844 0.460156 0.032813 0.017188
0 0.600781 0.553125 0.010937 0.018750
0 0.576562 0.549219 0.018750 0.020313
0 0.638281 0.594531 0.039062 0.020313
0 0.656250 0.561719 0.009375 0.010937
0 0.762500 0.766406 0.015625 0.010937
0 0.743750 0.790625 0.009375 0.009375
0 0.317969 0.687500 0.017188 0.015625
0 0.665625 0.308594 0.037500 0.029687
0 0.763281 0.319531 0.029687 0.026562
0 0.762500 0.363281 0.012500 0.010937
0 0.685156 0.464844 0.029687 0.026562
0 0.684375 0.650000 0.021875 0.028125
0 0.314063 0.660156 0.006250 0.014063
