0 0.453125 0.333984 0.019531 0.019531
0 0.307617 0.326172 0.033203 0.019531
0 0.305664 0.368164 0.017578 0.017578
0 0.497070 0.308594 0.021484 0.023438
0 0.544922 0.275391 0.015625 0.015625
0 0.539062 0.311523 0.011719 0.009766
0 0.444336 0.265625 0.025391 0.023438
0 0.595703 0.268555 0.042969 0.025391
0 0.435547 0.301758 0.027344 0.029297
0 0.368164 0.241211 0.025391 0.025391
0 0.430664 0.233398 0.041016 0.021484
0 0.546875 0.229492 0.027344 0.025391
0 0.282227 0.223633 0.017578 0.017578
0 0.333984 0.139648 0.035156 0.037109
0 0.259766 0.124023 0.019531 0.013672
0 0.506836 0.350586 0.021484 0.029297
0 0.524414 0.382812 0.021484 0.015625
0 0.362305 0.504883 0.021484 0.017578
0 0.440430 0.491211 0.021484 0.029297
0 0.514648 0.121094 0.017578 0.015625
0 0.537109 0.185547 0.015625 0.027344
0 0.647461 0.240234 0.033203 0.042969
0 0.581055 0.299805 0.013672 0.017578
0 0.462891 0.231445 0.007812 0.013672
0 0.659180 0.343750 0.029297 0.023438
0 0.614258 0.361328 0.033203 0.035156
0 0.500000 0.223633 0.035156 0.037109
0 0.662109 0.164062 0.023438 0.023438
0 0.504883 0.268555 0.017578 0.013672
0 0.552734 0.476562 0.027344 0.039062
