0 0.659639 0.622807 0.042169 0.035088
0 0.358434 0.647661 0.036145 0.038012
0 0.436747 0.656433 0.030120 0.020468
0 0.682229 0.752924 0.027108 0.032164
0 0.953313 0.748538 0.033133 0.029240
0 0.588855 0.555556 0.021084 0.029240
0 0.948795 0.644737 0.018072 0.020468
0 0.902108 0.555556 0.021084 0.029240
0 0.974398 0.567251 0.015060 0.017544
0 0.359940 0.697368 0.033133 0.026316
0 0.406627 0.558480 0.024096 0.035088
0 0.484940 0.707602 0.024096 0.011696
0 0.396084 0.684211 0.015060 0.029240
0 0.477410 0.608187 0.027108 0.035088
0 0.590361 0.761696 0.030120 0.032164
0 0.692771 0.717836 0.018072 0.008772
0 0.840361 0.698830 0.036145 0.035088
0 0.474398 0.652047 0.015060 0.029240
0 0.362952 0.597953 0.015060 0.026316
0 0.530120 0.637427 0.030120 0.035088
0 0.602410 0.634503 0.048193 0.040936
0 0.408133 0.614035 0.021084 0.023392
0 0.436747 0.565789 0.012048 0.008772
0 0.445783 0.543860 0.018072 0.011696
0 0.445783 0.597953 0.012048 0.014620
0 0.427711 0.695906 0.018072 0.023392
0 0.397590 0.649123 0.012048 0.017544
0 0.352410 0.557018 0.024096 0.020468
0 0.843373 0.643275 0.018072 0.029240
0 0.814759 0.788012 0.045181 0.038012
