0 0.491211 0.722656 0.013672 0.015625
0 0.479492 0.670898 0.025391 0.017578
0 0.554688 0.166992 0.039062 0.029297
0 0.570312 0.209961 0.011719 0.009766
0 0.210938 0.463867 0.015625 0.017578
0 0.248047 0.472656 0.039062 0.039062
0 0.723633 0.418945 0.009766 0.021484
0 0.726562 0.383789 0.035156 0.029297
0 0.270508 0.639648 0.037109 0.037109
0 0.243164 0.425781 0.021484 0.031250
0 0.716797 0.317383 0.023438 0.013672
0 0.695312 0.273438 0.027344 0.031250
0 0.512695 0.689453 0.025391 0.027344
0 0.518555 0.720703 0.021484 0.015625
0 0.375977 0.383789 0.033203 0.029297
0 0.582031 0.607422 0.015625 0.019531
0 0.331055 0.515625 0.025391 0.023438
0 0.366211 0.531250 0.029297 0.019531
0 0.405273 0.518555 0.021484 0.033203
0 0.173828 0.541992 0.011719 0.017578
0 0.578125 0.562500 0.019531 0.019531
0 0.583984 0.520508 0.015625 0.017578
0 0.650391 0.204102 0.050781 0.052734
0 0.631836 0.391602 0.029297 0.033203
0 0.583008 0.761719 0.009766 0.015625
0 0.577148 0.801758 0.013672 0.017578
0 0.731445 0.190430 0.037109 0.009766
0 0.537109 0.522461 0.011719 0.009766
0 0.455078 0.395508 0.027344 0.025391
0 0.425781 0.399414 0.015625 0.013672
