0 0.832031 0.321875 0.014063 0.012500
0 0.271875 0.649219 0.028125 0.035937
0 0.828906 0.429688 0.010937 0.018750
0 0.852344 0.439844 0.014063 0.029687
0 0.714063 0.840625 0.012500 0.012500
0 0.786719 0.459375 0.014063 0.015625
0 0.748437 0.450781 0.012500 0.029687
0 0.330469 0.590625 0.010937 0.015625
0 0.381250 0.603906 0.037500 0.020313
0 0.580469 0.504687 0.042188 0.046875
0 0.650000 0.695312 0.034375 0.037500
0 0.619531 0.691406 0.014063 0.010937
0 0.615625 0.254688 0.021875 0.034375
0 0.648438 0.272656 0.025000 0.023438
0 0.648438 0.393750 0.031250 0.034375
0 0.586719 0.866406 0.010937 0.014063
0 0.428906 0.560937 0.020313 0.018750
0 0.351562 0.478906 0.015625 0.014063
0 0.352344 0.514844 0.017188 0.017188
0 0.438281 0.655469 0.035937 0.035937
0 0.492188 0.657031 0.040625 0.039062
0 0.221875 0.609375 0.031250 0.034375
0 0.253906 0.560156 0.023438 0.029687
0 0.321094 0.556250 0.020313 0.021875
0 0.775000 0.271094 0.012500 0.010937
0 0.703125 0.329688 0.018750 0.021875
0 0.842187 0.391406 0.018750 0.026562
0 0.654687 0.596094 0.021875 0.020313
0 0.635156 0.556250 0.007812 0.012500
0 0.621875 0.505469 0.028125 0.026562
