0 0.310000 0.877535 0.008333 0.014041
0 0.506667 0.894696 0.006667 0.010920
0 0.241667 0.541342 0.015000 0.024961
0 0.224583 0.549142 0.009167 0.015601
0 0.263750 0.475039 0.005833 0.014041
0 0.201667 0.478939 0.021667 0.031201
0 0.578333 0.896256 0.006667 0.014041
0 0.153333 0.545242 0.010000 0.023401
0 0.076667 0.535881 0.006667 0.007800
0 0.413750 0.864275 0.005833 0.012480
0 0.386667 0.863495 0.008333 0.014041
0 0.142083 0.482059 0.007500 0.018721
0 0.606250 0.879875 0.007500 0.009360
0 0.559583 0.878315 0.009167 0.015601
0 0.452500 0.476599 0.016667 0.010920
0 0.506250 0.548362 0.009167 0.014041
0 0.490833 0.542902 0.011667 0.018721
0 0.155833 0.574883 0.013333 0.023401
0 0.097917 0.569423 0.012500 0.021841
0 0.142917 0.515601 0.009167 0.017161
0 0.499583 0.860374 0.007500 0.010920
0 0.457500 0.576443 0.010000 0.017161
0 0.410417 0.574103 0.007500 0.024961
0 0.608750 0.910296 0.004167 0.014041
0 0.335000 0.894696 0.006667 0.014041
0 0.350000 0.898596 0.010000 0.009360
0 0.455833 0.900156 0.011667 0.006240
0 0.408750 0.895476 0.009167 0.015601
0 0.583750 0.861154 0.009167 0.012480
0 0.605833 0.861934 0.010000 0.014041
