0 0.375977 0.566406 0.025391 0.023438
0 0.381836 0.521484 0.041016 0.023438
0 0.343750 0.575195 0.023438 0.033203
0 0.376953 0.158203 0.035156 0.027344
0 0.380859 0.216797 0.042969 0.031250
0 0.393555 0.328125 0.037109 0.023438
0 0.379883 0.285156 0.021484 0.011719
0 0.323242 0.199219 0.017578 0.011719
0 0.284180 0.371094 0.013672 0.011719
0 0.429688 0.279297 0.023438 0.019531
0 0.456055 0.358398 0.021484 0.013672
0 0.274414 0.325195 0.044922 0.044922
0 0.269531 0.515625 0.019531 0.019531
0 0.291016 0.585938 0.015625 0.019531
0 0.439453 0.516602 0.027344 0.013672
0 0.428711 0.579102 0.025391 0.017578
0 0.281250 0.184570 0.015625 0.025391
0 0.274414 0.236328 0.021484 0.019531
0 0.436523 0.188477 0.033203 0.033203
0 0.335938 0.294922 0.027344 0.015625
0 0.320312 0.377930 0.015625 0.009766
0 0.338867 0.415039 0.013672 0.017578
0 0.423828 0.387695 0.015625 0.013672
0 0.461914 0.425781 0.013672 0.027344
0 0.386719 0.453125 0.042969 0.042969
0 0.382812 0.401367 0.019531 0.013672
