0 0.311523 0.518555 0.013672 0.009766
0 0.343750 0.508789 0.035156 0.037109
0 0.459961 0.474609 0.017578 0.019531
0 0.514648 0.470703 0.025391 0.027344
0 0.497070 0.385742 0.033203 0.033203
0 0.464844 0.390625 0.015625 0.007812
0 0.422852 0.511719 0.033203 0.039062
0 0.387695 0.499023 0.021484 0.017578
0 0.343750 0.377930 0.015625 0.021484
0 0.307617 0.385742 0.037109 0.037109
0 0.376953 0.469727 0.023438 0.021484
0 0.416992 0.460938 0.037109 0.019531
0 0.652344 0.557617 0.019531 0.037109
0 0.675781 0.587891 0.011719 0.015625
0 0.459961 0.514648 0.017578 0.017578
0 0.507812 0.510742 0.042969 0.029297
0 0.474609 0.427734 0.023438 0.023438
0 0.581055 0.469727 0.017578 0.013672
0 0.548828 0.473633 0.027344 0.029297
0 0.294922 0.461914 0.023438 0.025391
0 0.562500 0.429688 0.027344 0.031250
0 0.602539 0.435547 0.025391 0.019531
0 0.588867 0.590820 0.025391 0.029297
0 0.651367 0.871094 0.017578 0.007812
0 0.649414 0.823242 0.025391 0.021484
0 0.595703 0.388672 0.046875 0.035156
0 0.644531 0.755859 0.019531 0.011719
0 0.517578 0.815430 0.019531 0.017578
0 0.406250 0.427734 0.027344 0.031250
0 0.599609 0.732422 0.023438 0.015625
