0 0.347500 0.752122 0.021667 0.023769
0 0.341667 0.704584 0.016667 0.016978
0 0.440833 0.666384 0.018333 0.025467
0 0.434167 0.628183 0.015000 0.020374
0 0.377500 0.790323 0.028333 0.022071
0 0.376667 0.823430 0.026667 0.027165
0 0.444167 0.723260 0.015000 0.010187
0 0.407500 0.842105 0.015000 0.013582
0 0.408333 0.797114 0.013333 0.008489
0 0.433333 0.788625 0.016667 0.011885
0 0.348333 0.548387 0.013333 0.016978
0 0.348333 0.578098 0.026667 0.025467
0 0.403333 0.707131 0.023333 0.022071
0 0.431667 0.589134 0.016667 0.010187
0 0.435000 0.546689 0.026667 0.027165
0 0.373333 0.583192 0.010000 0.015280
0 0.380833 0.536503 0.018333 0.023769
0 0.400833 0.578098 0.015000 0.028862
0 0.403333 0.646010 0.016667 0.022071
0 0.375833 0.732598 0.015000 0.015280
0 0.379167 0.762309 0.011667 0.013582
0 0.385000 0.617997 0.006667 0.013582
0 0.377500 0.646010 0.021667 0.025467
0 0.347500 0.640917 0.025000 0.025467
0 0.345000 0.846350 0.023333 0.028862
0 0.345833 0.805603 0.018333 0.015280
