0 0.103516 0.505859 0.015625 0.011719
0 0.076660 0.466146 0.016602 0.023438
0 0.053711 0.704427 0.011719 0.015625
0 0.199219 0.781901 0.021484 0.029948
0 0.158691 0.801432 0.032227 0.040365
0 0.373047 0.687500 0.009766 0.005208
0 0.448242 0.480469 0.023438 0.015625
0 0.440918 0.534505 0.020508 0.022135
0 0.057617 0.621094 0.005859 0.026042
0 0.053711 0.807292 0.011719 0.020833
0 0.097168 0.850260 0.010742 0.007812
0 0.258789 0.797526 0.017578 0.022135
0 0.445801 0.571615 0.016602 0.013021
0 0.402344 0.571615 0.011719 0.036458
0 0.234863 0.509766 0.016602 0.029948
0 0.162109 0.469401 0.033203 0.040365
0 0.326660 0.733073 0.032227 0.044271
0 0.191406 0.615885 0.013672 0.015625
0 0.215820 0.559896 0.013672 0.018229
0 0.388184 0.816406 0.028320 0.033854
0 0.181152 0.681641 0.020508 0.022135
0 0.292480 0.570312 0.032227 0.031250
0 0.260742 0.622396 0.025391 0.044271
0 0.295410 0.524089 0.006836 0.016927
