0 0.583916 0.818182 0.013986 0.045455
0 0.548951 0.838068 0.013986 0.028409
0 0.620629 0.892045 0.017483 0.045455
0 0.286713 0.613636 0.013986 0.034091
0 0.241259 0.613636 0.027972 0.034091
0 0.657343 0.693182 0.027972 0.034091
0 0.692308 0.693182 0.013986 0.022727
0 0.500000 0.696023 0.013986 0.028409
0 0.527972 0.687500 0.013986 0.022727
0 0.314685 0.653409 0.013986 0.022727
0 0.244755 0.690341 0.013986 0.028409
0 0.305944 0.698864 0.017483 0.022727
0 0.669580 0.818182 0.010490 0.022727
0 0.681818 0.769886 0.013986 0.017045
0 0.653846 0.758523 0.013986 0.028409
0 0.569930 0.750000 0.013986 0.034091
0 0.566434 0.701705 0.013986 0.017045
0 0.520979 0.900568 0.013986 0.028409
0 0.493007 0.872159 0.013986 0.017045
0 0.531469 0.775568 0.013986 0.017045
0 0.258741 0.562500 0.013986 0.022727
0 0.430070 0.571023 0.013986 0.028409
0 0.195804 0.607955 0.013986 0.022727
0 0.152098 0.568182 0.017483 0.022727
0 0.666084 0.889205 0.024476 0.039773
0 0.139860 0.690341 0.020979 0.039773
0 0.195804 0.659091 0.020979 0.022727
0 0.342657 0.610795 0.013986 0.028409
0 0.384615 0.605114 0.020979 0.028409
0 0.622378 0.812500 0.027972 0.022727
