0 0.225781 0.316406 0.020313 0.020313
0 0.232813 0.292187 0.018750 0.009375
0 0.257812 0.094531 0.021875 0.017188
0 0.645312 0.500000 0.021875 0.015625
0 0.263281 0.218750 0.014063 0.015625
0 0.257812 0.146094 0.018750 0.010937
0 0.275000 0.439063 0.009375 0.015625
0 0.290625 0.397656 0.012500 0.014063
0 0.200781 0.403906 0.020313 0.026562
0 0.711719 0.516406 0.026562 0.017188
0 0.716406 0.542188 0.020313 0.015625
0 0.644531 0.646094 0.029687 0.042188
0 0.644531 0.596875 0.023438 0.021875
0 0.682813 0.325000 0.021875 0.021875
0 0.199219 0.160156 0.026562 0.020313
0 0.197656 0.198437 0.026562 0.025000
0 0.646094 0.282813 0.032813 0.025000
0 0.642969 0.228125 0.023438 0.018750
0 0.285156 0.052344 0.029687 0.039062
0 0.639844 0.413281 0.014063 0.014063
0 0.742969 0.478906 0.014063 0.014063
0 0.191406 0.263281 0.010937 0.017188
0 0.191406 0.333594 0.007812 0.020313
0 0.251563 0.435156 0.018750 0.017188
0 0.228906 0.053125 0.014063 0.012500
0 0.226562 0.085938 0.015625 0.015625
0 0.681250 0.570312 0.028125 0.021875
0 0.679688 0.532813 0.021875 0.025000
0 0.678906 0.462500 0.020313 0.018750
0 0.714063 0.227344 0.012500 0.014063
