0 0.607325 0.610092 0.015332 0.016514
0 0.652470 0.691743 0.037479 0.025688
0 0.495741 0.583486 0.037479 0.040367
0 0.772572 0.506422 0.018739 0.029358
0 0.652470 0.768807 0.020443 0.018349
0 0.601363 0.719266 0.010221 0.014679
0 0.493186 0.786239 0.022147 0.012844
0 0.469336 0.172477 0.032368 0.040367
0 0.603918 0.514679 0.015332 0.031193
0 0.696763 0.483486 0.013629 0.012844
0 0.701022 0.459633 0.032368 0.020183
0 0.746167 0.689908 0.034072 0.022018
0 0.343271 0.055963 0.015332 0.012844
0 0.723169 0.716514 0.011925 0.016514
0 0.697615 0.718349 0.015332 0.027523
0 0.697615 0.770642 0.025554 0.022018
0 0.747871 0.724771 0.010221 0.014679
0 0.385860 0.355046 0.008518 0.020183
0 0.415673 0.107339 0.010221 0.020183
0 0.713799 0.686239 0.013629 0.014679
0 0.666099 0.741284 0.013629 0.018349
0 0.698467 0.502752 0.017036 0.007339
0 0.739353 0.501835 0.010221 0.009174
0 0.759796 0.600917 0.037479 0.023853
0 0.723169 0.596330 0.015332 0.014679
0 0.655877 0.849541 0.030664 0.033028
0 0.685690 0.373394 0.025554 0.023853
0 0.721465 0.366055 0.015332 0.012844
0 0.338160 0.146789 0.028961 0.036697
0 0.790460 0.691743 0.017036 0.018349
