0 0.316191 0.891873 0.019348 0.031680
0 0.790224 0.576446 0.016293 0.028926
0 0.254073 0.558540 0.013238 0.017906
0 0.409369 0.688705 0.012220 0.016529
0 0.954684 0.754821 0.015275 0.030303
0 0.240835 0.722452 0.019348 0.015152
0 0.276477 0.721763 0.027495 0.041322
0 0.528513 0.488981 0.018330 0.024793
0 0.935336 0.663912 0.013238 0.035813
0 0.933809 0.634298 0.010183 0.012397
0 0.574847 0.586088 0.019348 0.028926
0 0.919043 0.721763 0.011202 0.013774
0 0.866090 0.681129 0.009165 0.017906
0 0.876273 0.722452 0.015275 0.017906
0 0.198574 0.710055 0.014257 0.009642
0 0.152749 0.707300 0.004073 0.015152
0 0.958248 0.506887 0.018330 0.035813
0 0.748982 0.967631 0.015275 0.015152
0 0.279532 0.778237 0.007128 0.013774
0 0.385438 0.440771 0.009165 0.011019
0 0.335031 0.422865 0.014257 0.011019
0 0.541242 0.373278 0.027495 0.038567
0 0.204175 0.898072 0.011202 0.016529
0 0.820774 0.718320 0.018330 0.028926
0 0.814664 0.758264 0.012220 0.015152
0 0.863035 0.545455 0.013238 0.011019
0 0.856415 0.590909 0.032587 0.041322
0 0.121181 0.795455 0.012220 0.023416
0 0.423116 0.380854 0.035642 0.048209
0 0.125255 0.841598 0.034623 0.049587
