0 0.606445 0.455078 0.021484 0.019531
0 0.562500 0.456055 0.015625 0.013672
0 0.537109 0.728516 0.027344 0.011719
0 0.306641 0.643555 0.019531 0.021484
0 0.273438 0.649414 0.027344 0.025391
0 0.386719 0.581055 0.035156 0.013672
0 0.354492 0.581055 0.013672 0.017578
0 0.556641 0.625977 0.015625 0.013672
0 0.429688 0.539062 0.011719 0.015625
0 0.395508 0.549805 0.017578 0.025391
0 0.568359 0.658203 0.019531 0.011719
0 0.539062 0.555664 0.011719 0.013672
0 0.709961 0.515625 0.029297 0.031250
0 0.742188 0.515625 0.007812 0.023438
0 0.246094 0.468750 0.035156 0.019531
0 0.316406 0.485352 0.015625 0.013672
0 0.526367 0.520508 0.013672 0.009766
0 0.583008 0.525391 0.029297 0.011719
0 0.537109 0.837891 0.031250 0.031250
0 0.482422 0.812500 0.027344 0.027344
0 0.580078 0.749023 0.011719 0.009766
0 0.577148 0.779297 0.021484 0.015625
0 0.539062 0.325195 0.027344 0.013672
0 0.590820 0.335938 0.009766 0.015625
0 0.838867 0.546875 0.037109 0.023438
0 0.739258 0.587891 0.017578 0.011719
0 0.676758 0.543945 0.013672 0.033203
0 0.401367 0.350586 0.033203 0.033203
0 0.459961 0.768555 0.013672 0.025391
0 0.504883 0.094727 0.017578 0.013672
