0 0.568359 0.344727 0.011719 0.017578
0 0.593750 0.314453 0.015625 0.015625
0 0.648438 0.357422 0.046875 0.046875
0 0.652344 0.309570 0.011719 0.013672
0 0.569336 0.649414 0.041016 0.029297
0 0.771484 0.464844 0.011719 0.015625
0 0.714844 0.414062 0.035156 0.027344
0 0.714844 0.447266 0.023438 0.019531
0 0.713867 0.607422 0.044922 0.042969
0 0.661133 0.616211 0.033203 0.029297
0 0.637695 0.662109 0.025391 0.023438
0 0.812500 0.558594 0.019531 0.027344
0 0.776367 0.506836 0.044922 0.048828
0 0.642578 0.460938 0.027344 0.015625
0 0.665039 0.418945 0.037109 0.044922
0 0.669922 0.545898 0.015625 0.013672
0 0.706055 0.368164 0.017578 0.021484
0 0.791992 0.344727 0.013672 0.013672
0 0.812500 0.301758 0.023438 0.025391
0 0.569336 0.532227 0.017578 0.029297
0 0.723633 0.499023 0.025391 0.025391
0 0.553711 0.403320 0.021484 0.021484
0 0.599609 0.425781 0.019531 0.015625
0 0.782227 0.621094 0.025391 0.019531
