0 0.542969 0.173828 0.023438 0.019531
0 0.653320 0.374023 0.021484 0.021484
0 0.663086 0.415039 0.025391 0.017578
0 0.860352 0.574219 0.017578 0.019531
0 0.817383 0.564453 0.029297 0.031250
0 0.745117 0.314453 0.041016 0.042969
0 0.335938 0.114258 0.027344 0.037109
0 0.296875 0.093750 0.019531 0.019531
0 0.629883 0.569336 0.013672 0.025391
0 0.597656 0.564453 0.023438 0.019531
0 0.650391 0.182617 0.027344 0.033203
0 0.899414 0.314453 0.029297 0.027344
0 0.390625 0.060547 0.023438 0.011719
0 0.435547 0.049805 0.011719 0.009766
0 0.805664 0.677734 0.037109 0.027344
0 0.862305 0.676758 0.009766 0.013672
0 0.900391 0.562500 0.015625 0.039062
0 0.251953 0.652344 0.027344 0.039062
0 0.741211 0.740234 0.025391 0.027344
0 0.699219 0.751953 0.019531 0.027344
0 0.342773 0.511719 0.017578 0.015625
0 0.374023 0.729492 0.037109 0.044922
0 0.713867 0.213867 0.013672 0.013672
0 0.719727 0.164062 0.021484 0.019531
0 0.266602 0.896484 0.025391 0.011719
0 0.244141 0.843750 0.015625 0.011719
0 0.174805 0.874023 0.021484 0.021484
0 0.696289 0.666016 0.017578 0.015625
0 0.734375 0.687500 0.042969 0.042969
0 0.281250 0.558594 0.027344 0.031250
