0 0.334961 0.190430 0.017578 0.021484
0 0.327148 0.224609 0.021484 0.015625
0 0.916016 0.741211 0.011719 0.005859
0 0.758789 0.557617 0.017578 0.021484
0 0.274414 0.275391 0.017578 0.019531
0 0.816406 0.390625 0.027344 0.019531
0 0.818359 0.416016 0.031250 0.015625
0 0.760742 0.499023 0.025391 0.017578
0 0.912109 0.797852 0.011719 0.013672
0 0.910156 0.837891 0.015625 0.015625
0 0.279297 0.160156 0.035156 0.019531
0 0.239258 0.157227 0.029297 0.025391
0 0.928711 0.525391 0.029297 0.023438
0 0.788086 0.567383 0.021484 0.025391
0 0.792969 0.483398 0.015625 0.013672
0 0.942383 0.608398 0.017578 0.013672
0 0.941406 0.572266 0.007812 0.015625
0 0.240234 0.229492 0.023438 0.025391
0 0.282227 0.230469 0.013672 0.015625
0 0.361328 0.268555 0.019531 0.017578
0 0.882812 0.544922 0.019531 0.011719
0 0.891602 0.478516 0.021484 0.031250
0 0.891602 0.518555 0.013672 0.013672
0 0.785156 0.796875 0.027344 0.031250
0 0.783203 0.745117 0.015625 0.025391
0 0.117188 0.159180 0.015625 0.017578
0 0.384766 0.230469 0.031250 0.027344
0 0.942383 0.698242 0.013672 0.013672
0 0.935547 0.731445 0.011719 0.009766
0 0.128906 0.120117 0.011719 0.013672
