0 0.714844 0.809570 0.007812 0.013672
0 0.685547 0.813477 0.011719 0.013672
0 0.694336 0.753906 0.044922 0.042969
0 0.679688 0.554688 0.031250 0.035156
0 0.703125 0.617188 0.015625 0.015625
0 0.729492 0.628906 0.017578 0.035156
0 0.637695 0.911133 0.021484 0.041016
0 0.594727 0.908203 0.013672 0.011719
0 0.192383 0.727539 0.021484 0.009766
0 0.868164 0.900391 0.009766 0.015625
0 0.814453 0.915039 0.027344 0.041016
0 0.758789 0.774414 0.009766 0.017578
0 0.591797 0.727539 0.027344 0.033203
0 0.641602 0.728516 0.021484 0.019531
0 0.771484 0.845703 0.011719 0.011719
0 0.869141 0.643555 0.015625 0.009766
0 0.543945 0.719727 0.041016 0.025391
0 0.145508 0.547852 0.021484 0.013672
0 0.406250 0.567383 0.019531 0.017578
0 0.192383 0.704102 0.013672 0.013672
0 0.616211 0.873047 0.017578 0.015625
0 0.652344 0.848633 0.035156 0.029297
0 0.181641 0.676758 0.011719 0.009766
0 0.216797 0.688477 0.011719 0.009766
0 0.368164 0.615234 0.009766 0.015625
0 0.490234 0.798828 0.015625 0.015625
0 0.539062 0.804688 0.015625 0.011719
0 0.608398 0.605469 0.037109 0.015625
0 0.589844 0.637695 0.011719 0.017578
0 0.240234 0.618164 0.011719 0.009766
