0 0.305664 0.314453 0.013672 0.019531
0 0.211914 0.487305 0.025391 0.029297
0 0.258789 0.514648 0.021484 0.029297
0 0.332031 0.246094 0.035156 0.031250
0 0.213867 0.225586 0.025391 0.017578
0 0.250977 0.243164 0.017578 0.021484
0 0.346680 0.422852 0.041016 0.029297
0 0.291992 0.426758 0.017578 0.017578
0 0.157227 0.393555 0.041016 0.041016
0 0.156250 0.478516 0.042969 0.042969
0 0.401367 0.243164 0.041016 0.021484
0 0.392578 0.272461 0.023438 0.009766
0 0.355469 0.464844 0.007812 0.015625
0 0.221680 0.307617 0.017578 0.013672
0 0.387695 0.369141 0.013672 0.011719
0 0.420898 0.408203 0.044922 0.046875
0 0.234375 0.411133 0.039062 0.029297
0 0.214844 0.374023 0.023438 0.017578
0 0.153320 0.223633 0.017578 0.017578
0 0.157227 0.352539 0.033203 0.021484
0 0.175781 0.297852 0.035156 0.029297
0 0.384766 0.333008 0.035156 0.029297
0 0.444336 0.316406 0.013672 0.015625
0 0.411133 0.469727 0.037109 0.033203
0 0.443359 0.511719 0.011719 0.023438
