0 0.667969 0.645312 0.017188 0.015625
0 0.726562 0.527344 0.015625 0.026562
0 0.579688 0.760156 0.021875 0.023438
0 0.621875 0.778125 0.012500 0.012500
0 0.567187 0.644531 0.031250 0.032813
0 0.617969 0.633594 0.023438 0.023438
0 0.686719 0.314063 0.032813 0.028125
0 0.660937 0.446875 0.025000 0.031250
0 0.659375 0.482812 0.028125 0.025000
0 0.753125 0.536719 0.025000 0.020313
0 0.556250 0.291406 0.040625 0.039062
0 0.908594 0.727344 0.035937 0.029687
0 0.871094 0.728906 0.014063 0.023438
0 0.750000 0.481250 0.018750 0.025000
0 0.635156 0.403906 0.017188 0.014063
0 0.668750 0.378125 0.012500 0.015625
0 0.484375 0.511719 0.031250 0.029687
0 0.429688 0.479687 0.012500 0.018750
0 0.561719 0.682813 0.029687 0.015625
0 0.600000 0.685937 0.021875 0.021875
0 0.657031 0.684375 0.020313 0.015625
0 0.726562 0.684375 0.034375 0.031250
0 0.686719 0.686719 0.014063 0.020313
0 0.771094 0.274219 0.023438 0.020313
0 0.761719 0.246875 0.023438 0.015625
0 0.694531 0.437500 0.020313 0.028125
0 0.742969 0.317969 0.010937 0.023438
0 0.743750 0.347656 0.012500 0.017188
0 0.767188 0.299219 0.018750 0.014063
0 0.773438 0.329688 0.021875 0.009375
