0 0.409180 0.299805 0.021484 0.009766
0 0.395508 0.353516 0.017578 0.039062
0 0.358398 0.125977 0.029297 0.033203
0 0.399414 0.134766 0.017578 0.019531
0 0.279297 0.429688 0.011719 0.011719
0 0.215820 0.419922 0.017578 0.019531
0 0.577148 0.531250 0.013672 0.019531
0 0.250000 0.207031 0.027344 0.023438
0 0.197266 0.267578 0.015625 0.015625
0 0.613281 0.292969 0.039062 0.027344
0 0.621094 0.340820 0.031250 0.041016
0 0.261719 0.285156 0.015625 0.019531
0 0.345703 0.432617 0.042969 0.044922
0 0.299805 0.409180 0.013672 0.013672
0 0.332031 0.277344 0.015625 0.011719
0 0.356445 0.227539 0.041016 0.025391
0 0.412109 0.166016 0.015625 0.015625
0 0.417969 0.187500 0.011719 0.011719
0 0.565430 0.644531 0.044922 0.046875
0 0.384766 0.563477 0.007812 0.013672
0 0.447266 0.561523 0.011719 0.013672
0 0.303711 0.299805 0.009766 0.017578
0 0.265625 0.326172 0.019531 0.023438
0 0.492188 0.464844 0.011719 0.019531
0 0.553711 0.294922 0.041016 0.035156
0 0.188477 0.178711 0.021484 0.021484
0 0.078125 0.238281 0.039062 0.039062
0 0.034180 0.263672 0.021484 0.019531
0 0.418945 0.250000 0.017578 0.015625
0 0.335938 0.558594 0.027344 0.027344
