0 0.500000 0.889583 0.010000 0.012500
0 0.523750 0.889583 0.010000 0.012500
0 0.669375 0.814583 0.023750 0.025000
0 0.536875 0.754167 0.011250 0.025000
0 0.329375 0.802083 0.021250 0.033333
0 0.369375 0.695833 0.008750 0.025000
0 0.352500 0.693750 0.012500 0.016667
0 0.360625 0.771875 0.013750 0.018750
0 0.653125 0.890625 0.008750 0.010417
0 0.571250 0.914583 0.015000 0.012500
0 0.733750 0.914583 0.007500 0.012500
0 0.721875 0.914583 0.006250 0.012500
0 0.673750 0.850000 0.015000 0.020833
0 0.495000 0.914583 0.010000 0.012500
0 0.468125 0.914583 0.008750 0.012500
0 0.638750 0.877083 0.007500 0.008333
0 0.691250 0.878125 0.007500 0.010417
0 0.634375 0.806250 0.008750 0.025000
0 0.727500 0.804167 0.017500 0.029167
0 0.361875 0.808333 0.011250 0.012500
0 0.922500 0.744792 0.010000 0.014583
0 0.970000 0.741667 0.010000 0.020833
0 0.519375 0.854167 0.013750 0.025000
0 0.539375 0.864583 0.006250 0.008333
0 0.805625 0.769792 0.011250 0.018750
0 0.581875 0.888542 0.011250 0.010417
0 0.356250 0.732292 0.012500 0.031250
0 0.306250 0.759375 0.012500 0.014583
0 0.626250 0.778125 0.007500 0.010417
0 0.605000 0.785417 0.020000 0.033333
