0 0.372656 0.667969 0.032813 0.026562
0 0.332031 0.619531 0.017188 0.026562
0 0.412500 0.608594 0.021875 0.014063
0 0.306250 0.591406 0.028125 0.017188
0 0.414844 0.490625 0.023438 0.028125
0 0.418750 0.436719 0.031250 0.035937
0 0.260156 0.416406 0.035937 0.029687
0 0.496094 0.500781 0.014063 0.023438
0 0.824219 0.728125 0.032813 0.034375
0 0.298438 0.626563 0.025000 0.025000
0 0.389844 0.387500 0.014063 0.009375
0 0.340625 0.661719 0.018750 0.023438
0 0.300000 0.725781 0.034375 0.039062
0 0.420312 0.541406 0.031250 0.020313
0 0.411719 0.576562 0.026562 0.021875
0 0.296875 0.524219 0.025000 0.020313
0 0.456250 0.578125 0.034375 0.037500
0 0.365625 0.590625 0.012500 0.015625
0 0.378906 0.539844 0.020313 0.017188
0 0.785937 0.796875 0.025000 0.025000
0 0.784375 0.942969 0.034375 0.020313
0 0.164062 0.392188 0.025000 0.021875
0 0.853125 0.793750 0.021875 0.015625
0 0.336719 0.715625 0.020313 0.015625
0 0.785937 0.869531 0.031250 0.032813
0 0.302344 0.557031 0.010937 0.026562
0 0.857031 0.861719 0.032813 0.017188
0 0.856250 0.835938 0.028125 0.012500
0 0.216406 0.476562 0.010937 0.015625
0 0.500781 0.598437 0.035937 0.040625
