0 0.090820 0.923828 0.017578 0.007812
0 0.125000 0.926758 0.011719 0.017578
0 0.117188 0.898438 0.019531 0.011719
0 0.132812 0.747070 0.019531 0.017578
0 0.127930 0.802734 0.017578 0.015625
0 0.091797 0.748047 0.023438 0.023438
0 0.146484 0.867188 0.023438 0.019531
0 0.176758 0.875000 0.009766 0.015625
0 0.224609 0.904297 0.011719 0.011719
0 0.199219 0.902344 0.019531 0.015625
0 0.271484 0.903320 0.015625 0.013672
0 0.040039 0.771484 0.009766 0.015625
0 0.087891 0.844727 0.019531 0.017578
0 0.112305 0.839844 0.013672 0.023438
0 0.256836 0.841797 0.017578 0.019531
0 0.279297 0.932617 0.015625 0.017578
0 0.062500 0.776367 0.019531 0.017578
0 0.025391 0.716797 0.007812 0.019531
0 0.056641 0.741211 0.015625 0.013672
0 0.031250 0.744141 0.015625 0.011719
0 0.138672 0.841797 0.015625 0.015625
0 0.130859 0.719727 0.023438 0.013672
0 0.134766 0.770508 0.011719 0.013672
0 0.249023 0.869141 0.013672 0.019531
0 0.065430 0.809570 0.025391 0.021484
0 0.208984 0.860352 0.015625 0.009766
0 0.178711 0.929688 0.013672 0.011719
0 0.156250 0.928711 0.015625 0.029297
0 0.162109 0.898438 0.035156 0.015625
0 0.056641 0.714844 0.015625 0.011719
