0 0.780273 0.842773 0.248047 0.314453
0 0.391602 0.647461 0.029297 0.017578
0 0.721680 0.582031 0.017578 0.019531
0 0.349609 0.751953 0.031250 0.039062
0 0.749023 0.626953 0.041016 0.023438
0 0.706055 0.626953 0.029297 0.019531
0 0.641602 0.702148 0.013672 0.021484
0 0.528320 0.656250 0.025391 0.019531
0 0.616211 0.632812 0.021484 0.035156
0 0.367188 0.571289 0.031250 0.029297
0 0.359375 0.604492 0.011719 0.013672
0 0.497070 0.715820 0.013672 0.017578
0 0.529297 0.568359 0.035156 0.023438
0 0.454102 0.764648 0.037109 0.033203
0 0.531250 0.748047 0.019531 0.011719
0 0.561523 0.781250 0.013672 0.015625
0 0.353516 0.709961 0.019531 0.017578
0 0.414062 0.711914 0.015625 0.021484
0 0.603516 0.595703 0.031250 0.023438
0 0.648438 0.576172 0.027344 0.042969
