0 0.500000 0.840909 0.009524 0.018182
0 0.205357 0.284091 0.017857 0.013636
0 0.545238 0.496591 0.007143 0.011364
0 0.637500 0.890909 0.015476 0.022727
0 0.443452 0.601136 0.020238 0.020455
0 0.448214 0.561364 0.010714 0.018182
0 0.477976 0.582955 0.015476 0.020455
0 0.466667 0.544318 0.014286 0.029545
0 0.448214 0.671591 0.020238 0.038636
0 0.135119 0.203409 0.017857 0.043182
0 0.700595 0.580682 0.013095 0.025000
0 0.413095 0.894318 0.014286 0.029545
0 0.416667 0.851136 0.019048 0.020455
0 0.469643 0.698864 0.010714 0.015909
0 0.573810 0.526136 0.016667 0.038636
0 0.604167 0.497727 0.013095 0.022727
0 0.401786 0.332955 0.020238 0.038636
0 0.700000 0.481818 0.014286 0.036364
0 0.717857 0.470455 0.011905 0.027273
0 0.664881 0.414773 0.022619 0.038636
0 0.507738 0.714773 0.010714 0.015909
0 0.458333 0.235227 0.004762 0.015909
0 0.410119 0.788636 0.010714 0.022727
0 0.416667 0.750000 0.019048 0.036364
0 0.423214 0.688636 0.015476 0.027273
0 0.408929 0.626136 0.010714 0.020455
0 0.466071 0.828409 0.010714 0.029545
0 0.514881 0.634091 0.017857 0.045455
0 0.135714 0.373864 0.021429 0.034091
0 0.438690 0.738636 0.015476 0.036364
