0 0.361719 0.717969 0.023438 0.020313
0 0.328906 0.726562 0.017188 0.037500
0 0.309375 0.776563 0.018750 0.018750
0 0.279687 0.777344 0.028125 0.026562
0 0.210938 0.677344 0.046875 0.042188
0 0.149219 0.728906 0.032813 0.042188
0 0.225781 0.623437 0.035937 0.018750
0 0.370312 0.685156 0.025000 0.020313
0 0.339844 0.684375 0.020313 0.018750
0 0.224219 0.732812 0.039062 0.037500
0 0.221875 0.773438 0.012500 0.015625
0 0.143750 0.667188 0.028125 0.028125
0 0.261719 0.619531 0.010937 0.014063
0 0.296875 0.619531 0.040625 0.042188
0 0.268750 0.675781 0.025000 0.029687
0 0.301563 0.674219 0.025000 0.042188
0 0.343750 0.795312 0.018750 0.028125
0 0.337500 0.636719 0.025000 0.023438
0 0.142969 0.612500 0.039062 0.025000
0 0.259375 0.740625 0.009375 0.012500
0 0.261719 0.711719 0.007812 0.014063
0 0.133594 0.797656 0.014063 0.017188
0 0.167187 0.793750 0.025000 0.025000
