0 0.643750 0.584375 0.015625 0.012500
0 0.560937 0.579688 0.012500 0.012500
0 0.685937 0.436719 0.021875 0.017188
0 0.740625 0.421094 0.043750 0.042188
0 0.912500 0.392188 0.046875 0.046875
0 0.594531 0.425000 0.032813 0.021875
0 0.624219 0.429688 0.014063 0.009375
0 0.664844 0.167969 0.029687 0.032813
0 0.558594 0.517969 0.010937 0.020313
0 0.944531 0.589844 0.032813 0.032813
0 0.623437 0.694531 0.006250 0.014063
0 0.592187 0.653125 0.021875 0.040625
0 0.421094 0.425000 0.017188 0.018750
0 0.457031 0.423438 0.014063 0.015625
0 0.863281 0.603906 0.010937 0.020313
0 0.217188 0.758594 0.015625 0.014063
0 0.228125 0.696875 0.018750 0.028125
0 0.590625 0.509375 0.021875 0.025000
0 0.608594 0.149219 0.010937 0.026562
0 0.603125 0.179688 0.025000 0.021875
0 0.375781 0.546094 0.042188 0.042188
0 0.627344 0.484375 0.014063 0.012500
0 0.427344 0.510938 0.026562 0.025000
0 0.453906 0.508594 0.014063 0.026562
0 0.901563 0.770312 0.021875 0.025000
0 0.914062 0.736719 0.009375 0.017188
0 0.305469 0.396094 0.045312 0.035937
0 0.282813 0.448437 0.009375 0.015625
0 0.667969 0.508594 0.020313 0.023438
0 0.570312 0.453125 0.028125 0.018750
