0 0.674219 0.611111 0.021875 0.038889
0 0.189062 0.754167 0.009375 0.013889
0 0.396484 0.578472 0.014844 0.012500
0 0.337500 0.600694 0.009375 0.012500
0 0.355078 0.744444 0.014844 0.041667
0 0.693750 0.579861 0.009375 0.012500
0 0.662109 0.515972 0.007031 0.012500
0 0.777734 0.466667 0.013281 0.013889
0 0.748828 0.477778 0.016406 0.027778
0 0.554297 0.575000 0.010156 0.030556
0 0.536328 0.483333 0.021094 0.038889
0 0.503516 0.479861 0.011719 0.020833
0 0.210938 0.847917 0.025000 0.031944
0 0.593750 0.476389 0.009375 0.036111
0 0.622656 0.480556 0.025000 0.044444
0 0.732031 0.606250 0.017188 0.029167
0 0.660547 0.482639 0.017969 0.031944
0 0.676562 0.487500 0.007812 0.013889
0 0.264453 0.829167 0.010156 0.033333
0 0.274219 0.721528 0.018750 0.037500
0 0.315625 0.729167 0.010937 0.013889
0 0.613281 0.529861 0.014063 0.029167
0 0.590234 0.522222 0.021094 0.036111
0 0.280859 0.595139 0.014844 0.029167
0 0.442578 0.676389 0.014844 0.036111
0 0.465625 0.676389 0.007812 0.013889
0 0.610547 0.625000 0.005469 0.016667
0 0.587891 0.618750 0.011719 0.023611
0 0.395313 0.813194 0.015625 0.031944
0 0.717969 0.534722 0.010937 0.008333
