0 0.619141 0.733398 0.011719 0.013672
0 0.568359 0.624023 0.015625 0.017578
0 0.514648 0.698242 0.033203 0.033203
0 0.478516 0.649414 0.011719 0.013672
0 0.428711 0.418945 0.017578 0.009766
0 0.618164 0.631836 0.009766 0.017578
0 0.551758 0.725586 0.017578 0.013672
0 0.579102 0.742188 0.009766 0.011719
0 0.351562 0.561523 0.019531 0.017578
0 0.383789 0.592773 0.029297 0.033203
0 0.348633 0.464844 0.013672 0.019531
0 0.397461 0.435547 0.025391 0.039062
0 0.324219 0.457031 0.007812 0.015625
0 0.287109 0.458008 0.011719 0.005859
0 0.505859 0.635742 0.023438 0.009766
0 0.527344 0.618164 0.011719 0.005859
0 0.436523 0.517578 0.017578 0.023438
0 0.467773 0.525391 0.021484 0.011719
0 0.620117 0.690430 0.017578 0.017578
0 0.607422 0.656250 0.007812 0.015625
0 0.497070 0.739258 0.029297 0.021484
0 0.294922 0.501953 0.039062 0.046875
0 0.242188 0.642578 0.031250 0.031250
0 0.207031 0.625977 0.015625 0.017578
0 0.501953 0.658203 0.019531 0.011719
0 0.563477 0.691406 0.013672 0.015625
0 0.443359 0.734375 0.027344 0.023438
0 0.305664 0.650391 0.021484 0.019531
0 0.367188 0.628906 0.011719 0.011719
0 0.388672 0.661133 0.011719 0.017578
