0 0.257812 0.676758 0.015625 0.017578
0 0.175781 0.598633 0.011719 0.017578
0 0.390625 0.813477 0.019531 0.017578
0 0.325195 0.814453 0.021484 0.015625
0 0.367188 0.829102 0.007812 0.013672
0 0.351562 0.833984 0.007812 0.015625
0 0.209961 0.833008 0.013672 0.017578
0 0.186523 0.836914 0.013672 0.009766
0 0.237305 0.545898 0.013672 0.009766
0 0.238281 0.575195 0.015625 0.017578
0 0.250977 0.869141 0.013672 0.015625
0 0.278320 0.869141 0.021484 0.019531
0 0.252930 0.813477 0.013672 0.017578
0 0.233398 0.812500 0.009766 0.015625
0 0.229492 0.656250 0.025391 0.027344
0 0.207031 0.596680 0.015625 0.025391
0 0.204102 0.626953 0.021484 0.015625
0 0.235352 0.848633 0.017578 0.009766
0 0.331055 0.852539 0.013672 0.013672
0 0.383789 0.849609 0.013672 0.007812
0 0.458984 0.850586 0.015625 0.017578
0 0.433594 0.852539 0.011719 0.009766
0 0.141602 0.872070 0.013672 0.013672
0 0.176758 0.869141 0.017578 0.011719
0 0.355469 0.871094 0.007812 0.015625
0 0.383789 0.874023 0.013672 0.009766
0 0.211914 0.558594 0.009766 0.023438
0 0.196289 0.658203 0.021484 0.023438
0 0.166992 0.538086 0.029297 0.021484
0 0.175781 0.567383 0.007812 0.017578
