0 0.253108 0.106322 0.023091 0.028736
0 0.552398 0.148467 0.021314 0.028736
0 0.579929 0.133142 0.015986 0.009579
0 0.650977 0.570881 0.019538 0.019157
0 0.688277 0.564176 0.008881 0.013410
0 0.601243 0.592912 0.015986 0.021073
0 0.622558 0.597701 0.012433 0.011494
0 0.221137 0.132184 0.019538 0.022989
0 0.250444 0.138889 0.021314 0.017241
0 0.476909 0.568008 0.026643 0.024904
0 0.155417 0.163793 0.037300 0.028736
0 0.891652 0.306513 0.021314 0.026820
0 0.787744 0.259579 0.026643 0.036398
0 0.586146 0.621648 0.021314 0.013410
0 0.619005 0.623563 0.019538 0.017241
0 0.553286 0.196360 0.012433 0.017241
0 0.180284 0.130268 0.019538 0.015326
0 0.517762 0.568966 0.026643 0.015326
0 0.147425 0.113985 0.017762 0.013410
0 0.688277 0.618774 0.015986 0.026820
0 0.646536 0.618774 0.021314 0.026820
0 0.566607 0.319923 0.021314 0.022989
0 0.623446 0.340996 0.007105 0.015326
0 0.877442 0.204981 0.024867 0.019157
0 0.920071 0.225096 0.010657 0.013410
0 0.807282 0.144636 0.033748 0.044061
0 0.845471 0.154215 0.017762 0.024904
0 0.695382 0.159962 0.037300 0.017241
0 0.738899 0.145594 0.014210 0.015326
0 0.342806 0.075670 0.021314 0.024904
