0 0.639648 0.919922 0.013672 0.027344
0 0.455078 0.820312 0.019531 0.007812
0 0.839844 0.654297 0.015625 0.019531
0 0.388672 0.917969 0.023438 0.027344
0 0.581055 0.390625 0.013672 0.011719
0 0.534180 0.401367 0.025391 0.041016
0 0.679688 0.847656 0.015625 0.019531
0 0.720703 0.846680 0.011719 0.013672
0 0.727539 0.818359 0.013672 0.019531
0 0.220703 0.251953 0.039062 0.035156
0 0.785156 0.650391 0.031250 0.023438
0 0.660156 0.653320 0.023438 0.017578
0 0.699219 0.391602 0.019531 0.033203
0 0.624023 0.679688 0.009766 0.015625
0 0.551758 0.857422 0.021484 0.019531
0 0.508789 0.856445 0.013672 0.009766
0 0.684570 0.685547 0.013672 0.011719
0 0.722656 0.693359 0.011719 0.011719
0 0.670898 0.458984 0.021484 0.023438
0 0.667969 0.424805 0.019531 0.005859
0 0.621094 0.279297 0.031250 0.023438
0 0.607422 0.310547 0.023438 0.023438
0 0.380859 0.876953 0.019531 0.019531
0 0.434570 0.887695 0.033203 0.017578
0 0.675781 0.286133 0.042969 0.033203
0 0.276367 0.363281 0.017578 0.019531
0 0.208008 0.343750 0.021484 0.023438
0 0.719727 0.645508 0.017578 0.029297
0 0.768555 0.581055 0.013672 0.013672
0 0.724609 0.243164 0.015625 0.009766
