0 0.405451 0.757240 0.013629 0.018739
0 0.394378 0.629472 0.028961 0.032368
0 0.150767 0.594549 0.032368 0.020443
0 0.098807 0.591993 0.013629 0.011925
0 0.356899 0.749574 0.015332 0.027257
0 0.192504 0.209540 0.037479 0.040886
0 0.362862 0.861158 0.040886 0.039182
0 0.443782 0.769165 0.035775 0.039182
0 0.082624 0.224872 0.025554 0.020443
0 0.083475 0.182283 0.023850 0.037479
0 0.359455 0.674617 0.023850 0.030664
0 0.354344 0.703578 0.017036 0.013629
0 0.403748 0.721465 0.020443 0.025554
0 0.115843 0.263203 0.013629 0.015332
0 0.121806 0.303237 0.025554 0.010221
0 0.314310 0.772572 0.018739 0.025554
0 0.335605 0.779387 0.010221 0.008518
0 0.240204 0.507666 0.020443 0.040886
0 0.152470 0.813458 0.039182 0.045997
0 0.225724 0.727428 0.011925 0.013629
0 0.267462 0.676320 0.037479 0.030664
0 0.460818 0.698467 0.011925 0.020443
0 0.450596 0.663543 0.022147 0.015332
0 0.321976 0.632027 0.023850 0.017036
0 0.454855 0.724020 0.013629 0.006814
0 0.120954 0.420784 0.023850 0.013629
0 0.114140 0.376491 0.030664 0.034072
0 0.416525 0.673765 0.015332 0.018739
0 0.333901 0.689949 0.010221 0.013629
0 0.156729 0.368825 0.010221 0.008518
