0 0.741211 0.718750 0.013672 0.039062
0 0.715820 0.236328 0.025391 0.019531
0 0.654297 0.830078 0.031250 0.019531
0 0.633789 0.863281 0.037109 0.031250
0 0.715820 0.311523 0.013672 0.009766
0 0.690430 0.307617 0.017578 0.021484
0 0.777344 0.195312 0.019531 0.011719
0 0.748047 0.201172 0.019531 0.019531
0 0.664062 0.276367 0.019531 0.021484
0 0.640625 0.270508 0.011719 0.013672
0 0.685547 0.268555 0.007812 0.017578
0 0.822266 0.208984 0.019531 0.019531
0 0.660156 0.309570 0.023438 0.025391
0 0.827148 0.236328 0.017578 0.007812
0 0.640625 0.562500 0.042969 0.039062
0 0.627930 0.689453 0.025391 0.027344
0 0.749023 0.599609 0.037109 0.035156
0 0.766602 0.556641 0.021484 0.019531
0 0.708008 0.202148 0.017578 0.017578
0 0.698242 0.574219 0.041016 0.035156
0 0.802734 0.702148 0.031250 0.021484
0 0.655273 0.497070 0.013672 0.033203
0 0.629883 0.435547 0.013672 0.011719
0 0.758789 0.510742 0.017578 0.025391
0 0.708984 0.664062 0.035156 0.035156
0 0.765625 0.309570 0.039062 0.037109
0 0.755859 0.235352 0.035156 0.029297
0 0.791992 0.839844 0.009766 0.015625
0 0.817383 0.799805 0.037109 0.021484
0 0.756836 0.861328 0.025391 0.027344
