0 0.124864 0.838803 0.010858 0.025097
0 0.327904 0.358108 0.015201 0.036680
0 0.300217 0.350386 0.020630 0.032819
0 0.939739 0.494208 0.024973 0.042471
0 0.585233 0.611004 0.015201 0.036680
0 0.441368 0.600386 0.011944 0.019305
0 0.130293 0.627413 0.019544 0.038610
0 0.240499 0.444981 0.014115 0.025097
0 0.870793 0.257722 0.013029 0.036680
0 0.850163 0.274131 0.015201 0.030888
0 0.243214 0.372587 0.010858 0.015444
0 0.252443 0.345560 0.014115 0.023166
0 0.136808 0.763514 0.008686 0.009653
0 0.128664 0.717181 0.011944 0.025097
0 0.581433 0.559846 0.009772 0.019305
0 0.623779 0.537645 0.014115 0.025097
0 0.463626 0.623552 0.019544 0.030888
0 0.439197 0.629344 0.009772 0.015444
0 0.205212 0.716216 0.017372 0.023166
0 0.197068 0.593629 0.018458 0.028958
0 0.557546 0.546332 0.022801 0.030888
0 0.627579 0.499035 0.015201 0.021236
0 0.326819 0.437259 0.013029 0.021236
0 0.382193 0.441120 0.021716 0.040541
0 0.884908 0.322394 0.010858 0.015444
0 0.863735 0.502896 0.011944 0.021236
0 0.856135 0.466216 0.009772 0.017375
0 0.188382 0.292471 0.011944 0.017375
0 0.897937 0.274131 0.021716 0.038610
0 0.306732 0.232625 0.018458 0.017375
