0 0.766602 0.625000 0.048828 0.156250
0 0.861328 0.632812 0.042969 0.144531
0 0.958984 0.618164 0.035156 0.154297
0 0.906250 0.615234 0.039062 0.164062
0 0.032227 0.559570 0.029297 0.083984
0 0.814453 0.620117 0.054688 0.154297
0 0.583008 0.621094 0.033203 0.160156
0 0.693359 0.630859 0.035156 0.152344
0 0.868164 0.970703 0.041016 0.058594
0 0.276367 0.671875 0.037109 0.105469
0 0.662109 0.628906 0.035156 0.148438
0 0.159180 0.651367 0.041016 0.138672
0 0.608398 0.623047 0.029297 0.152344
0 0.490234 0.622070 0.019531 0.134766
0 0.633789 0.630859 0.025391 0.140625
0 0.421875 0.641602 0.046875 0.142578
0 0.474609 0.641602 0.031250 0.099609
0 0.123047 0.645508 0.031250 0.126953
0 0.146484 0.352539 0.015625 0.025391
0 0.162109 0.426758 0.011719 0.009766
0 0.177734 0.451172 0.015625 0.007812
0 0.173828 0.790039 0.019531 0.029297
0 0.213867 0.798828 0.029297 0.015625
0 0.136719 0.395508 0.015625 0.017578
0 0.238281 0.327148 0.035156 0.025391
0 0.238281 0.278320 0.015625 0.017578
0 0.333008 0.694336 0.021484 0.017578
0 0.360352 0.698242 0.013672 0.029297
0 0.336914 0.761719 0.029297 0.027344
0 0.308594 0.766602 0.011719 0.017578
0 0.208008 0.293945 0.017578 0.021484
0 0.255859 0.738281 0.015625 0.007812
0 0.395508 0.737305 0.009766 0.013672
0 0.173828 0.333008 0.023438 0.037109
0 0.181641 0.407227 0.011719 0.013672
0 0.223633 0.726562 0.013672 0.015625
0 0.201172 0.728516 0.007812 0.015625
0 0.249023 0.758789 0.017578 0.017578
0 0.166992 0.284180 0.013672 0.017578
0 0.137695 0.276367 0.017578 0.013672
0 0.324219 0.728516 0.019531 0.019531
0 0.419922 0.762695 0.035156 0.017578
0 0.384766 0.764648 0.011719 0.021484
0 0.138672 0.440430 0.019531 0.037109
0 0.341797 0.796875 0.011719 0.011719
0 0.246094 0.438477 0.015625 0.013672
0 0.287109 0.790039 0.011719 0.013672
0 0.256836 0.788086 0.021484 0.021484
