0 0.730326 0.196347 0.017274 0.018265
0 0.762956 0.211187 0.024952 0.029680
0 0.465451 0.350457 0.032630 0.038813
0 0.761036 0.655251 0.009597 0.018265
0 0.377159 0.851598 0.017274 0.018265
0 0.673704 0.122146 0.026871 0.034247
0 0.656430 0.476027 0.046065 0.047945
0 0.682342 0.523973 0.024952 0.029680
0 0.353167 0.881279 0.011516 0.009132
0 0.347409 0.852740 0.015355 0.015982
0 0.404990 0.893836 0.023033 0.029680
0 0.403071 0.855023 0.015355 0.015982
0 0.348369 0.793379 0.013436 0.020548
0 0.912668 0.466895 0.024952 0.034247
0 0.484645 0.748858 0.021113 0.031963
0 0.745681 0.160959 0.024952 0.029680
0 0.512476 0.655251 0.023033 0.022831
0 0.499040 0.617580 0.011516 0.011416
0 0.825336 0.602740 0.023033 0.018265
0 0.723608 0.119863 0.011516 0.011416
0 0.774472 0.118721 0.021113 0.018265
0 0.433781 0.886986 0.015355 0.034247
0 0.437620 0.851598 0.007678 0.018265
0 0.379079 0.636986 0.032630 0.036530
0 0.836852 0.802511 0.019194 0.025114
0 0.833013 0.670091 0.030710 0.029680
0 0.868522 0.656393 0.017274 0.011416
0 0.373321 0.823059 0.013436 0.011416
0 0.736084 0.559361 0.017274 0.018265
0 0.758157 0.623288 0.019194 0.022831
