0 0.525781 0.566406 0.010937 0.014063
0 0.529687 0.531250 0.028125 0.031250
0 0.656250 0.471094 0.034375 0.032813
0 0.638281 0.429688 0.020313 0.031250
0 0.468750 0.568750 0.018750 0.009375
0 0.469531 0.522656 0.026562 0.026562
0 0.660156 0.529687 0.023438 0.025000
0 0.548438 0.459375 0.018750 0.031250
0 0.471875 0.760156 0.037500 0.020313
0 0.578125 0.526563 0.021875 0.015625
0 0.597656 0.593750 0.010937 0.015625
0 0.580469 0.656250 0.023438 0.034375
0 0.582812 0.450781 0.012500 0.026562
0 0.583594 0.754687 0.014063 0.009375
0 0.542188 0.786719 0.021875 0.026562
0 0.550000 0.670312 0.025000 0.028125
0 0.461719 0.482812 0.010937 0.015625
0 0.483594 0.435156 0.023438 0.032813
0 0.464062 0.662500 0.009375 0.012500
0 0.492188 0.664844 0.025000 0.029687
0 0.636719 0.727344 0.032813 0.035937
0 0.651563 0.760938 0.012500 0.012500
0 0.639062 0.657031 0.021875 0.014063
0 0.631250 0.623437 0.012500 0.012500
