0 0.124219 0.333594 0.010937 0.026562
0 0.148438 0.336719 0.012500 0.029687
0 0.357812 0.320312 0.009375 0.018750
0 0.065625 0.328906 0.015625 0.020313
0 0.282813 0.894531 0.015625 0.010937
0 0.217188 0.885156 0.012500 0.014063
0 0.203906 0.808594 0.014063 0.014063
0 0.399219 0.624219 0.007812 0.020313
0 0.235937 0.847656 0.034375 0.029687
0 0.508594 0.775000 0.035937 0.021875
0 0.381250 0.707031 0.012500 0.014063
0 0.210156 0.685937 0.014063 0.012500
0 0.176563 0.670312 0.015625 0.009375
0 0.491406 0.703906 0.039062 0.020313
0 0.339844 0.632031 0.017188 0.007812
0 0.275000 0.679688 0.021875 0.018750
0 0.575000 0.851562 0.015625 0.015625
0 0.546875 0.848437 0.025000 0.021875
0 0.441406 0.807813 0.010937 0.015625
0 0.425781 0.826562 0.020313 0.009375
0 0.469531 0.849219 0.014063 0.026562
0 0.430469 0.858594 0.017188 0.010937
0 0.467187 0.783594 0.021875 0.026562
0 0.454688 0.894531 0.012500 0.014063
0 0.191406 0.617188 0.014063 0.009375
0 0.560937 0.820312 0.025000 0.021875
0 0.511719 0.814844 0.023438 0.035937
0 0.282031 0.700781 0.014063 0.010937
0 0.457813 0.620313 0.012500 0.009375
0 0.507031 0.621094 0.017188 0.010937
0 0.350000 0.885938 0.034375 0.034375
0 0.237500 0.708594 0.025000 0.020313
0 0.200000 0.710156 0.006250 0.014063
0 0.215625 0.654687 0.031250 0.021875
