0 0.483594 0.432812 0.017188 0.015625
0 0.450781 0.416406 0.010937 0.014063
0 0.232031 0.306250 0.035937 0.037500
0 0.239063 0.256250 0.012500 0.015625
0 0.331250 0.185938 0.006250 0.015625
0 0.398438 0.162500 0.018750 0.012500
0 0.266406 0.191406 0.035937 0.017188
0 0.221875 0.164844 0.025000 0.014063
0 0.329688 0.551562 0.021875 0.021875
0 0.530469 0.299219 0.007812 0.014063
0 0.594531 0.334375 0.026562 0.015625
0 0.217188 0.479687 0.015625 0.015625
0 0.464844 0.167969 0.014063 0.014063
0 0.438281 0.224219 0.035937 0.032813
0 0.354687 0.309375 0.025000 0.040625
0 0.397656 0.283594 0.023438 0.042188
0 0.340625 0.389062 0.031250 0.031250
0 0.537500 0.425781 0.015625 0.023438
0 0.575000 0.442969 0.012500 0.026562
0 0.572656 0.231250 0.023438 0.018750
0 0.586719 0.165625 0.039062 0.037500
0 0.421875 0.473438 0.009375 0.015625
0 0.489063 0.478906 0.018750 0.020313
0 0.500781 0.289844 0.035937 0.032813
0 0.554688 0.521094 0.046875 0.048438
0 0.220312 0.396875 0.018750 0.028125
