0 0.786501 0.277985 0.019284 0.026119
0 0.844353 0.223881 0.024793 0.029851
0 0.856749 0.322761 0.027548 0.033582
0 0.707989 0.277985 0.011019 0.018657
0 0.735537 0.283582 0.016529 0.022388
0 0.247934 0.367537 0.016529 0.011194
0 0.261708 0.324627 0.016529 0.014925
0 0.303030 0.399254 0.016529 0.014925
0 0.860882 0.279851 0.013774 0.022388
0 0.774105 0.369403 0.022039 0.029851
0 0.311295 0.345149 0.011019 0.026119
0 0.341598 0.371269 0.022039 0.026119
0 0.736915 0.229478 0.019284 0.033582
0 0.706612 0.222015 0.013774 0.033582
0 0.665289 0.326493 0.019284 0.026119
0 0.090909 0.339552 0.011019 0.014925
0 0.655647 0.272388 0.027548 0.044776
0 0.727273 0.345149 0.011019 0.011194
0 0.148760 0.345149 0.027548 0.026119
0 0.187328 0.347015 0.011019 0.014925
0 0.220386 0.337687 0.016529 0.011194
0 0.662534 0.367537 0.024793 0.026119
0 0.705234 0.317164 0.011019 0.029851
0 0.663912 0.214552 0.016529 0.018657
0 0.154270 0.391791 0.016529 0.014925
0 0.190083 0.393657 0.011019 0.018657
0 0.344353 0.320896 0.022039 0.022388
0 0.059229 0.320896 0.013774 0.022388
0 0.870523 0.369403 0.011019 0.014925
0 0.842975 0.361940 0.016529 0.014925
