0 0.813725 0.213953 0.015251 0.023256
0 0.261438 0.790698 0.030501 0.018605
0 0.228758 0.774419 0.008715 0.013953
0 0.505447 0.712791 0.021786 0.034884
0 0.470588 0.693023 0.013072 0.009302
0 0.438998 0.859302 0.019608 0.016279
0 0.511983 0.618605 0.017429 0.018605
0 0.486928 0.767442 0.032680 0.018605
0 0.519608 0.817442 0.019608 0.011628
0 0.738562 0.058140 0.039216 0.023256
0 0.751634 0.086047 0.017429 0.009302
0 0.476035 0.901163 0.037037 0.030233
0 0.519608 0.926744 0.023965 0.020930
0 0.935730 0.111628 0.019608 0.013953
0 0.959695 0.134884 0.015251 0.013953
0 0.226580 0.746512 0.017429 0.018605
0 0.941176 0.170930 0.034858 0.020930
0 0.309368 0.620930 0.021786 0.041860
0 0.742919 0.211628 0.008715 0.018605
0 0.715686 0.222093 0.023965 0.030233
0 0.318083 0.909302 0.013072 0.018605
0 0.811547 0.118605 0.041394 0.046512
0 0.869281 0.119767 0.039216 0.044186
0 0.797386 0.179070 0.030501 0.023256
0 0.234205 0.922093 0.019608 0.016279
0 0.228758 0.880233 0.017429 0.020930
0 0.956427 0.059302 0.017429 0.020930
0 0.730937 0.118605 0.032680 0.037209
0 0.391068 0.606977 0.019608 0.023256
0 0.942266 0.223256 0.019608 0.027907
