0 0.579427 0.913194 0.018229 0.034722
0 0.731771 0.682292 0.026042 0.031250
0 0.596354 0.696181 0.026042 0.024306
0 0.445312 0.887153 0.026042 0.031250
0 0.501302 0.895833 0.028646 0.027778
0 0.382812 0.515625 0.020833 0.017361
0 0.446615 0.524306 0.013021 0.027778
0 0.477865 0.552083 0.013021 0.013889
0 0.401042 0.717014 0.015625 0.017361
0 0.773438 0.878472 0.020833 0.020833
0 0.550781 0.576389 0.023438 0.027778
0 0.609375 0.546875 0.015625 0.017361
0 0.335938 0.911458 0.020833 0.038194
0 0.485677 0.729167 0.023438 0.020833
0 0.470052 0.675347 0.023438 0.038194
0 0.492188 0.831597 0.010417 0.010417
0 0.595052 0.769097 0.018229 0.031250
0 0.356771 0.828125 0.010417 0.024306
0 0.313802 0.807292 0.033854 0.038194
0 0.768229 0.770833 0.010417 0.020833
0 0.753906 0.819444 0.028646 0.027778
0 0.760417 0.519097 0.015625 0.031250
