0 0.076754 0.402418 0.021930 0.075993
0 0.665205 0.898100 0.020468 0.034542
0 0.113304 0.216753 0.013158 0.022453
0 0.760234 0.737478 0.017544 0.024180
0 0.815789 0.741796 0.005848 0.012090
0 0.773392 0.846287 0.026316 0.031088
0 0.717105 0.860967 0.013158 0.015544
0 0.701754 0.298791 0.008772 0.010363
0 0.671053 0.277202 0.008772 0.008636
0 0.662281 0.361831 0.014620 0.012090
0 0.666667 0.406736 0.020468 0.018998
0 0.576023 0.381693 0.023392 0.031088
0 0.152778 0.207254 0.013158 0.017271
0 0.807749 0.284974 0.024854 0.020725
0 0.856725 0.277202 0.020468 0.018998
0 0.679094 0.799655 0.021930 0.031088
0 0.562865 0.807427 0.008772 0.012090
0 0.540936 0.803109 0.020468 0.034542
0 0.146199 0.256477 0.023392 0.036269
0 0.434942 0.799655 0.021930 0.027634
0 0.374269 0.797064 0.029240 0.039724
0 0.661550 0.576857 0.010234 0.010363
0 0.854532 0.427461 0.024854 0.029361
0 0.190789 0.286701 0.027778 0.017271
0 0.779240 0.335924 0.026316 0.039724
0 0.651316 0.332470 0.027778 0.032815
0 0.692251 0.350604 0.007310 0.013817
0 0.594298 0.333333 0.030702 0.044905
0 0.435673 0.751295 0.020468 0.034542
0 0.362573 0.739206 0.023392 0.010363
0 0.635965 0.449050 0.032164 0.034542
