0 0.810547 0.647461 0.019531 0.021484
0 0.649414 0.703125 0.017578 0.027344
0 0.586914 0.737305 0.017578 0.009766
0 0.768555 0.782227 0.017578 0.029297
0 0.875977 0.621094 0.029297 0.015625
0 0.811523 0.602539 0.025391 0.033203
0 0.824219 0.723633 0.019531 0.021484
0 0.868164 0.723633 0.013672 0.025391
0 0.890625 0.086914 0.011719 0.009766
0 0.882812 0.063477 0.007812 0.013672
0 0.598633 0.614258 0.021484 0.029297
0 0.954102 0.293945 0.025391 0.029297
0 0.760742 0.712891 0.041016 0.039062
0 0.699219 0.709961 0.011719 0.029297
0 0.559570 0.670898 0.021484 0.017578
0 0.490234 0.641602 0.019531 0.017578
0 0.716797 0.194336 0.007812 0.013672
0 0.672852 0.194336 0.029297 0.029297
0 0.590820 0.249023 0.009766 0.017578
0 0.599609 0.302734 0.011719 0.015625
0 0.932617 0.211914 0.021484 0.021484
0 0.894531 0.172852 0.031250 0.033203
0 0.525391 0.707031 0.039062 0.031250
0 0.881836 0.356445 0.037109 0.033203
0 0.824219 0.765625 0.023438 0.023438
0 0.725586 0.584961 0.017578 0.009766
0 0.675781 0.358398 0.027344 0.025391
0 0.714844 0.393555 0.019531 0.017578
0 0.549805 0.201172 0.025391 0.027344
0 0.807617 0.103516 0.033203 0.027344
