0 0.152344 0.097656 0.020313 0.020313
0 0.203125 0.169531 0.015625 0.020313
0 0.503125 0.289844 0.034375 0.032813
0 0.432812 0.459375 0.012500 0.006250
0 0.430469 0.382812 0.032813 0.018750
0 0.085938 0.642969 0.037500 0.023438
0 0.096875 0.562500 0.021875 0.015625
0 0.464062 0.381250 0.006250 0.012500
0 0.460938 0.523438 0.018750 0.025000
0 0.221875 0.078906 0.031250 0.029687
0 0.194531 0.080469 0.010937 0.014063
0 0.175781 0.601562 0.017188 0.018750
0 0.151562 0.348438 0.028125 0.034375
0 0.152344 0.311719 0.023438 0.017188
0 0.145313 0.485156 0.015625 0.026562
0 0.508594 0.685937 0.020313 0.015625
0 0.093750 0.393750 0.015625 0.025000
0 0.084375 0.425781 0.021875 0.026562
0 0.395313 0.552344 0.021875 0.026562
0 0.407031 0.469531 0.014063 0.007812
0 0.267969 0.071875 0.039062 0.028125
0 0.087500 0.484375 0.037500 0.034375
0 0.067187 0.522656 0.015625 0.014063
0 0.423438 0.591406 0.015625 0.020313
0 0.193750 0.685937 0.006250 0.018750
0 0.187500 0.637500 0.034375 0.037500
0 0.495312 0.435937 0.015625 0.015625
0 0.503906 0.375000 0.032813 0.031250
0 0.425781 0.477344 0.007812 0.014063
0 0.160156 0.269531 0.032813 0.039062
