0 0.043224 0.589953 0.025701 0.025701
0 0.047897 0.545561 0.011682 0.016355
0 0.078271 0.649533 0.030374 0.037383
0 0.042056 0.695093 0.023364 0.025701
0 0.053738 0.730140 0.018692 0.021028
0 0.620327 0.707944 0.016355 0.014019
0 0.643692 0.741822 0.011682 0.016355
0 0.911215 0.889019 0.051402 0.049065
0 0.964953 0.873832 0.032710 0.037383
0 0.475467 0.806075 0.030374 0.018692
0 0.496495 0.760514 0.016355 0.016355
0 0.627336 0.185748 0.021028 0.016355
0 0.681075 0.942757 0.016355 0.021028
0 0.641355 0.929907 0.021028 0.018692
0 0.498832 0.244159 0.035047 0.021028
0 0.580607 0.293224 0.025701 0.021028
0 0.587617 0.344626 0.035047 0.035047
0 0.799065 0.742991 0.042056 0.028037
0 0.850467 0.733645 0.023364 0.023364
0 0.042056 0.646028 0.018692 0.016355
0 0.081776 0.564252 0.014019 0.011682
0 0.553738 0.664720 0.023364 0.021028
0 0.844626 0.858645 0.016355 0.021028
0 0.779206 0.872664 0.016355 0.021028
0 0.154206 0.549065 0.023364 0.018692
0 0.081776 0.717290 0.018692 0.014019
0 0.078271 0.689252 0.021028 0.014019
0 0.547897 0.228972 0.021028 0.042056
0 0.546729 0.183411 0.014019 0.011682
0 0.885514 0.941589 0.028037 0.037383
