0 0.677857 0.745000 0.021429 0.038000
0 0.695000 0.878000 0.015714 0.012000
0 0.675714 0.943000 0.008571 0.010000
0 0.442857 0.343000 0.008571 0.014000
0 0.472143 0.337000 0.012857 0.010000
0 0.599286 0.255000 0.012857 0.022000
0 0.614286 0.255000 0.005714 0.014000
0 0.533571 0.324000 0.010000 0.008000
0 0.687143 0.837000 0.025714 0.034000
0 0.609286 0.309000 0.015714 0.018000
0 0.571429 0.321000 0.011429 0.014000
0 0.640714 0.727000 0.018571 0.030000
0 0.450714 0.314000 0.018571 0.028000
0 0.423571 0.312000 0.021429 0.020000
0 0.529286 0.827000 0.015714 0.042000
0 0.554286 0.843000 0.017143 0.026000
0 0.627143 0.902000 0.017143 0.028000
0 0.645714 0.921000 0.008571 0.034000
0 0.655000 0.832000 0.012857 0.016000
0 0.533571 0.289000 0.015714 0.022000
0 0.600714 0.806000 0.010000 0.020000
0 0.578571 0.850000 0.017143 0.036000
0 0.372857 0.255000 0.020000 0.014000
0 0.462143 0.283000 0.012857 0.018000
0 0.479286 0.283000 0.010000 0.018000
0 0.528571 0.757000 0.017143 0.026000
0 0.599286 0.345000 0.012857 0.026000
0 0.632143 0.684000 0.018571 0.024000
0 0.509286 0.340000 0.012857 0.020000
0 0.530714 0.914000 0.012857 0.012000
