0 0.438900 0.481405 0.028513 0.039945
0 0.492363 0.159780 0.009165 0.027548
0 0.681263 0.266529 0.016293 0.015152
0 0.718432 0.268595 0.021385 0.030303
0 0.600815 0.618457 0.032587 0.033058
0 0.826884 0.338154 0.030550 0.031680
0 0.782077 0.346419 0.006110 0.012397
0 0.936864 0.300275 0.016293 0.030303
0 0.896640 0.297521 0.009165 0.011019
0 0.335031 0.659091 0.014257 0.015152
0 0.274949 0.655647 0.026477 0.035813
0 0.465886 0.737603 0.009165 0.012397
0 0.532077 0.230716 0.013238 0.009642
0 0.384420 0.366391 0.029532 0.022039
0 0.378310 0.422865 0.013238 0.016529
0 0.654277 0.694215 0.019348 0.024793
0 0.611507 0.690771 0.021385 0.034435
0 0.594705 0.294077 0.018330 0.015152
0 0.619654 0.303719 0.005092 0.012397
0 0.500509 0.646694 0.015275 0.009642
0 0.566191 0.658402 0.022403 0.027548
0 0.329939 0.727961 0.012220 0.034435
0 0.281568 0.728650 0.011202 0.024793
0 0.878819 0.329890 0.006110 0.012397
0 0.919043 0.334022 0.015275 0.026171
0 0.378310 0.325069 0.021385 0.030303
0 0.359470 0.293388 0.018330 0.019284
0 0.426680 0.277548 0.024440 0.023416
0 0.462322 0.703168 0.008147 0.012397
0 0.524949 0.505510 0.011202 0.011019
