0 0.291992 0.709961 0.025391 0.033203
0 0.444336 0.883789 0.025391 0.025391
0 0.492188 0.882812 0.019531 0.023438
0 0.291016 0.968750 0.015625 0.019531
0 0.284180 0.928711 0.013672 0.017578
0 0.437500 0.914062 0.019531 0.019531
0 0.329102 0.653320 0.017578 0.009766
0 0.341797 0.684570 0.011719 0.013672
0 0.626953 0.891602 0.007812 0.013672
0 0.652344 0.892578 0.023438 0.011719
0 0.491211 0.529297 0.017578 0.019531
0 0.369141 0.713867 0.011719 0.009766
0 0.459961 0.717773 0.037109 0.025391
0 0.537109 0.972656 0.019531 0.019531
0 0.562500 0.977539 0.011719 0.013672
0 0.327148 0.834961 0.017578 0.017578
0 0.489258 0.969727 0.025391 0.017578
0 0.345703 0.963867 0.023438 0.009766
0 0.288086 0.657227 0.009766 0.013672
0 0.561523 0.748047 0.013672 0.011719
0 0.454102 0.657227 0.044922 0.037109
0 0.494141 0.634766 0.019531 0.019531
0 0.211914 0.972656 0.009766 0.015625
0 0.222656 0.923828 0.015625 0.007812
0 0.371094 0.946289 0.007812 0.013672
0 0.343750 0.938477 0.015625 0.013672
0 0.358398 0.871094 0.013672 0.015625
0 0.333008 0.885742 0.021484 0.021484
0 0.412109 0.788086 0.011719 0.017578
0 0.404297 0.811523 0.015625 0.013672
