0 0.465000 0.717500 0.017619 0.022143
0 0.381667 0.089286 0.007143 0.021429
0 0.346484 0.315358 0.021094 0.032825
0 0.503516 0.280188 0.013281 0.014068
0 0.491797 0.320047 0.019531 0.032825
0 0.358594 0.215123 0.006250 0.026964
0 0.317578 0.199883 0.011719 0.022274
0 0.397266 0.215123 0.007031 0.008206
0 0.473047 0.203400 0.013281 0.029308
0 0.513672 0.222743 0.027344 0.044549
0 0.413281 0.304807 0.028125 0.032825
0 0.446094 0.325322 0.006250 0.012896
0 0.406250 0.059789 0.007812 0.035170
0 0.558984 0.130715 0.017969 0.022274
0 0.586328 0.162954 0.027344 0.037515
0 0.385156 0.140094 0.006250 0.012896
0 0.357812 0.070340 0.028125 0.039859
0 0.301172 0.053341 0.021094 0.029308
0 0.525391 0.094373 0.008594 0.010551
0 0.602344 0.310668 0.028125 0.037515
0 0.564453 0.230363 0.025781 0.041032
0 0.598437 0.236811 0.029687 0.039859
0 0.610938 0.074443 0.031250 0.048066
0 0.568359 0.090856 0.017969 0.033998
0 0.349219 0.152989 0.028125 0.041032
0 0.533203 0.122509 0.013281 0.019930
