0 0.338867 0.855469 0.041016 0.039062
0 0.190430 0.821289 0.017578 0.021484
0 0.167969 0.790039 0.015625 0.005859
0 0.477539 0.351562 0.013672 0.015625
0 0.528320 0.335938 0.013672 0.027344
0 0.149414 0.050781 0.037109 0.023438
0 0.175781 0.117188 0.015625 0.023438
0 0.526367 0.190430 0.025391 0.033203
0 0.499023 0.260742 0.021484 0.021484
0 0.571289 0.775391 0.013672 0.011719
0 0.542969 0.708984 0.023438 0.023438
0 0.182617 0.532227 0.029297 0.029297
0 0.055664 0.460938 0.021484 0.023438
0 0.548828 0.666992 0.015625 0.013672
0 0.541992 0.636719 0.013672 0.011719
0 0.147461 0.639648 0.017578 0.037109
0 0.149414 0.583984 0.025391 0.042969
0 0.146484 0.715820 0.023438 0.021484
0 0.138672 0.761719 0.015625 0.019531
0 0.253906 0.360352 0.035156 0.033203
0 0.349609 0.099609 0.031250 0.015625
0 0.476562 0.461914 0.039062 0.044922
0 0.476562 0.509766 0.015625 0.015625
0 0.103516 0.578125 0.042969 0.039062
0 0.104492 0.653320 0.009766 0.013672
0 0.513672 0.696289 0.015625 0.009766
0 0.504883 0.734375 0.017578 0.011719
0 0.060547 0.614258 0.027344 0.025391
0 0.063477 0.656250 0.033203 0.039062
0 0.191406 0.642578 0.027344 0.027344
