0 0.472510 0.353354 0.009336 0.020281
0 0.263485 0.656006 0.010373 0.010920
0 0.646266 0.572543 0.016598 0.024961
0 0.706950 0.570983 0.009336 0.009360
0 0.667531 0.575663 0.009336 0.012480
0 0.387967 0.640406 0.026971 0.023401
0 0.437759 0.606084 0.018672 0.029641
0 0.810166 0.599844 0.012448 0.020281
0 0.826763 0.599844 0.012448 0.023401
0 0.380187 0.712168 0.009336 0.010920
0 0.353734 0.717629 0.010373 0.034321
0 0.362033 0.808112 0.024896 0.028081
0 0.466286 0.564743 0.009336 0.034321
0 0.450207 0.567863 0.014523 0.015601
0 0.266079 0.321373 0.009336 0.018721
0 0.231328 0.323713 0.012448 0.017161
0 0.850622 0.511700 0.022822 0.021841
0 0.818983 0.517161 0.025934 0.020281
0 0.437759 0.762871 0.010373 0.037441
0 0.413900 0.758190 0.026971 0.040562
0 0.329357 0.566303 0.028008 0.034321
0 0.358402 0.663027 0.015560 0.015601
0 0.514004 0.640406 0.017635 0.026521
0 0.545643 0.640406 0.014523 0.026521
0 0.258817 0.815913 0.007261 0.006240
0 0.767116 0.539782 0.009336 0.012480
0 0.786826 0.536661 0.009336 0.006240
0 0.286826 0.797192 0.011411 0.021841
0 0.315353 0.812793 0.024896 0.015601
0 0.780083 0.521841 0.010373 0.010920
