0 0.890057 0.267176 0.017208 0.015267
0 0.906310 0.234733 0.034417 0.026718
0 0.308795 0.423664 0.013384 0.011450
0 0.315488 0.446565 0.015296 0.015267
0 0.762906 0.314885 0.022945 0.019084
0 0.476099 0.520992 0.026769 0.019084
0 0.142447 0.571565 0.024857 0.024809
0 0.095602 0.453244 0.015296 0.009542
0 0.239006 0.438931 0.026769 0.041985
0 0.196941 0.433206 0.022945 0.022901
0 0.891013 0.401718 0.022945 0.017176
0 0.287763 0.471374 0.013384 0.011450
0 0.291587 0.534351 0.017208 0.015267
0 0.387189 0.492366 0.009560 0.019084
0 0.452199 0.474237 0.017208 0.020992
0 0.824092 0.326336 0.022945 0.022901
0 0.860421 0.316794 0.022945 0.034351
0 0.703633 0.175573 0.042065 0.022901
0 0.328872 0.566794 0.030593 0.030534
0 0.361377 0.583015 0.011472 0.013359
0 0.212237 0.479008 0.022945 0.019084
0 0.240918 0.486641 0.019120 0.019084
0 0.697897 0.332061 0.011472 0.019084
0 0.918738 0.173664 0.013384 0.011450
0 0.894837 0.206107 0.011472 0.015267
0 0.709369 0.402672 0.034417 0.026718
0 0.210325 0.523855 0.022945 0.024809
0 0.240918 0.517176 0.015296 0.019084
0 0.086998 0.494275 0.024857 0.015267
0 0.122371 0.479962 0.019120 0.020992
