0 0.283934 0.207792 0.013850 0.034632
0 0.240997 0.212121 0.016620 0.034632
0 0.227147 0.255411 0.011080 0.017316
0 0.500000 0.857143 0.024931 0.043290
0 0.479224 0.803030 0.011080 0.012987
0 0.362881 0.807359 0.011080 0.012987
0 0.409972 0.852814 0.011080 0.017316
0 0.451524 0.846320 0.011080 0.012987
0 0.106648 0.175325 0.030471 0.021645
0 0.141274 0.181818 0.011080 0.017316
0 0.062327 0.305195 0.030471 0.038961
0 0.019391 0.303030 0.011080 0.017316
0 0.362881 0.848485 0.011080 0.017316
0 0.066482 0.212121 0.022161 0.025974
0 0.027701 0.220779 0.022161 0.034632
0 0.372576 0.911255 0.024931 0.038961
0 0.202216 0.212121 0.011080 0.017316
0 0.166205 0.212121 0.011080 0.043290
0 0.411357 0.809524 0.013850 0.034632
0 0.501385 0.922078 0.022161 0.043290
0 0.123269 0.318182 0.030471 0.021645
0 0.426593 0.735931 0.011080 0.034632
0 0.404432 0.753247 0.011080 0.025974
0 0.240997 0.162338 0.016620 0.021645
0 0.415512 0.917749 0.022161 0.043290
0 0.369806 0.735931 0.019391 0.025974
0 0.448753 0.926407 0.022161 0.025974
0 0.207756 0.158009 0.022161 0.030303
0 0.461219 0.733766 0.013850 0.030303
0 0.254848 0.313853 0.022161 0.030303
