0 0.335843 0.723684 0.039157 0.026316
0 0.263554 0.719298 0.021084 0.017544
0 0.231928 0.695906 0.018072 0.017544
0 0.578313 0.761696 0.012048 0.020468
0 0.498494 0.831871 0.015060 0.020468
0 0.305723 0.687135 0.015060 0.011696
0 0.165663 0.695906 0.036145 0.029240
0 0.186747 0.736842 0.024096 0.023392
0 0.500000 0.758772 0.024096 0.020468
0 0.301205 0.659357 0.012048 0.014620
0 0.555723 0.828947 0.021084 0.014620
0 0.381024 0.653509 0.027108 0.038012
0 0.338855 0.494152 0.039157 0.040936
0 0.457831 0.830409 0.012048 0.023392
0 0.427711 0.592105 0.042169 0.043860
0 0.655120 0.761696 0.021084 0.014620
0 0.626506 0.796784 0.018072 0.020468
0 0.811747 0.888889 0.021084 0.017544
0 0.847892 0.871345 0.015060 0.011696
0 0.542169 0.782164 0.024096 0.008772
0 0.230422 0.644737 0.015060 0.026316
0 0.650602 0.592105 0.012048 0.014620
0 0.135542 0.516082 0.024096 0.014620
0 0.118976 0.466374 0.027108 0.026316
0 0.492470 0.789474 0.015060 0.011696
0 0.114458 0.548246 0.024096 0.020468
0 0.117470 0.584795 0.018072 0.011696
0 0.442771 0.726608 0.030120 0.020468
0 0.587349 0.802632 0.012048 0.014620
0 0.519578 0.666667 0.021084 0.029240
