0 0.130802 0.742928 0.016878 0.021631
0 0.165963 0.832779 0.016878 0.028286
0 0.075246 0.702163 0.018284 0.023295
0 0.090717 0.737937 0.015471 0.021631
0 0.218003 0.616473 0.042194 0.048253
0 0.222222 0.662230 0.016878 0.016639
0 0.070323 0.827787 0.033755 0.031614
0 0.177215 0.916805 0.025316 0.029950
0 0.172293 0.708819 0.035162 0.036606
0 0.184248 0.748752 0.019691 0.013311
0 0.110408 0.790349 0.012658 0.013311
0 0.116034 0.841930 0.021097 0.029950
0 0.228551 0.709651 0.018284 0.028286
0 0.229958 0.750416 0.007032 0.016639
0 0.215190 0.940100 0.028129 0.033278
0 0.074543 0.943428 0.019691 0.013311
0 0.177918 0.603993 0.018284 0.016639
0 0.170183 0.640599 0.028129 0.009983
0 0.219409 0.852745 0.036568 0.038270
0 0.066104 0.629784 0.022504 0.031614
0 0.113221 0.892679 0.018284 0.034942
0 0.127286 0.937604 0.012658 0.018303
0 0.113221 0.580699 0.015471 0.013311
0 0.139944 0.600666 0.015471 0.019967
