0 0.910636 0.680373 0.010599 0.018092
0 0.382422 0.477726 0.013281 0.024619
0 0.325000 0.481829 0.028125 0.030481
0 0.712891 0.756741 0.007031 0.010551
0 0.828516 0.794256 0.022656 0.019930
0 0.836328 0.578546 0.032031 0.045721
0 0.791016 0.681712 0.022656 0.029308
0 0.795703 0.650059 0.007031 0.012896
0 0.599609 0.818288 0.027344 0.039859
0 0.126953 0.580891 0.013281 0.033998
0 0.128125 0.614302 0.009375 0.011723
0 0.244531 0.389215 0.026562 0.021102
0 0.265625 0.437280 0.009375 0.016413
0 0.439453 0.821805 0.024219 0.037515
0 0.080469 0.494138 0.007812 0.008206
0 0.203125 0.399766 0.026562 0.035170
0 0.209375 0.367526 0.010937 0.017585
0 0.674609 0.593787 0.019531 0.043376
0 0.655078 0.549238 0.013281 0.026964
0 0.666016 0.729777 0.008594 0.008206
0 0.069141 0.298945 0.022656 0.032825
0 0.114844 0.326495 0.014063 0.024619
0 0.327734 0.623095 0.014844 0.029308
0 0.291797 0.615475 0.022656 0.044549
0 0.202734 0.640680 0.008594 0.012896
0 0.195703 0.585580 0.030469 0.043376
0 0.160547 0.572685 0.027344 0.038687
0 0.155078 0.613130 0.005469 0.014068
0 0.185547 0.481829 0.008594 0.014068
0 0.489453 0.788980 0.021094 0.035170
0 0.482031 0.830012 0.010937 0.016413
