0 0.842127 0.402558 0.008929 0.013398
0 0.448052 0.308770 0.021104 0.040195
0 0.642451 0.750305 0.013799 0.031669
0 0.419643 0.317296 0.012987 0.013398
0 0.420455 0.285018 0.021104 0.026797
0 0.849026 0.292326 0.019481 0.031669
0 0.351055 0.506699 0.023539 0.029233
0 0.872565 0.803898 0.012987 0.017052
0 0.456981 0.358709 0.022727 0.040195
0 0.804789 0.747868 0.008929 0.021924
0 0.788555 0.356882 0.017045 0.019488
0 0.809659 0.358100 0.010552 0.019488
0 0.743912 0.710719 0.015422 0.013398
0 0.724026 0.707674 0.008117 0.017052
0 0.906250 0.799635 0.015422 0.023143
0 0.926948 0.801462 0.004870 0.012180
0 0.857549 0.855664 0.018669 0.015834
0 0.880276 0.847747 0.008929 0.012180
0 0.356737 0.621194 0.028409 0.043849
0 0.330763 0.595615 0.012175 0.012180
0 0.377029 0.320950 0.010552 0.015834
0 0.350649 0.303289 0.017857 0.038977
0 0.784497 0.848965 0.012175 0.012180
0 0.220779 0.630329 0.009740 0.013398
0 0.198864 0.605359 0.021104 0.031669
0 0.916396 0.830694 0.021104 0.014616
0 0.335633 0.477467 0.010552 0.019488
0 0.854302 0.351401 0.005682 0.018270
0 0.861201 0.777101 0.014610 0.017052
0 0.880276 0.358709 0.008929 0.015834
