0 0.244141 0.849609 0.019531 0.019531
0 0.205078 0.841797 0.015625 0.011719
0 0.865234 0.801758 0.011719 0.009766
0 0.364258 0.766602 0.017578 0.017578
0 0.396484 0.790039 0.019531 0.021484
0 0.329102 0.512695 0.013672 0.009766
0 0.302734 0.509766 0.011719 0.015625
0 0.223633 0.779297 0.037109 0.035156
0 0.379883 0.477539 0.029297 0.017578
0 0.474609 0.703125 0.035156 0.035156
0 0.434570 0.679688 0.021484 0.023438
0 0.305664 0.829102 0.033203 0.037109
0 0.267578 0.831055 0.011719 0.021484
0 0.459961 0.478516 0.017578 0.015625
0 0.500000 0.477539 0.027344 0.017578
0 0.693359 0.681641 0.031250 0.019531
0 0.796875 0.708008 0.031250 0.025391
0 0.845703 0.686523 0.019531 0.021484
0 0.435547 0.718750 0.015625 0.015625
0 0.459961 0.741211 0.017578 0.017578
0 0.733398 0.876953 0.029297 0.031250
0 0.344727 0.460938 0.009766 0.015625
0 0.303711 0.459961 0.013672 0.013672
0 0.750000 0.813477 0.023438 0.025391
0 0.326172 0.479492 0.007812 0.013672
0 0.539062 0.480469 0.015625 0.011719
0 0.451172 0.818359 0.031250 0.023438
0 0.465820 0.873047 0.017578 0.023438
0 0.656250 0.766602 0.015625 0.017578
0 0.727539 0.773438 0.029297 0.019531
