0 0.142578 0.563050 0.011719 0.011730
0 0.738281 0.363636 0.019531 0.035191
0 0.482422 0.370968 0.011719 0.020528
0 0.730469 0.258065 0.015625 0.023460
0 0.182617 0.848974 0.029297 0.038123
0 0.228516 0.873900 0.023438 0.029326
0 0.643555 0.296188 0.025391 0.029326
0 0.579102 0.297654 0.009766 0.026393
0 0.400391 0.642229 0.007812 0.023460
0 0.385742 0.828446 0.025391 0.026393
0 0.474609 0.329912 0.019531 0.032258
0 0.539062 0.329912 0.019531 0.026393
0 0.373047 0.741935 0.007812 0.017595
0 0.365234 0.784457 0.019531 0.032258
0 0.117188 0.667155 0.011719 0.014663
0 0.113281 0.627566 0.011719 0.017595
0 0.324219 0.302053 0.019531 0.029326
0 0.630859 0.337243 0.023438 0.011730
0 0.568359 0.334311 0.011719 0.017595
0 0.078125 0.771261 0.015625 0.017595
0 0.187500 0.590909 0.007812 0.014663
0 0.190430 0.541056 0.013672 0.014663
0 0.347656 0.206745 0.011719 0.014663
0 0.367188 0.206745 0.011719 0.014663
0 0.166992 0.472141 0.009766 0.017595
0 0.156250 0.511730 0.007812 0.014663
0 0.167969 0.668622 0.011719 0.011730
0 0.292969 0.178886 0.023438 0.029326
0 0.291016 0.291789 0.015625 0.026393
0 0.360352 0.178886 0.009766 0.011730
