0 0.746875 0.719531 0.031250 0.026562
0 0.753906 0.764062 0.029687 0.028125
0 0.753906 0.811719 0.014063 0.023438
0 0.817187 0.805469 0.015625 0.020313
0 0.810156 0.938281 0.010937 0.020313
0 0.789844 0.969531 0.029687 0.020313
0 0.754687 0.940625 0.028125 0.021875
0 0.733594 0.970313 0.026562 0.018750
0 0.692187 0.759375 0.034375 0.031250
0 0.664062 0.930469 0.015625 0.020313
0 0.813281 0.704688 0.032813 0.028125
0 0.795312 0.675000 0.040625 0.018750
0 0.678125 0.891406 0.028125 0.039062
0 0.707812 0.896875 0.012500 0.021875
0 0.615625 0.929688 0.009375 0.021875
0 0.623437 0.966406 0.025000 0.023438
0 0.614062 0.756250 0.018750 0.018750
0 0.752344 0.860938 0.045312 0.043750
0 0.699219 0.674219 0.026562 0.026562
0 0.821875 0.900781 0.018750 0.014063
0 0.809375 0.881250 0.025000 0.012500
0 0.603906 0.711719 0.014063 0.017188
0 0.636719 0.677344 0.020313 0.014063
0 0.627344 0.881250 0.048438 0.050000
0 0.608594 0.833594 0.017188 0.014063
