0 0.510833 0.556380 0.015000 0.020772
0 0.530000 0.517804 0.010000 0.020772
0 0.716667 0.608309 0.010000 0.023739
0 0.469167 0.534125 0.008333 0.017804
0 0.407500 0.541543 0.021667 0.014837
0 0.604167 0.461424 0.015000 0.026706
0 0.718333 0.540059 0.023333 0.029674
0 0.765833 0.541543 0.021667 0.020772
0 0.625000 0.520772 0.020000 0.032641
0 0.655833 0.520772 0.011667 0.038576
0 0.415833 0.476261 0.015000 0.020772
0 0.653333 0.715134 0.010000 0.035608
0 0.565833 0.476261 0.011667 0.026706
0 0.512500 0.454006 0.021667 0.035608
0 0.775000 0.468843 0.010000 0.023739
0 0.443333 0.630564 0.016667 0.032641
0 0.523333 0.719585 0.016667 0.032641
0 0.573333 0.617211 0.013333 0.029674
0 0.779167 0.669139 0.011667 0.020772
0 0.718333 0.700297 0.020000 0.035608
0 0.655833 0.636499 0.025000 0.038576
0 0.609167 0.618694 0.015000 0.026706
0 0.425000 0.686944 0.020000 0.038576
0 0.451667 0.698813 0.013333 0.020772
