0 0.039844 0.284375 0.017188 0.021875
0 0.109375 0.305469 0.012500 0.014063
0 0.174219 0.078906 0.014063 0.010937
0 0.202344 0.128125 0.020313 0.021875
0 0.125781 0.264062 0.017188 0.018750
0 0.157031 0.276562 0.014063 0.006250
0 0.043750 0.069531 0.028125 0.029687
0 0.045312 0.104688 0.018750 0.028125
0 0.136719 0.385156 0.032813 0.023438
0 0.144531 0.167187 0.032813 0.034375
0 0.053125 0.223438 0.028125 0.028125
0 0.039844 0.171875 0.042188 0.040625
0 0.036719 0.371875 0.029687 0.037500
0 0.053125 0.410938 0.025000 0.015625
0 0.085156 0.185938 0.014063 0.009375
0 0.185156 0.390625 0.029687 0.037500
0 0.193750 0.433594 0.015625 0.010937
0 0.202344 0.264844 0.020313 0.032813
0 0.142969 0.118750 0.020313 0.018750
0 0.193750 0.184375 0.037500 0.043750
0 0.188281 0.219531 0.023438 0.014063
0 0.101562 0.118750 0.031250 0.028125
0 0.092969 0.416406 0.035937 0.032813
