0 0.721680 0.668945 0.025391 0.017578
0 0.671875 0.707031 0.023438 0.035156
0 0.572266 0.498047 0.011719 0.015625
0 0.640625 0.815430 0.039062 0.037109
0 0.430664 0.549805 0.021484 0.017578
0 0.926758 0.460938 0.021484 0.023438
0 0.887695 0.474609 0.017578 0.023438
0 0.131836 0.825195 0.025391 0.041016
0 0.862305 0.664062 0.025391 0.015625
0 0.311523 0.673828 0.029297 0.031250
0 0.314453 0.643555 0.011719 0.005859
0 0.849609 0.720703 0.007812 0.015625
0 0.890625 0.733398 0.039062 0.025391
0 0.592773 0.654297 0.041016 0.019531
0 0.738281 0.713867 0.027344 0.025391
0 0.132812 0.755859 0.019531 0.031250
0 0.723633 0.785156 0.017578 0.019531
0 0.771484 0.789062 0.011719 0.023438
0 0.146484 0.640625 0.042969 0.042969
0 0.701172 0.627930 0.015625 0.017578
0 0.757812 0.618164 0.042969 0.037109
0 0.822266 0.819336 0.015625 0.025391
0 0.830078 0.784180 0.015625 0.017578
0 0.555664 0.731445 0.025391 0.025391
0 0.508789 0.793945 0.013672 0.009766
0 0.507812 0.821289 0.015625 0.017578
0 0.332031 0.752930 0.039062 0.029297
0 0.330078 0.713867 0.035156 0.017578
0 0.324219 0.903320 0.031250 0.037109
0 0.847656 0.610352 0.019531 0.017578
