0 0.452128 0.600478 0.010638 0.017544
0 0.474468 0.598086 0.008511 0.009569
0 0.644681 0.396332 0.021277 0.020734
0 0.641489 0.355662 0.019149 0.015949
0 0.371809 0.573365 0.018085 0.030303
0 0.618085 0.443381 0.021277 0.031898
0 0.225000 0.625199 0.022340 0.041467
0 0.200532 0.608453 0.009574 0.017544
0 0.457447 0.505582 0.017021 0.012759
0 0.479255 0.518341 0.009574 0.012759
0 0.735638 0.522329 0.015957 0.020734
0 0.367021 0.605263 0.012766 0.017544
0 0.344149 0.611643 0.007447 0.014354
0 0.309574 0.572568 0.010638 0.019139
0 0.414362 0.598884 0.013830 0.020734
0 0.304787 0.603668 0.013830 0.027113
0 0.741489 0.363636 0.029787 0.035088
0 0.735106 0.403509 0.025532 0.028708
0 0.604255 0.377193 0.025532 0.039872
0 0.622340 0.412281 0.010638 0.017544
0 0.443085 0.568581 0.009574 0.017544
0 0.711702 0.298246 0.008511 0.012759
0 0.356383 0.513557 0.019149 0.028708
0 0.159043 0.583732 0.015957 0.022329
0 0.134043 0.558214 0.021277 0.028708
0 0.610638 0.555821 0.031915 0.039872
0 0.173936 0.708134 0.005319 0.012759
0 0.132447 0.680223 0.022340 0.033493
0 0.081383 0.686603 0.015957 0.017544
0 0.167021 0.733652 0.017021 0.022329
