0 0.741211 0.307617 0.041016 0.044922
0 0.936523 0.241211 0.044922 0.044922
0 0.722656 0.213867 0.019531 0.017578
0 0.866211 0.232422 0.037109 0.027344
0 0.887695 0.264648 0.009766 0.013672
0 0.881836 0.382812 0.029297 0.031250
0 0.840820 0.355469 0.017578 0.015625
0 0.939453 0.399414 0.039062 0.013672
0 0.949219 0.372070 0.011719 0.013672
0 0.812500 0.403320 0.031250 0.033203
0 0.916992 0.152344 0.017578 0.019531
0 0.752930 0.395508 0.017578 0.037109
0 0.791992 0.314453 0.044922 0.031250
0 0.864258 0.161133 0.044922 0.041016
0 0.860352 0.325195 0.025391 0.017578
0 0.790039 0.246094 0.048828 0.046875
0 0.799805 0.147461 0.041016 0.041016
0 0.800781 0.186523 0.023438 0.013672
0 0.752930 0.170898 0.017578 0.017578
0 0.924805 0.328125 0.044922 0.039062
0 0.953125 0.288086 0.015625 0.005859
