0 0.404297 0.791992 0.035156 0.025391
0 0.525391 0.759766 0.023438 0.027344
0 0.569336 0.760742 0.037109 0.029297
0 0.700195 0.825195 0.021484 0.017578
0 0.665039 0.853516 0.033203 0.019531
0 0.703125 0.852539 0.011719 0.017578
0 0.800781 0.759766 0.023438 0.027344
0 0.832031 0.759766 0.023438 0.023438
0 0.479492 0.763672 0.025391 0.019531
0 0.832031 0.823242 0.031250 0.029297
0 0.767578 0.817383 0.019531 0.017578
0 0.561523 0.852539 0.009766 0.013672
0 0.585938 0.851562 0.019531 0.023438
0 0.445312 0.824219 0.015625 0.015625
0 0.690430 0.766602 0.021484 0.013672
0 0.606445 0.788086 0.013672 0.013672
0 0.776367 0.850586 0.009766 0.013672
0 0.414062 0.851562 0.011719 0.015625
0 0.536133 0.825195 0.021484 0.025391
0 0.572266 0.821289 0.035156 0.021484
0 0.759766 0.786133 0.019531 0.017578
0 0.646484 0.791016 0.011719 0.031250
