0 0.281250 0.616211 0.007812 0.017578
0 0.689453 0.554688 0.027344 0.015625
0 0.686523 0.528320 0.017578 0.017578
0 0.067383 0.713867 0.025391 0.033203
0 0.070312 0.678711 0.011719 0.009766
0 0.283203 0.738281 0.019531 0.019531
0 0.154297 0.683594 0.031250 0.027344
0 0.336914 0.669922 0.017578 0.027344
0 0.326172 0.634766 0.023438 0.023438
0 0.239258 0.301758 0.037109 0.033203
0 0.221680 0.260742 0.017578 0.017578
0 0.194336 0.295898 0.017578 0.017578
0 0.174805 0.625000 0.017578 0.023438
0 0.207031 0.603516 0.011719 0.019531
0 0.290039 0.673828 0.029297 0.035156
0 0.787109 0.400391 0.027344 0.023438
0 0.196289 0.729492 0.033203 0.029297
0 0.097656 0.880859 0.015625 0.035156
0 0.636719 0.613281 0.023438 0.027344
0 0.646484 0.655273 0.039062 0.029297
0 0.274414 0.591797 0.013672 0.011719
0 0.297852 0.591797 0.017578 0.011719
0 0.294922 0.420898 0.019531 0.017578
0 0.642578 0.469727 0.011719 0.009766
0 0.290039 0.792969 0.013672 0.011719
0 0.292969 0.767578 0.019531 0.015625
0 0.188477 0.810547 0.037109 0.035156
0 0.179688 0.839844 0.019531 0.007812
0 0.153320 0.748047 0.021484 0.023438
0 0.162109 0.714844 0.015625 0.019531
