0 0.523438 0.657227 0.039062 0.041016
0 0.536133 0.622070 0.009766 0.013672
0 0.396484 0.715820 0.035156 0.029297
0 0.178711 0.831055 0.017578 0.013672
0 0.216797 0.833008 0.007812 0.013672
0 0.234375 0.859375 0.023438 0.023438
0 0.280273 0.860352 0.021484 0.021484
0 0.303711 0.829102 0.025391 0.025391
0 0.344727 0.829102 0.029297 0.025391
0 0.393555 0.858398 0.029297 0.021484
0 0.380859 0.824219 0.019531 0.019531
0 0.441406 0.639648 0.039062 0.033203
0 0.309570 0.763672 0.029297 0.015625
0 0.348633 0.772461 0.021484 0.021484
0 0.529297 0.734375 0.031250 0.031250
0 0.525391 0.694336 0.015625 0.013672
0 0.341797 0.606445 0.019531 0.025391
0 0.443359 0.473633 0.023438 0.017578
0 0.427734 0.501953 0.015625 0.015625
0 0.246094 0.778320 0.011719 0.009766
0 0.656250 0.283203 0.046875 0.046875
0 0.679688 0.331055 0.011719 0.013672
0 0.461914 0.448242 0.017578 0.013672
0 0.522461 0.556641 0.025391 0.031250
0 0.306641 0.265625 0.007812 0.015625
0 0.328125 0.288086 0.015625 0.013672
0 0.200195 0.797852 0.013672 0.025391
0 0.371094 0.374023 0.019531 0.017578
0 0.334961 0.375000 0.037109 0.042969
0 0.174805 0.857422 0.013672 0.019531
