0 0.226562 0.381836 0.015625 0.025391
0 0.252930 0.372070 0.017578 0.017578
0 0.169922 0.533203 0.027344 0.031250
0 0.284180 0.495117 0.037109 0.013672
0 0.355469 0.397461 0.015625 0.009766
0 0.281250 0.527344 0.023438 0.031250
0 0.348633 0.434570 0.029297 0.021484
0 0.184570 0.475586 0.033203 0.037109
0 0.226562 0.511719 0.019531 0.015625
0 0.255859 0.516602 0.011719 0.009766
0 0.160156 0.395508 0.015625 0.013672
0 0.223633 0.484375 0.017578 0.023438
0 0.255859 0.463867 0.015625 0.017578
0 0.299805 0.393555 0.017578 0.013672
0 0.184570 0.415039 0.013672 0.013672
0 0.162109 0.436523 0.015625 0.017578
0 0.302734 0.427734 0.031250 0.035156
0 0.235352 0.431641 0.021484 0.023438
0 0.258789 0.424805 0.009766 0.013672
0 0.341797 0.476562 0.027344 0.042969
0 0.343750 0.536133 0.019531 0.021484
