0 0.141406 0.897656 0.023438 0.020313
0 0.107031 0.892188 0.014063 0.009375
0 0.546094 0.568750 0.017188 0.012500
0 0.550781 0.596094 0.023438 0.020313
0 0.810937 0.471094 0.018750 0.023438
0 0.808594 0.414844 0.017188 0.023438
0 0.349219 0.857812 0.010937 0.015625
0 0.650000 0.787500 0.015625 0.012500
0 0.683594 0.771875 0.014063 0.012500
0 0.114062 0.919531 0.012500 0.010937
0 0.259375 0.879687 0.015625 0.015625
0 0.852344 0.460156 0.029687 0.029687
0 0.103906 0.873437 0.014063 0.015625
0 0.737500 0.253125 0.015625 0.034375
0 0.543750 0.650000 0.040625 0.028125
0 0.632031 0.597656 0.007812 0.014063
0 0.600000 0.587500 0.012500 0.012500
0 0.821875 0.259375 0.021875 0.031250
0 0.280469 0.920312 0.029687 0.015625
0 0.783594 0.519531 0.029687 0.023438
0 0.783594 0.552344 0.014063 0.014063
0 0.129688 0.852344 0.012500 0.014063
0 0.742969 0.379688 0.029687 0.034375
0 0.850000 0.529687 0.031250 0.021875
0 0.853125 0.360938 0.028125 0.025000
0 0.743750 0.467969 0.018750 0.023438
0 0.744531 0.425000 0.035937 0.034375
0 0.221094 0.875000 0.014063 0.015625
0 0.664844 0.568750 0.014063 0.021875
0 0.653125 0.622656 0.012500 0.010937
