0 0.179688 0.192969 0.031250 0.020313
0 0.123438 0.185938 0.025000 0.031250
0 0.123438 0.153906 0.037500 0.017188
0 0.132812 0.117188 0.012500 0.012500
0 0.310937 0.196875 0.012500 0.006250
0 0.346875 0.205469 0.037500 0.035937
0 0.734375 0.532813 0.009375 0.018750
0 0.764844 0.574219 0.020313 0.007812
0 0.741406 0.270313 0.017188 0.031250
0 0.178906 0.144531 0.032813 0.023438
0 0.282813 0.258594 0.018750 0.010937
0 0.250781 0.251563 0.026562 0.021875
0 0.618750 0.514062 0.018750 0.021875
0 0.317969 0.155469 0.017188 0.010937
0 0.362500 0.158594 0.009375 0.017188
0 0.348438 0.310937 0.025000 0.028125
0 0.518750 0.435156 0.034375 0.023438
0 0.524219 0.392969 0.051562 0.048438
0 0.687500 0.233594 0.025000 0.017188
0 0.704688 0.430469 0.028125 0.042188
0 0.123438 0.260156 0.046875 0.042188
0 0.601562 0.351562 0.015625 0.028125
0 0.630469 0.281250 0.014063 0.015625
0 0.545312 0.201563 0.028125 0.028125
0 0.167969 0.324219 0.020313 0.017188
0 0.168750 0.349219 0.021875 0.017188
0 0.504687 0.555469 0.018750 0.039062
0 0.614062 0.456250 0.028125 0.040625
0 0.575781 0.411719 0.026562 0.035937
0 0.281250 0.189062 0.031250 0.034375
