0 0.520134 0.450391 0.016299 0.027344
0 0.548897 0.450781 0.020134 0.014063
0 0.610259 0.369141 0.020134 0.028906
0 0.578619 0.367188 0.022052 0.028125
0 0.649569 0.461719 0.022052 0.018750
0 0.525887 0.363672 0.027804 0.019531
0 0.580537 0.452734 0.014382 0.033594
0 0.529722 0.408984 0.023969 0.030469
0 0.669703 0.416406 0.027804 0.032813
0 0.697507 0.412891 0.010547 0.016406
0 0.452541 0.412109 0.023011 0.016406
0 0.519655 0.338281 0.026846 0.017188
0 0.624640 0.404687 0.010547 0.010937
0 0.573826 0.417969 0.010547 0.010937
0 0.659636 0.360938 0.011505 0.012500
0 0.448226 0.374219 0.010547 0.009375
0 0.465005 0.365234 0.013423 0.017969
0 0.452061 0.458984 0.025887 0.019531
0 0.483701 0.468750 0.014382 0.009375
0 0.598274 0.341406 0.015340 0.010937
0 0.587728 0.318359 0.013423 0.011719
0 0.665868 0.336328 0.045062 0.028906
0 0.462128 0.339062 0.013423 0.014063
