0 0.395508 0.206055 0.017578 0.025391
0 0.661133 0.478516 0.017578 0.015625
0 0.688477 0.438477 0.017578 0.017578
0 0.859375 0.621094 0.050781 0.046875
0 0.913086 0.630859 0.033203 0.027344
0 0.913086 0.758789 0.013672 0.025391
0 0.843750 0.723633 0.042969 0.044922
0 0.318359 0.170898 0.035156 0.021484
0 0.134766 0.179688 0.019531 0.027344
0 0.344727 0.238281 0.013672 0.011719
0 0.731445 0.534180 0.033203 0.029297
0 0.773438 0.586914 0.011719 0.017578
0 0.738281 0.701172 0.023438 0.015625
0 0.673828 0.639648 0.011719 0.013672
0 0.630859 0.626953 0.023438 0.031250
0 0.897461 0.476562 0.033203 0.031250
0 0.875977 0.426758 0.009766 0.017578
0 0.208008 0.413086 0.017578 0.009766
0 0.519531 0.489258 0.035156 0.021484
0 0.542969 0.446289 0.019531 0.017578
0 0.297852 0.395508 0.033203 0.041016
0 0.353516 0.412109 0.031250 0.042969
0 0.240234 0.275391 0.035156 0.023438
0 0.151367 0.402344 0.009766 0.027344
0 0.895508 0.559570 0.025391 0.017578
0 0.535156 0.752930 0.050781 0.048828
0 0.511719 0.581055 0.015625 0.017578
0 0.753906 0.443359 0.019531 0.019531
0 0.169922 0.349609 0.015625 0.011719
0 0.794922 0.634766 0.015625 0.031250
