0 0.231445 0.160156 0.013672 0.015625
0 0.242188 0.126953 0.015625 0.011719
0 0.754883 0.325195 0.025391 0.021484
0 0.754883 0.386719 0.037109 0.035156
0 0.393555 0.243164 0.013672 0.025391
0 0.362305 0.232422 0.021484 0.011719
0 0.211914 0.236328 0.017578 0.027344
0 0.243164 0.245117 0.013672 0.009766
0 0.327148 0.243164 0.025391 0.017578
0 0.490234 0.516602 0.039062 0.029297
0 0.625000 0.463867 0.015625 0.017578
0 0.323242 0.088867 0.033203 0.029297
0 0.892578 0.442383 0.031250 0.021484
0 0.672852 0.550781 0.025391 0.015625
0 0.664062 0.596680 0.027344 0.025391
0 0.874023 0.373047 0.013672 0.007812
0 0.902344 0.397461 0.019531 0.029297
0 0.946289 0.386719 0.048828 0.050781
0 0.937500 0.258789 0.015625 0.009766
0 0.942383 0.287109 0.009766 0.015625
0 0.554688 0.592773 0.035156 0.033203
0 0.884766 0.326172 0.019531 0.019531
0 0.906250 0.350586 0.011719 0.005859
0 0.720703 0.487305 0.019531 0.021484
0 0.690430 0.515625 0.013672 0.031250
0 0.820312 0.288086 0.023438 0.013672
0 0.482422 0.391602 0.039062 0.021484
0 0.620117 0.398438 0.037109 0.019531
0 0.611328 0.372070 0.027344 0.013672
0 0.321289 0.339844 0.021484 0.027344
