0 0.271484 0.716797 0.015625 0.023438
0 0.277344 0.690430 0.007812 0.013672
0 0.166992 0.720703 0.013672 0.015625
0 0.242188 0.695312 0.011719 0.015625
0 0.267578 0.632812 0.031250 0.027344
0 0.164062 0.662109 0.023438 0.027344
0 0.228516 0.632812 0.019531 0.027344
0 0.204102 0.684570 0.029297 0.017578
0 0.693359 0.831055 0.011719 0.009766
0 0.694336 0.798828 0.009766 0.027344
0 0.958984 0.799805 0.035156 0.033203
0 0.919922 0.835938 0.019531 0.019531
0 0.192383 0.630859 0.013672 0.023438
0 0.758789 0.829102 0.021484 0.025391
0 0.163086 0.631836 0.017578 0.009766
0 0.896484 0.752930 0.011719 0.013672
0 0.956055 0.732422 0.041016 0.039062
0 0.695312 0.685547 0.031250 0.023438
0 0.238281 0.662109 0.019531 0.015625
0 0.267578 0.663086 0.011719 0.017578
0 0.740234 0.657227 0.027344 0.025391
0 0.832031 0.653320 0.015625 0.025391
0 0.199219 0.658203 0.015625 0.011719
0 0.680664 0.588867 0.044922 0.048828
0 0.788086 0.740234 0.029297 0.015625
0 0.741211 0.744141 0.041016 0.039062
0 0.917969 0.649414 0.027344 0.037109
0 0.951172 0.659180 0.015625 0.017578
0 0.683594 0.758789 0.042969 0.029297
0 0.679688 0.725586 0.031250 0.021484
