0 0.218750 0.761719 0.019531 0.019531
0 0.189453 0.691406 0.015625 0.015625
0 0.166016 0.695312 0.015625 0.011719
0 0.262695 0.685547 0.041016 0.031250
0 0.303711 0.754883 0.021484 0.013672
0 0.177734 0.731445 0.007812 0.013672
0 0.220703 0.691406 0.027344 0.015625
0 0.167969 0.766602 0.007812 0.017578
0 0.188477 0.766602 0.017578 0.013672
0 0.254883 0.757812 0.029297 0.027344
0 0.224609 0.727539 0.015625 0.013672
0 0.270508 0.727539 0.017578 0.017578
0 0.246094 0.720703 0.007812 0.019531
0 0.170898 0.651367 0.025391 0.029297
0 0.304688 0.720703 0.019531 0.015625
0 0.211914 0.645508 0.021484 0.009766
0 0.308594 0.686523 0.035156 0.033203
0 0.270508 0.649414 0.017578 0.021484
0 0.308594 0.650391 0.007812 0.019531
