0 0.576923 0.504225 0.015385 0.016901
0 0.674359 0.630986 0.015385 0.028169
0 0.711538 0.625352 0.007692 0.011268
0 0.842308 0.140845 0.023077 0.016901
0 0.400000 0.504225 0.015385 0.022535
0 0.780769 0.138028 0.012821 0.016901
0 0.792308 0.169014 0.010256 0.016901
0 0.252564 0.450704 0.012821 0.016901
0 0.191026 0.452113 0.028205 0.025352
0 0.320513 0.457746 0.010256 0.014085
0 0.361538 0.445070 0.020513 0.011268
0 0.274359 0.528169 0.020513 0.025352
0 0.346154 0.528169 0.020513 0.019718
0 0.541026 0.452113 0.025641 0.019718
0 0.815385 0.266197 0.025641 0.042254
0 0.742308 0.573239 0.033333 0.025352
0 0.867949 0.077465 0.012821 0.030986
0 0.602564 0.469014 0.010256 0.014085
0 0.639744 0.461972 0.017949 0.022535
0 0.473077 0.477465 0.038462 0.025352
0 0.830769 0.522535 0.035897 0.019718
0 0.614103 0.630986 0.033333 0.045070
0 0.420513 0.457746 0.015385 0.014085
0 0.388462 0.456338 0.012821 0.016901
0 0.841026 0.107042 0.015385 0.016901
0 0.337179 0.498592 0.017949 0.016901
0 0.293590 0.476056 0.007692 0.011268
0 0.274359 0.477465 0.010256 0.025352
0 0.600000 0.528169 0.010256 0.008451
0 0.553846 0.529577 0.015385 0.011268
