0 0.442383 0.672852 0.021484 0.021484
0 0.453125 0.711914 0.011719 0.017578
0 0.393555 0.845703 0.017578 0.031250
0 0.405273 0.815430 0.009766 0.013672
0 0.353516 0.815430 0.007812 0.013672
0 0.454102 0.768555 0.025391 0.021484
0 0.484375 0.918945 0.023438 0.037109
0 0.494141 0.773438 0.015625 0.019531
0 0.490234 0.742188 0.019531 0.019531
0 0.361328 0.743164 0.011719 0.013672
0 0.367188 0.778320 0.023438 0.025391
0 0.492188 0.821289 0.023438 0.025391
0 0.500000 0.851562 0.019531 0.007812
0 0.373047 0.711914 0.015625 0.017578
0 0.417969 0.773438 0.015625 0.015625
0 0.413086 0.744141 0.021484 0.011719
0 0.400391 0.675781 0.023438 0.023438
0 0.413086 0.708008 0.021484 0.021484
0 0.415039 0.889648 0.021484 0.017578
0 0.444336 0.899414 0.021484 0.013672
0 0.439453 0.935547 0.007812 0.015625
0 0.459961 0.827148 0.013672 0.013672
0 0.440430 0.851562 0.013672 0.015625
0 0.494141 0.679688 0.023438 0.035156
0 0.367188 0.904297 0.019531 0.011719
0 0.356445 0.932617 0.025391 0.021484
