0 0.787915 0.165877 0.045024 0.042654
0 0.835308 0.124408 0.016588 0.011848
0 0.721564 0.175355 0.016588 0.018957
0 0.703791 0.125592 0.014218 0.009479
0 0.799763 0.594787 0.016588 0.042654
0 0.945498 0.553318 0.014218 0.016588
0 0.872038 0.572275 0.014218 0.016588
0 0.559242 0.940758 0.023697 0.014218
0 0.518957 0.949052 0.018957 0.016588
0 0.689573 0.286730 0.023697 0.042654
0 0.744076 0.289100 0.028436 0.037915
0 0.112559 0.361374 0.030806 0.021327
0 0.119668 0.395735 0.016588 0.018957
0 0.643365 0.065166 0.040284 0.035545
0 0.725118 0.803318 0.023697 0.033175
0 0.207346 0.359005 0.016588 0.021327
0 0.734597 0.246445 0.009479 0.014218
0 0.111374 0.513033 0.023697 0.021327
0 0.825829 0.805687 0.016588 0.014218
0 0.636256 0.713270 0.030806 0.037915
0 0.684834 0.715640 0.014218 0.009479
0 0.784360 0.803318 0.028436 0.028436
0 0.234597 0.354265 0.018957 0.026066
0 0.716825 0.072275 0.045024 0.045024
0 0.715640 0.728673 0.014218 0.011848
0 0.101896 0.426540 0.014218 0.009479
0 0.802133 0.937204 0.035545 0.040284
0 0.667062 0.785545 0.035545 0.035545
0 0.236967 0.433649 0.018957 0.014218
0 0.876777 0.799763 0.014218 0.021327
