0 0.439189 0.913090 0.007508 0.015021
0 0.382883 0.917382 0.012012 0.015021
0 0.255255 0.841202 0.027027 0.021459
0 0.298048 0.131974 0.016517 0.019313
0 0.492492 0.869099 0.015015 0.021459
0 0.463213 0.872318 0.022523 0.027897
0 0.440691 0.339056 0.016517 0.025751
0 0.201201 0.018240 0.009009 0.015021
0 0.177928 0.037554 0.019520 0.027897
0 0.255255 0.341202 0.018018 0.025751
0 0.264264 0.030043 0.024024 0.030043
0 0.295796 0.876609 0.015015 0.023605
0 0.190691 0.093348 0.033033 0.049356
0 0.155405 0.074034 0.013514 0.015021
0 0.318318 0.013948 0.015015 0.019313
0 0.346096 0.031116 0.025526 0.040773
0 0.144895 0.291845 0.019520 0.012876
0 0.177928 0.295064 0.019520 0.027897
0 0.422673 0.874464 0.013514 0.019313
0 0.391892 0.869099 0.021021 0.025751
0 0.463964 0.913090 0.012012 0.010730
0 0.320571 0.086910 0.016517 0.032189
0 0.254505 0.300429 0.010511 0.021459
0 0.286036 0.295064 0.013514 0.015021
0 0.148649 0.154506 0.024024 0.030043
0 0.336336 0.907725 0.018018 0.030043
0 0.359610 0.914163 0.010511 0.012876
0 0.340090 0.862661 0.019520 0.017167
0 0.106607 0.077253 0.012012 0.021459
0 0.228979 0.204936 0.028529 0.045064
