0 0.318750 0.298611 0.009375 0.025000
0 0.343750 0.318056 0.012500 0.019444
0 0.282031 0.261111 0.023438 0.044444
0 0.260156 0.344444 0.014063 0.022222
0 0.232813 0.340278 0.015625 0.019444
0 0.253906 0.215278 0.014063 0.013889
0 0.348438 0.270833 0.012500 0.019444
0 0.332813 0.212500 0.025000 0.030556
0 0.095312 0.212500 0.012500 0.019444
0 0.143750 0.354167 0.006250 0.013889
0 0.187500 0.251389 0.018750 0.013889
0 0.072656 0.304167 0.020313 0.041667
0 0.128906 0.308333 0.014063 0.027778
0 0.115625 0.263889 0.018750 0.038889
0 0.167187 0.305556 0.009375 0.011111
0 0.118750 0.368056 0.012500 0.013889
0 0.276562 0.311111 0.009375 0.022222
0 0.245312 0.304167 0.012500 0.019444
0 0.192188 0.213889 0.015625 0.038889
0 0.166406 0.212500 0.014063 0.013889
0 0.343750 0.362500 0.009375 0.013889
