0 0.792969 0.660156 0.019531 0.035156
0 0.849609 0.648438 0.007812 0.027344
0 0.852539 0.708008 0.033203 0.037109
0 0.933594 0.924805 0.035156 0.017578
0 0.934570 0.866211 0.037109 0.021484
0 0.868164 0.941406 0.013672 0.011719
0 0.818359 0.589844 0.035156 0.035156
0 0.809570 0.556641 0.017578 0.011719
0 0.927734 0.604492 0.023438 0.029297
0 0.743164 0.686523 0.025391 0.009766
0 0.707031 0.679688 0.011719 0.011719
0 0.858398 0.581055 0.013672 0.029297
0 0.857422 0.526367 0.050781 0.048828
0 0.857422 0.613281 0.019531 0.015625
0 0.862305 0.372070 0.041016 0.029297
0 0.941406 0.710938 0.011719 0.019531
0 0.938477 0.659180 0.025391 0.029297
0 0.865234 0.483398 0.015625 0.017578
0 0.878906 0.422852 0.007812 0.017578
0 0.903320 0.635742 0.013672 0.009766
0 0.851562 0.817383 0.027344 0.025391
0 0.854492 0.779297 0.033203 0.035156
0 0.806641 0.936523 0.015625 0.013672
0 0.813477 0.884766 0.025391 0.035156
0 0.744141 0.543945 0.027344 0.029297
0 0.721680 0.591797 0.021484 0.023438
0 0.791992 0.539062 0.017578 0.007812
0 0.805664 0.442383 0.017578 0.017578
0 0.775391 0.436523 0.019531 0.029297
0 0.911133 0.343750 0.025391 0.031250
