0 0.391429 0.903810 0.009524 0.024762
0 0.538095 0.598095 0.013333 0.015238
0 0.569524 0.601905 0.011429 0.015238
0 0.803810 0.669524 0.030476 0.020952
0 0.462857 0.771429 0.038095 0.034286
0 0.665714 0.818095 0.017143 0.017143
0 0.698095 0.813333 0.009524 0.015238
0 0.752381 0.875238 0.007619 0.017143
0 0.725714 0.622857 0.019048 0.019048
0 0.696190 0.625714 0.017143 0.017143
0 0.502857 0.479048 0.011429 0.013333
0 0.672381 0.500952 0.034286 0.019048
0 0.722857 0.500952 0.017143 0.011429
0 0.685714 0.437143 0.026667 0.020952
0 0.376190 0.434286 0.013333 0.015238
0 0.447619 0.669524 0.045714 0.043810
0 0.695238 0.901905 0.034286 0.020952
0 0.737143 0.944762 0.019048 0.015238
0 0.401905 0.609524 0.015238 0.011429
0 0.508571 0.729524 0.015238 0.019048
0 0.543810 0.724762 0.028571 0.036190
0 0.805714 0.809524 0.026667 0.034286
0 0.609524 0.500000 0.030476 0.020952
0 0.836190 0.531429 0.015238 0.015238
0 0.740952 0.670476 0.015238 0.011429
0 0.413333 0.460000 0.011429 0.009524
0 0.369524 0.460952 0.011429 0.015238
0 0.808571 0.863810 0.028571 0.032381
0 0.838095 0.860952 0.007619 0.015238
0 0.532381 0.772381 0.043810 0.043810
0 0.360000 0.732381 0.019048 0.009524
