0 0.789062 0.384766 0.023438 0.027344
0 0.881836 0.439453 0.017578 0.015625
0 0.792969 0.420898 0.019531 0.017578
0 0.841797 0.346680 0.027344 0.017578
0 0.770508 0.349609 0.025391 0.023438
0 0.975586 0.379883 0.013672 0.017578
0 0.895508 0.353516 0.017578 0.023438
0 0.956055 0.444336 0.037109 0.025391
0 0.789062 0.441406 0.019531 0.007812
0 0.764648 0.435547 0.013672 0.011719
0 0.844727 0.442383 0.013672 0.017578
0 0.820312 0.458008 0.011719 0.005859
0 0.899414 0.386719 0.025391 0.019531
0 0.853516 0.419922 0.023438 0.011719
0 0.958008 0.415039 0.033203 0.017578
0 0.942383 0.359375 0.017578 0.015625
0 0.827148 0.373047 0.013672 0.011719
0 0.865234 0.391602 0.011719 0.009766
0 0.906250 0.415039 0.011719 0.013672
