0 0.677734 0.556641 0.019531 0.019531
0 0.734375 0.594727 0.039062 0.041016
0 0.776367 0.586914 0.029297 0.041016
0 0.414062 0.405273 0.019531 0.017578
0 0.466797 0.404297 0.007812 0.019531
0 0.492188 0.404297 0.007812 0.015625
0 0.683594 0.806641 0.031250 0.035156
0 0.850586 0.840820 0.017578 0.013672
0 0.923828 0.633789 0.023438 0.021484
0 0.917969 0.690430 0.011719 0.005859
0 0.384766 0.342773 0.019531 0.013672
0 0.929688 0.833008 0.011719 0.013672
0 0.916992 0.569336 0.021484 0.029297
0 0.523438 0.360352 0.015625 0.013672
0 0.869141 0.739258 0.007812 0.013672
0 0.829102 0.760742 0.033203 0.037109
0 0.743164 0.693359 0.009766 0.011719
0 0.738281 0.655273 0.039062 0.029297
0 0.455078 0.381836 0.015625 0.009766
0 0.617188 0.380859 0.031250 0.015625
0 0.587891 0.383789 0.011719 0.017578
0 0.611328 0.411133 0.015625 0.013672
0 0.864258 0.667969 0.021484 0.027344
0 0.822266 0.669922 0.035156 0.023438
0 0.839844 0.595703 0.035156 0.039062
0 0.542969 0.343750 0.007812 0.015625
0 0.562500 0.336914 0.011719 0.009766
0 0.771484 0.729492 0.035156 0.037109
0 0.726562 0.771484 0.011719 0.015625
0 0.400391 0.380859 0.019531 0.007812
