0 0.135937 0.241797 0.012500 0.013281
0 0.241797 0.190234 0.014844 0.013281
0 0.301563 0.195312 0.032813 0.012500
0 0.517969 0.401953 0.020313 0.017969
0 0.487891 0.389453 0.025781 0.024219
0 0.623437 0.631641 0.012500 0.013281
0 0.632031 0.603906 0.034375 0.021875
0 0.484375 0.219141 0.017188 0.021094
0 0.510156 0.217188 0.015625 0.026562
0 0.389453 0.214453 0.019531 0.021094
0 0.338281 0.214062 0.006250 0.014063
0 0.391406 0.273047 0.014063 0.017969
0 0.503906 0.243750 0.017188 0.012500
0 0.448047 0.242578 0.014844 0.017969
0 0.473047 0.270703 0.017969 0.017969
0 0.493359 0.582422 0.016406 0.014844
0 0.614062 0.450391 0.018750 0.007031
0 0.642969 0.483594 0.009375 0.025000
0 0.440625 0.538281 0.025000 0.035937
0 0.416797 0.561328 0.007031 0.011719
0 0.619922 0.412109 0.027344 0.027344
0 0.517188 0.489844 0.015625 0.015625
0 0.276172 0.276562 0.030469 0.018750
0 0.155469 0.189844 0.039062 0.028125
0 0.553906 0.547266 0.025000 0.035156
0 0.577734 0.567578 0.014844 0.011719
0 0.575000 0.586719 0.009375 0.014063
0 0.557422 0.433594 0.011719 0.012500
0 0.558203 0.396484 0.042969 0.044531
0 0.351172 0.245703 0.024219 0.022656
