0 0.896022 0.155827 0.016275 0.029810
0 0.300181 0.878049 0.007233 0.016260
0 0.293852 0.845528 0.009042 0.021680
0 0.901447 0.120596 0.012658 0.013550
0 0.966546 0.155827 0.016275 0.018970
0 0.171790 0.803523 0.018083 0.029810
0 0.192586 0.787263 0.009042 0.018970
0 0.717902 0.556911 0.021700 0.035230
0 0.653707 0.670732 0.016275 0.035230
0 0.610307 0.654472 0.030741 0.040650
0 0.674503 0.459350 0.007233 0.018970
0 0.220615 0.860434 0.010850 0.018970
0 0.745027 0.584011 0.010850 0.018970
0 0.701627 0.609756 0.014467 0.016260
0 0.642857 0.547425 0.023508 0.037940
0 0.548825 0.551491 0.027125 0.035230
0 0.497288 0.509485 0.021700 0.032520
0 0.394213 0.535230 0.010850 0.018970
0 0.182640 0.754743 0.025316 0.013550
0 0.458409 0.594851 0.012658 0.018970
0 0.528029 0.612466 0.021700 0.032520
0 0.219711 0.937669 0.016275 0.021680
0 0.856239 0.556911 0.012658 0.040650
0 0.906872 0.570461 0.012658 0.018970
0 0.410488 0.330623 0.010850 0.021680
0 0.461121 0.369919 0.010850 0.013550
0 0.178119 0.868564 0.023508 0.018970
0 0.193490 0.837398 0.007233 0.016260
0 0.765823 0.546070 0.012658 0.035230
0 0.933996 0.219512 0.023508 0.027100
