0 0.785016 0.787645 0.023887 0.019305
0 0.359392 0.727799 0.010858 0.027027
0 0.366450 0.676641 0.022801 0.036680
0 0.165581 0.413127 0.016287 0.027027
0 0.643322 0.685328 0.016287 0.023166
0 0.679696 0.683398 0.013029 0.023166
0 0.326819 0.703668 0.017372 0.021236
0 0.454940 0.822394 0.017372 0.019305
0 0.429967 0.820463 0.015201 0.030888
0 0.102606 0.693050 0.018458 0.027027
0 0.131379 0.449807 0.021716 0.027027
0 0.083605 0.356178 0.015201 0.032819
0 0.074919 0.307915 0.015201 0.025097
0 0.404995 0.711390 0.019544 0.036680
0 0.406080 0.676641 0.008686 0.013514
0 0.166667 0.297297 0.014115 0.019305
0 0.729642 0.501931 0.008686 0.019305
0 0.358849 0.807915 0.009772 0.017375
0 0.344734 0.853282 0.009772 0.027027
0 0.680782 0.642857 0.006515 0.019305
0 0.758415 0.496139 0.007600 0.007722
0 0.152552 0.525097 0.009772 0.034749
0 0.708469 0.583012 0.011944 0.023166
0 0.717698 0.636100 0.023887 0.040541
0 0.078176 0.460425 0.021716 0.032819
0 0.077633 0.396718 0.022801 0.032819
0 0.130836 0.530888 0.009772 0.019305
0 0.134636 0.575290 0.013029 0.023166
0 0.356678 0.482625 0.014115 0.030888
0 0.367535 0.446911 0.007600 0.017375
