0 0.596680 0.947266 0.033203 0.023438
0 0.427734 0.345703 0.019531 0.035156
0 0.619141 0.233398 0.019531 0.025391
0 0.260742 0.810547 0.033203 0.031250
0 0.241211 0.905273 0.037109 0.021484
0 0.691406 0.774414 0.023438 0.029297
0 0.746094 0.778320 0.023438 0.037109
0 0.108398 0.817383 0.041016 0.025391
0 0.439453 0.206055 0.046875 0.048828
0 0.440430 0.261719 0.041016 0.035156
0 0.020508 0.917969 0.029297 0.019531
0 0.062500 0.922852 0.015625 0.017578
0 0.337891 0.783203 0.046875 0.039062
0 0.376953 0.760742 0.011719 0.009766
0 0.438477 0.939453 0.029297 0.031250
0 0.487305 0.942383 0.041016 0.041016
0 0.652344 0.908203 0.011719 0.027344
0 0.583984 0.903320 0.039062 0.029297
0 0.255859 0.868164 0.031250 0.017578
0 0.511719 0.334961 0.023438 0.029297
0 0.563477 0.084961 0.009766 0.013672
0 0.560547 0.153320 0.031250 0.029297
0 0.623047 0.063477 0.031250 0.021484
0 0.637695 0.107422 0.009766 0.019531
0 0.372070 0.900391 0.025391 0.031250
0 0.611328 0.316406 0.031250 0.039062
0 0.614258 0.384766 0.044922 0.023438
0 0.520508 0.475586 0.009766 0.017578
0 0.480469 0.504883 0.019531 0.021484
0 0.435547 0.151367 0.035156 0.033203
