0 0.724219 0.485938 0.010937 0.021875
0 0.500781 0.618750 0.042188 0.021875
0 0.312500 0.345313 0.018750 0.015625
0 0.318750 0.367188 0.012500 0.012500
0 0.221094 0.274219 0.026562 0.023438
0 0.186719 0.285938 0.026562 0.028125
0 0.759375 0.544531 0.015625 0.010937
0 0.310156 0.153906 0.010937 0.023438
0 0.314063 0.188281 0.025000 0.017188
0 0.885938 0.591406 0.037500 0.026562
0 0.303125 0.600781 0.012500 0.007812
0 0.664844 0.432812 0.035937 0.043750
0 0.371094 0.362500 0.048438 0.046875
0 0.396094 0.403125 0.010937 0.012500
0 0.285156 0.277344 0.039062 0.032813
0 0.195312 0.504687 0.037500 0.028125
0 0.342187 0.115625 0.025000 0.021875
0 0.746094 0.589063 0.032813 0.028125
0 0.608594 0.589844 0.039062 0.029687
0 0.520312 0.429688 0.021875 0.025000
0 0.451562 0.560937 0.012500 0.012500
0 0.370312 0.189844 0.028125 0.039062
0 0.624219 0.190625 0.014063 0.006250
0 0.444531 0.225000 0.014063 0.015625
0 0.478906 0.191406 0.042188 0.032813
0 0.577344 0.514062 0.010937 0.012500
0 0.628906 0.528125 0.042188 0.043750
0 0.694531 0.540625 0.029687 0.018750
0 0.342969 0.307031 0.014063 0.017188
0 0.341406 0.260156 0.026562 0.020313
