0 0.500977 0.408203 0.013672 0.015625
0 0.546875 0.382812 0.011719 0.015625
0 0.269531 0.688477 0.031250 0.041016
0 0.680664 0.642578 0.041016 0.042969
0 0.757812 0.652344 0.019531 0.011719
0 0.521484 0.293945 0.042969 0.037109
0 0.462891 0.329102 0.011719 0.013672
0 0.504883 0.520508 0.029297 0.033203
0 0.464844 0.514648 0.019531 0.041016
0 0.620117 0.538086 0.037109 0.021484
0 0.257812 0.428711 0.007812 0.013672
0 0.253906 0.389648 0.011719 0.009766
0 0.418945 0.432617 0.017578 0.013672
0 0.355469 0.359375 0.015625 0.019531
0 0.551758 0.539062 0.013672 0.019531
0 0.304688 0.578125 0.023438 0.035156
0 0.264648 0.583984 0.025391 0.027344
0 0.726562 0.583984 0.015625 0.007812
0 0.801758 0.641602 0.033203 0.041016
0 0.697266 0.726562 0.007812 0.019531
0 0.673828 0.739258 0.015625 0.037109
0 0.576172 0.594727 0.023438 0.021484
0 0.611328 0.579102 0.011719 0.009766
0 0.556641 0.509766 0.019531 0.011719
0 0.460938 0.197266 0.035156 0.035156
0 0.722656 0.686523 0.039062 0.025391
0 0.363281 0.162109 0.031250 0.035156
0 0.357422 0.208984 0.035156 0.031250
0 0.778320 0.561523 0.025391 0.021484
0 0.324219 0.642578 0.019531 0.023438
