0 0.447639 0.407407 0.004107 0.019324
0 0.401437 0.439614 0.016427 0.022544
0 0.410678 0.544283 0.014374 0.016103
0 0.837782 0.249597 0.014374 0.019324
0 0.852156 0.338164 0.016427 0.019324
0 0.171458 0.446055 0.010267 0.016103
0 0.180698 0.420290 0.018480 0.012882
0 0.121663 0.350242 0.017454 0.017713
0 0.219713 0.417069 0.028747 0.038647
0 0.885010 0.421095 0.024641 0.030596
0 0.919405 0.297101 0.023614 0.030596
0 0.907598 0.252818 0.016427 0.025765
0 0.939938 0.363124 0.013347 0.024155
0 0.958419 0.371176 0.013347 0.024155
0 0.589322 0.344605 0.008214 0.009662
0 0.600103 0.389694 0.027721 0.038647
0 0.059035 0.227053 0.029774 0.048309
0 0.396304 0.614332 0.020534 0.017713
0 0.235626 0.344605 0.019507 0.041868
0 0.922485 0.365539 0.007187 0.009662
0 0.920945 0.442029 0.020534 0.033816
0 0.054928 0.314815 0.025667 0.043478
0 0.231520 0.157810 0.029774 0.041868
0 0.844456 0.189211 0.005133 0.014493
0 0.851643 0.211755 0.011294 0.014493
0 0.538501 0.650564 0.015400 0.038647
0 0.130390 0.102254 0.010267 0.017713
0 0.190452 0.251208 0.009240 0.032206
0 0.165298 0.232689 0.014374 0.024155
0 0.949179 0.097424 0.011294 0.017713
