0 0.618164 0.771484 0.013672 0.023438
0 0.534180 0.773438 0.021484 0.019531
0 0.471680 0.443359 0.017578 0.011719
0 0.462891 0.724609 0.035156 0.035156
0 0.531250 0.687500 0.011719 0.011719
0 0.677734 0.449219 0.015625 0.015625
0 0.698242 0.449219 0.005859 0.011719
0 0.466797 0.628906 0.015625 0.011719
0 0.445312 0.675781 0.039062 0.042969
0 0.875977 0.813477 0.013672 0.017578
0 0.858398 0.766602 0.037109 0.041016
0 0.689453 0.392578 0.007812 0.015625
0 0.654297 0.366211 0.011719 0.013672
0 0.381836 0.747070 0.021484 0.013672
0 0.410156 0.744141 0.011719 0.019531
0 0.544922 0.712891 0.023438 0.023438
0 0.378906 0.931641 0.015625 0.027344
0 0.340820 0.950195 0.021484 0.029297
0 0.269531 0.813477 0.039062 0.029297
0 0.309570 0.802734 0.013672 0.015625
0 0.352539 0.741211 0.013672 0.013672
0 0.633789 0.474609 0.017578 0.019531
0 0.751953 0.601562 0.011719 0.019531
0 0.765625 0.569336 0.031250 0.021484
0 0.616211 0.811523 0.017578 0.009766
0 0.674805 0.805664 0.017578 0.021484
0 0.586914 0.473633 0.029297 0.017578
0 0.549805 0.908203 0.021484 0.023438
0 0.546875 0.948242 0.035156 0.029297
0 0.448242 0.313477 0.041016 0.029297
