0 0.754883 0.619141 0.041016 0.035156
0 0.588867 0.509766 0.013672 0.019531
0 0.596680 0.486328 0.013672 0.007812
0 0.040039 0.396484 0.009766 0.019531
0 0.040039 0.340820 0.017578 0.017578
0 0.381836 0.305664 0.013672 0.013672
0 0.239258 0.279297 0.033203 0.027344
0 0.240234 0.241211 0.039062 0.029297
0 0.927734 0.602539 0.039062 0.037109
0 0.969727 0.607422 0.025391 0.015625
0 0.405273 0.314453 0.017578 0.019531
0 0.404297 0.342773 0.015625 0.009766
0 0.602539 0.557617 0.025391 0.029297
0 0.568359 0.584961 0.007812 0.013672
0 0.182617 0.308594 0.029297 0.031250
0 0.284180 0.447266 0.021484 0.031250
0 0.047852 0.156250 0.017578 0.015625
0 0.074219 0.192383 0.011719 0.025391
0 0.662109 0.432617 0.039062 0.029297
0 0.650391 0.462891 0.015625 0.007812
0 0.406250 0.410156 0.027344 0.031250
0 0.408203 0.458984 0.027344 0.015625
0 0.511719 0.301758 0.015625 0.005859
0 0.476562 0.371094 0.027344 0.027344
0 0.442383 0.381836 0.021484 0.021484
0 0.456055 0.313477 0.021484 0.013672
0 0.834961 0.686523 0.017578 0.025391
0 0.871094 0.711914 0.011719 0.013672
0 0.472656 0.667969 0.035156 0.031250
0 0.368164 0.434570 0.025391 0.033203
