0 0.902344 0.480469 0.039062 0.039062
0 0.430664 0.847656 0.021484 0.015625
0 0.428711 0.250000 0.033203 0.039062
0 0.403320 0.721680 0.025391 0.041016
0 0.440430 0.756836 0.021484 0.033203
0 0.863281 0.366211 0.015625 0.009766
0 0.867188 0.315430 0.011719 0.009766
0 0.312500 0.387695 0.031250 0.041016
0 0.590820 0.686523 0.025391 0.025391
0 0.503906 0.618164 0.019531 0.017578
0 0.404297 0.586914 0.019531 0.017578
0 0.437500 0.527344 0.027344 0.023438
0 0.583984 0.839844 0.035156 0.035156
0 0.712891 0.656250 0.035156 0.027344
0 0.661133 0.661133 0.017578 0.013672
0 0.838867 0.642578 0.025391 0.031250
0 0.831055 0.719727 0.037109 0.025391
0 0.536133 0.564453 0.021484 0.019531
0 0.534180 0.588867 0.025391 0.009766
0 0.914062 0.346680 0.042969 0.033203
0 0.944336 0.394531 0.029297 0.035156
0 0.401367 0.519531 0.009766 0.015625
0 0.640625 0.442383 0.011719 0.009766
0 0.586914 0.467773 0.029297 0.025391
0 0.906250 0.708008 0.019531 0.017578
0 0.164062 0.275391 0.023438 0.027344
0 0.150391 0.312500 0.042969 0.031250
0 0.560547 0.524414 0.023438 0.021484
0 0.554688 0.493164 0.007812 0.013672
0 0.133789 0.353516 0.029297 0.031250
