0 0.226667 0.433333 0.020000 0.013333
0 0.230000 0.473333 0.026667 0.020000
0 0.291667 0.288333 0.030000 0.030000
0 0.225000 0.288333 0.023333 0.023333
0 0.231667 0.250000 0.023333 0.026667
0 0.321667 0.531667 0.023333 0.043333
0 0.290000 0.448333 0.013333 0.016667
0 0.300000 0.413333 0.013333 0.026667
0 0.256667 0.550000 0.026667 0.020000
0 0.258333 0.423333 0.010000 0.013333
0 0.686667 0.405000 0.026667 0.023333
0 0.786667 0.398333 0.046667 0.036667
0 0.660000 0.313333 0.020000 0.020000
0 0.705000 0.295000 0.030000 0.016667
0 0.786667 0.313333 0.020000 0.020000
0 0.791667 0.351667 0.043333 0.016667
0 0.840000 0.348333 0.013333 0.016667
0 0.326667 0.461667 0.020000 0.016667
0 0.330000 0.406667 0.020000 0.013333
0 0.678333 0.446667 0.030000 0.033333
0 0.723333 0.438333 0.020000 0.010000
0 0.810000 0.443333 0.026667 0.020000
0 0.255000 0.296667 0.010000 0.013333
0 0.713333 0.355000 0.040000 0.036667
0 0.673333 0.358333 0.013333 0.016667
0 0.568333 0.311667 0.030000 0.036667
0 0.440000 0.306667 0.026667 0.040000
0 0.505000 0.301667 0.030000 0.030000
0 0.230000 0.378333 0.026667 0.023333
0 0.228333 0.340000 0.023333 0.026667
