0 0.252344 0.762500 0.014063 0.012500
0 0.703125 0.493750 0.025000 0.015625
0 0.754687 0.492188 0.021875 0.031250
0 0.471094 0.546875 0.039062 0.028125
0 0.751563 0.885156 0.028125 0.023438
0 0.758594 0.858594 0.017188 0.007812
0 0.436719 0.371875 0.042188 0.043750
0 0.665625 0.899219 0.018750 0.010937
0 0.100000 0.728906 0.015625 0.020313
0 0.119531 0.726562 0.007812 0.018750
0 0.689063 0.671875 0.025000 0.028125
0 0.386719 0.489844 0.042188 0.039062
0 0.337500 0.485938 0.037500 0.034375
0 0.524219 0.156250 0.029687 0.028125
0 0.515625 0.185938 0.028125 0.018750
0 0.502344 0.312500 0.017188 0.025000
0 0.211719 0.782813 0.020313 0.028125
0 0.185938 0.782813 0.009375 0.015625
0 0.600000 0.617969 0.012500 0.010937
0 0.651563 0.596875 0.025000 0.025000
0 0.609375 0.661719 0.034375 0.023438
0 0.732812 0.363281 0.021875 0.029687
0 0.624219 0.800000 0.026562 0.018750
0 0.609375 0.834375 0.021875 0.015625
0 0.801562 0.303906 0.031250 0.029687
0 0.740625 0.321094 0.040625 0.035937
0 0.450000 0.320312 0.015625 0.012500
0 0.676562 0.360938 0.006250 0.012500
0 0.448437 0.118750 0.025000 0.021875
0 0.673438 0.735156 0.018750 0.023438
