0 0.500814 0.547771 0.034202 0.042463
0 0.362378 0.634820 0.021173 0.029724
0 0.359935 0.662420 0.013029 0.008493
0 0.878664 0.556263 0.017915 0.025478
0 0.566775 0.873673 0.013029 0.014862
0 0.570033 0.830149 0.019544 0.029724
0 0.365635 0.814225 0.027687 0.036093
0 0.434039 0.814225 0.021173 0.014862
0 0.843648 0.673036 0.035831 0.050955
0 0.664495 0.626327 0.029316 0.033970
0 0.613192 0.622081 0.017915 0.038217
0 0.628664 0.785563 0.016287 0.016985
0 0.312704 0.760085 0.016287 0.021231
0 0.309446 0.796178 0.022801 0.021231
0 0.548860 0.692144 0.013029 0.016985
0 0.131922 0.477707 0.019544 0.025478
0 0.124593 0.412951 0.027687 0.023355
0 0.596906 0.713376 0.021173 0.016985
0 0.631922 0.721868 0.022801 0.029724
0 0.574919 0.947983 0.019544 0.031847
0 0.581433 0.917197 0.016287 0.012739
0 0.756515 0.566879 0.014658 0.016985
0 0.449511 0.615711 0.009772 0.016985
0 0.412866 0.642251 0.027687 0.040340
0 0.277687 0.759023 0.011401 0.014862
0 0.283388 0.798301 0.006515 0.021231
0 0.565961 0.719745 0.014658 0.021231
0 0.279316 0.822718 0.011401 0.010616
0 0.495114 0.806794 0.016287 0.021231
0 0.535016 0.826964 0.027687 0.040340
