0 0.878788 0.351282 0.017316 0.035897
0 0.786436 0.308974 0.014430 0.023077
0 0.761905 0.315385 0.011544 0.025641
0 0.380952 0.661538 0.017316 0.030769
0 0.181818 0.933333 0.014430 0.020513
0 0.301587 0.815385 0.017316 0.025641
0 0.233766 0.807692 0.008658 0.010256
0 0.479798 0.660256 0.021645 0.038462
0 0.424242 0.652564 0.005772 0.023077
0 0.408369 0.662821 0.011544 0.038462
0 0.479076 0.571795 0.005772 0.015385
0 0.448773 0.542308 0.008658 0.017949
0 0.466089 0.934615 0.014430 0.033333
0 0.354257 0.884615 0.007215 0.020513
0 0.724387 0.265385 0.023088 0.038462
0 0.839827 0.217949 0.005772 0.015385
0 0.822511 0.230769 0.008658 0.015385
0 0.764069 0.269231 0.010101 0.030769
0 0.784271 0.265385 0.018759 0.028205
0 0.873737 0.234615 0.010101 0.012821
0 0.363636 0.814103 0.023088 0.033333
0 0.327561 0.808974 0.020202 0.028205
0 0.366522 0.929487 0.025974 0.033333
0 0.411255 0.879487 0.008658 0.010256
0 0.438672 0.883333 0.011544 0.012821
0 0.470418 0.542308 0.011544 0.017949
0 0.480519 0.615385 0.008658 0.025641
0 0.494949 0.612821 0.005772 0.020513
0 0.887446 0.275641 0.017316 0.028205
0 0.415584 0.583333 0.020202 0.038462
