0 0.098633 0.907227 0.025391 0.021484
0 0.062500 0.905273 0.011719 0.025391
0 0.065430 0.872070 0.025391 0.021484
0 0.131836 0.961914 0.017578 0.013672
0 0.142578 0.883789 0.007812 0.013672
0 0.042969 0.959961 0.015625 0.005859
0 0.098633 0.939453 0.029297 0.023438
0 0.092773 0.975586 0.013672 0.013672
0 0.035156 0.912109 0.011719 0.019531
0 0.133789 0.934570 0.013672 0.013672
0 0.033203 0.874023 0.019531 0.017578
0 0.070312 0.970703 0.007812 0.019531
0 0.065430 0.936523 0.021484 0.017578
0 0.134766 0.911133 0.023438 0.017578
0 0.104492 0.873047 0.021484 0.019531
0 0.034180 0.941406 0.021484 0.015625
