0 0.425781 0.663086 0.042969 0.037109
0 0.684570 0.583984 0.005859 0.011719
0 0.738281 0.594727 0.011719 0.017578
0 0.785156 0.871094 0.015625 0.031250
0 0.769531 0.833008 0.015625 0.009766
0 0.136719 0.513672 0.039062 0.035156
0 0.870117 0.566406 0.033203 0.011719
0 0.714844 0.798828 0.015625 0.011719
0 0.180664 0.659180 0.041016 0.037109
0 0.227539 0.689453 0.021484 0.019531
0 0.824219 0.379883 0.007812 0.013672
0 0.834961 0.349609 0.021484 0.019531
0 0.876953 0.403320 0.019531 0.013672
0 0.877930 0.335938 0.017578 0.015625
0 0.566406 0.583984 0.023438 0.027344
0 0.296875 0.491211 0.023438 0.017578
0 0.252930 0.537109 0.025391 0.023438
0 0.660156 0.657227 0.015625 0.021484
0 0.430664 0.518555 0.013672 0.017578
0 0.185547 0.295898 0.011719 0.017578
0 0.138672 0.266602 0.007812 0.013672
0 0.554688 0.655273 0.042969 0.044922
0 0.170898 0.401367 0.017578 0.009766
0 0.198242 0.580078 0.037109 0.039062
0 0.842773 0.420898 0.013672 0.009766
0 0.833984 0.450195 0.015625 0.021484
0 0.113281 0.742188 0.031250 0.042969
0 0.789062 0.458008 0.011719 0.013672
0 0.798828 0.426758 0.015625 0.025391
0 0.306641 0.607422 0.015625 0.019531
