0 0.655224 0.911940 0.044776 0.038806
0 0.701493 0.925373 0.017910 0.017910
0 0.479104 0.549254 0.026866 0.023881
0 0.447761 0.556716 0.011940 0.026866
0 0.602985 0.943284 0.023881 0.011940
0 0.582090 0.974627 0.017910 0.008955
0 0.582090 0.905970 0.011940 0.008955
0 0.665672 0.961194 0.011940 0.017910
0 0.629851 0.968657 0.011940 0.014925
0 0.700000 0.964179 0.026866 0.017910
0 0.707463 0.814925 0.017910 0.017910
0 0.716418 0.780597 0.011940 0.014925
0 0.616418 0.653731 0.020896 0.011940
0 0.598507 0.810448 0.026866 0.026866
0 0.625373 0.586567 0.026866 0.026866
0 0.668657 0.591045 0.023881 0.023881
0 0.653731 0.798507 0.023881 0.020896
0 0.650746 0.620896 0.017910 0.011940
0 0.620896 0.626866 0.017910 0.011940
0 0.662687 0.556716 0.011940 0.014925
0 0.558209 0.662687 0.029851 0.023881
0 0.468657 0.659701 0.011940 0.023881
0 0.698507 0.883582 0.017910 0.011940
0 0.734328 0.552239 0.011940 0.017910
0 0.695522 0.553731 0.023881 0.026866
0 0.608955 0.901493 0.017910 0.011940
0 0.465672 0.622388 0.017910 0.014925
0 0.531343 0.955224 0.035821 0.041791
0 0.722388 0.855224 0.023881 0.020896
0 0.640299 0.838806 0.026866 0.011940
