0 0.562500 0.772656 0.018750 0.023438
0 0.535156 0.771875 0.017188 0.021875
0 0.196094 0.224219 0.026562 0.020313
0 0.457031 0.422656 0.010937 0.014063
0 0.673438 0.715625 0.025000 0.018750
0 0.636719 0.715625 0.020313 0.015625
0 0.050000 0.378125 0.031250 0.018750
0 0.073438 0.403906 0.012500 0.010937
0 0.451562 0.585938 0.015625 0.018750
0 0.975000 0.695312 0.009375 0.009375
0 0.897656 0.691406 0.042188 0.026562
0 0.970313 0.718750 0.018750 0.018750
0 0.937500 0.719531 0.021875 0.014063
0 0.510156 0.774219 0.014063 0.010937
0 0.509375 0.605469 0.018750 0.029687
0 0.178906 0.303125 0.026562 0.034375
0 0.451562 0.771094 0.025000 0.035937
0 0.515625 0.375781 0.025000 0.039062
0 0.512500 0.495312 0.012500 0.012500
0 0.513281 0.418750 0.026562 0.025000
0 0.487500 0.567969 0.018750 0.017188
0 0.477344 0.521094 0.014063 0.014063
0 0.043750 0.279687 0.031250 0.018750
0 0.073438 0.310156 0.028125 0.014063
0 0.389844 0.842187 0.020313 0.034375
0 0.390625 0.744531 0.018750 0.014063
0 0.535156 0.801562 0.017188 0.009375
0 0.564063 0.797656 0.009375 0.014063
0 0.432812 0.303125 0.018750 0.040625
0 0.430469 0.342187 0.014063 0.015625
