0 0.639844 0.432031 0.060937 0.107813
0 0.381250 0.486719 0.012500 0.017188
0 0.429688 0.485156 0.018750 0.029687
0 0.757031 0.574219 0.032813 0.035937
0 0.786719 0.620313 0.010937 0.006250
0 0.273438 0.443750 0.034375 0.034375
0 0.789062 0.713281 0.031250 0.032813
0 0.496875 0.452344 0.009375 0.014063
0 0.486719 0.517969 0.032813 0.029687
0 0.546094 0.523438 0.026562 0.028125
0 0.642969 0.571094 0.020313 0.017188
0 0.586719 0.564844 0.029687 0.026562
0 0.895312 0.667969 0.009375 0.014063
0 0.895312 0.710156 0.012500 0.023438
0 0.664062 0.755469 0.043750 0.042188
0 0.591406 0.520312 0.029687 0.028125
0 0.362500 0.506250 0.015625 0.009375
0 0.364063 0.443750 0.040625 0.034375
0 0.589063 0.472656 0.015625 0.017188
0 0.682813 0.600000 0.015625 0.034375
0 0.676562 0.541406 0.012500 0.007812
0 0.871875 0.556250 0.028125 0.021875
0 0.880469 0.598437 0.026562 0.031250
0 0.592187 0.436719 0.012500 0.010937
0 0.532031 0.815625 0.035937 0.037500
0 0.473438 0.474219 0.021875 0.020313
0 0.407031 0.556250 0.029687 0.031250
0 0.325000 0.474219 0.021875 0.020313
0 0.317188 0.561719 0.021875 0.017188
0 0.282031 0.551562 0.026562 0.018750
0 0.497656 0.550000 0.007812 0.018750
