0 0.553077 0.793750 0.010769 0.022500
0 0.480769 0.796250 0.010769 0.017500
0 0.577692 0.770000 0.013846 0.020000
0 0.397692 0.840000 0.013846 0.020000
0 0.375385 0.827500 0.012308 0.010000
0 0.629231 0.793750 0.009231 0.012500
0 0.553846 0.707500 0.021538 0.025000
0 0.753846 0.792500 0.009231 0.015000
0 0.256923 0.847500 0.009231 0.020000
0 0.486154 0.771250 0.012308 0.012500
0 0.234615 0.680000 0.026154 0.040000
0 0.357692 0.860000 0.010769 0.015000
0 0.586923 0.840000 0.013846 0.030000
0 0.553846 0.746250 0.015385 0.022500
0 0.449231 0.787500 0.009231 0.010000
0 0.723846 0.771250 0.010769 0.012500
0 0.773846 0.778750 0.009231 0.007500
0 0.344615 0.613750 0.015385 0.032500
0 0.386923 0.608750 0.013846 0.027500
0 0.392308 0.872500 0.012308 0.020000
0 0.413846 0.877500 0.009231 0.010000
0 0.455385 0.680000 0.009231 0.020000
0 0.486923 0.696250 0.023077 0.047500
0 0.481538 0.838750 0.009231 0.012500
0 0.409231 0.906250 0.012308 0.017500
0 0.392308 0.908750 0.009231 0.012500
0 0.437692 0.908750 0.013846 0.012500
0 0.712308 0.842500 0.006154 0.015000
0 0.507692 0.812500 0.012308 0.015000
0 0.529231 0.817500 0.006154 0.020000
