0 0.882812 0.656250 0.019531 0.019531
0 0.849609 0.638672 0.011719 0.015625
0 0.701172 0.544922 0.042969 0.042969
0 0.711914 0.511719 0.013672 0.007812
0 0.656250 0.422852 0.039062 0.033203
0 0.694336 0.437500 0.013672 0.007812
0 0.516602 0.490234 0.013672 0.015625
0 0.519531 0.534180 0.011719 0.009766
0 0.689453 0.479492 0.027344 0.029297
0 0.878906 0.533203 0.039062 0.031250
0 0.596680 0.417969 0.017578 0.019531
0 0.416992 0.423828 0.037109 0.035156
0 0.441406 0.482422 0.054688 0.050781
0 0.594727 0.530273 0.017578 0.013672
0 0.605469 0.558594 0.015625 0.011719
0 0.677734 0.611328 0.027344 0.023438
0 0.662109 0.586914 0.011719 0.009766
0 0.462891 0.541992 0.011719 0.017578
0 0.131836 0.489258 0.029297 0.021484
0 0.191406 0.485352 0.015625 0.013672
0 0.744141 0.591797 0.035156 0.027344
0 0.333984 0.465820 0.015625 0.017578
0 0.171875 0.509766 0.027344 0.015625
0 0.207031 0.505859 0.023438 0.011719
0 0.529297 0.604492 0.031250 0.029297
0 0.488281 0.490234 0.011719 0.015625
0 0.503906 0.462891 0.015625 0.015625
0 0.510742 0.424805 0.044922 0.044922
0 0.708008 0.581055 0.013672 0.013672
0 0.380859 0.510742 0.019531 0.021484
