0 0.437637 0.698939 0.013129 0.013263
0 0.484683 0.911141 0.010941 0.023873
0 0.404814 0.628647 0.026258 0.021220
0 0.409190 0.586207 0.013129 0.021220
0 0.514223 0.778515 0.026258 0.029178
0 0.405908 0.795756 0.019694 0.037135
0 0.405908 0.839523 0.032823 0.018568
0 0.490153 0.680371 0.008753 0.018568
0 0.520788 0.881963 0.017505 0.023873
0 0.525164 0.921751 0.017505 0.018568
0 0.400438 0.717507 0.021882 0.034483
0 0.400438 0.675066 0.017505 0.018568
0 0.475930 0.824934 0.032823 0.042440
0 0.445295 0.881963 0.028446 0.023873
0 0.449672 0.643236 0.010941 0.018568
0 0.431072 0.584881 0.013129 0.018568
0 0.439825 0.793103 0.021882 0.015915
0 0.513129 0.622016 0.032823 0.034483
0 0.404814 0.931034 0.021882 0.037135
0 0.393873 0.875332 0.013129 0.010610
0 0.510941 0.734748 0.015317 0.021220
0 0.486871 0.582228 0.019694 0.023873
