0 0.167969 0.842773 0.011719 0.013672
0 0.206055 0.840820 0.013672 0.017578
0 0.189453 0.516602 0.011719 0.021484
0 0.399414 0.526367 0.021484 0.013672
0 0.429688 0.505859 0.019531 0.019531
0 0.366211 0.863281 0.021484 0.015625
0 0.725586 0.761719 0.029297 0.019531
0 0.354492 0.836914 0.013672 0.013672
0 0.321289 0.555664 0.044922 0.041016
0 0.760742 0.717773 0.025391 0.029297
0 0.703125 0.722656 0.039062 0.039062
0 0.415039 0.778320 0.017578 0.017578
0 0.476562 0.758789 0.011719 0.017578
0 0.537109 0.681641 0.035156 0.035156
0 0.625977 0.722656 0.041016 0.039062
0 0.660156 0.727539 0.011719 0.013672
0 0.554688 0.601562 0.007812 0.015625
0 0.364258 0.590820 0.021484 0.025391
0 0.328125 0.601562 0.035156 0.023438
0 0.291992 0.888672 0.021484 0.019531
0 0.322266 0.892578 0.015625 0.015625
0 0.351562 0.895508 0.015625 0.021484
0 0.233398 0.899414 0.029297 0.013672
0 0.318359 0.632812 0.011719 0.015625
0 0.369141 0.634766 0.019531 0.023438
0 0.559570 0.728516 0.013672 0.011719
0 0.563477 0.769531 0.044922 0.039062
0 0.508789 0.773438 0.021484 0.019531
0 0.708008 0.818359 0.044922 0.042969
0 0.754883 0.818359 0.021484 0.039062
