0 0.642578 0.223633 0.015625 0.013672
0 0.625000 0.197266 0.011719 0.015625
0 0.531250 0.547852 0.035156 0.017578
0 0.465820 0.163086 0.041016 0.025391
0 0.500977 0.155273 0.013672 0.013672
0 0.794922 0.383789 0.015625 0.025391
0 0.766602 0.432617 0.025391 0.025391
0 0.599609 0.233398 0.019531 0.013672
0 0.619141 0.296875 0.019531 0.019531
0 0.364258 0.261719 0.013672 0.015625
0 0.407227 0.261719 0.025391 0.031250
0 0.657227 0.313477 0.029297 0.029297
0 0.682617 0.262695 0.029297 0.013672
0 0.360352 0.498047 0.021484 0.023438
0 0.668945 0.625977 0.033203 0.029297
0 0.666992 0.579102 0.041016 0.029297
0 0.434570 0.445312 0.013672 0.015625
0 0.606445 0.619141 0.025391 0.019531
0 0.354492 0.531250 0.025391 0.027344
0 0.382812 0.556641 0.007812 0.015625
0 0.412109 0.533203 0.035156 0.023438
0 0.477539 0.366211 0.009766 0.013672
0 0.485352 0.393555 0.013672 0.013672
0 0.571289 0.265625 0.017578 0.019531
0 0.768555 0.545898 0.021484 0.021484
0 0.771484 0.483398 0.035156 0.037109
0 0.359375 0.381836 0.027344 0.021484
0 0.379883 0.164062 0.021484 0.011719
0 0.408203 0.166016 0.015625 0.023438
0 0.521484 0.434570 0.035156 0.037109
