0 0.166016 0.744141 0.031250 0.027344
0 0.035156 0.532227 0.031250 0.033203
0 0.088867 0.568359 0.025391 0.035156
0 0.348633 0.509766 0.033203 0.023438
0 0.382812 0.512695 0.015625 0.013672
0 0.811523 0.843750 0.025391 0.027344
0 0.209961 0.517578 0.021484 0.023438
0 0.730469 0.837891 0.031250 0.042969
0 0.785156 0.800781 0.019531 0.027344
0 0.759766 0.808594 0.011719 0.015625
0 0.826172 0.796875 0.019531 0.035156
0 0.378906 0.541992 0.011719 0.013672
0 0.410156 0.576172 0.019531 0.031250
0 0.169922 0.859375 0.011719 0.015625
0 0.233398 0.829102 0.017578 0.017578
0 0.816406 0.891602 0.015625 0.009766
0 0.327148 0.678711 0.025391 0.029297
0 0.264648 0.648438 0.017578 0.023438
0 0.280273 0.549805 0.025391 0.017578
0 0.253906 0.535156 0.011719 0.011719
0 0.279297 0.518555 0.011719 0.009766
0 0.736328 0.785156 0.007812 0.015625
0 0.719727 0.793945 0.009766 0.017578
0 0.134766 0.482422 0.019531 0.019531
0 0.337891 0.582031 0.019531 0.019531
0 0.475586 0.856445 0.029297 0.037109
0 0.470703 0.802734 0.011719 0.015625
0 0.784180 0.920898 0.021484 0.025391
0 0.219727 0.475586 0.017578 0.013672
0 0.080078 0.689453 0.011719 0.015625
