0 0.486328 0.441406 0.023438 0.031250
0 0.515625 0.443359 0.011719 0.015625
0 0.600586 0.428711 0.033203 0.033203
0 0.564453 0.426758 0.015625 0.013672
0 0.498047 0.711914 0.042969 0.037109
0 0.437500 0.712891 0.027344 0.023438
0 0.808594 0.486328 0.042969 0.035156
0 0.759766 0.484375 0.023438 0.035156
0 0.551758 0.461914 0.013672 0.029297
0 0.585938 0.461914 0.011719 0.005859
0 0.763672 0.817383 0.011719 0.009766
0 0.224609 0.430664 0.031250 0.025391
0 0.681641 0.663086 0.011719 0.013672
0 0.647461 0.648438 0.041016 0.027344
0 0.804688 0.636719 0.015625 0.031250
0 0.740234 0.651367 0.039062 0.041016
0 0.231445 0.462891 0.021484 0.023438
0 0.277344 0.463867 0.027344 0.013672
0 0.702148 0.486328 0.033203 0.031250
0 0.666016 0.500000 0.015625 0.019531
0 0.494141 0.818359 0.042969 0.042969
0 0.450195 0.815430 0.025391 0.037109
0 0.706055 0.516602 0.013672 0.009766
0 0.402344 0.389648 0.019531 0.017578
0 0.362305 0.390625 0.017578 0.011719
0 0.365234 0.871094 0.027344 0.023438
0 0.298828 0.418945 0.015625 0.005859
0 0.259766 0.426758 0.023438 0.021484
0 0.416016 0.451172 0.015625 0.011719
0 0.574219 0.391602 0.015625 0.013672
