0 0.390625 0.208008 0.023438 0.021484
0 0.302734 0.142578 0.019531 0.023438
0 0.312500 0.171875 0.019531 0.019531
0 0.438477 0.129883 0.033203 0.021484
0 0.311523 0.243164 0.029297 0.041016
0 0.438477 0.251953 0.037109 0.031250
0 0.389648 0.306641 0.029297 0.023438
0 0.387695 0.280273 0.025391 0.013672
0 0.393555 0.097656 0.029297 0.023438
0 0.437500 0.066406 0.035156 0.015625
0 0.347656 0.074219 0.035156 0.035156
0 0.350586 0.107422 0.009766 0.015625
0 0.321289 0.342773 0.017578 0.009766
0 0.309570 0.314453 0.017578 0.019531
0 0.342773 0.295898 0.017578 0.017578
0 0.305664 0.093750 0.021484 0.019531
0 0.349609 0.174805 0.035156 0.021484
0 0.355469 0.208984 0.031250 0.023438
0 0.446289 0.306641 0.013672 0.011719
0 0.398438 0.163086 0.023438 0.037109
