0 0.797297 0.141692 0.016216 0.014271
0 0.372973 0.476045 0.010811 0.010194
0 0.295946 0.465341 0.015315 0.017329
0 0.436036 0.516820 0.037838 0.038736
0 0.875225 0.383282 0.017117 0.016310
0 0.038288 0.272171 0.022523 0.032620
0 0.641441 0.126911 0.012613 0.005097
0 0.655856 0.145770 0.027027 0.020387
0 0.215315 0.586646 0.012613 0.013252
0 0.195946 0.508155 0.031532 0.035678
0 0.513514 0.299694 0.021622 0.028542
0 0.572072 0.298165 0.012613 0.017329
0 0.117117 0.415392 0.030631 0.027523
0 0.915315 0.197248 0.018018 0.023445
0 0.163514 0.264016 0.018919 0.024465
0 0.748649 0.128950 0.009009 0.005097
0 0.071171 0.493884 0.010811 0.019368
0 0.064414 0.522936 0.017117 0.018349
0 0.246396 0.255352 0.017117 0.017329
0 0.264414 0.287971 0.036937 0.037717
0 0.194595 0.442406 0.027027 0.034659
0 0.665766 0.168705 0.012613 0.015291
0 0.650450 0.175331 0.009009 0.012232
0 0.453604 0.452599 0.026126 0.036697
0 0.766667 0.171764 0.019820 0.019368
0 0.805405 0.170234 0.018018 0.020387
0 0.109009 0.635066 0.027027 0.030581
0 0.132432 0.682467 0.023423 0.029562
0 0.516216 0.440877 0.016216 0.027523
0 0.575225 0.460245 0.015315 0.015291
