0 0.335938 0.455469 0.015625 0.014063
0 0.321875 0.428125 0.015625 0.012500
0 0.429688 0.435156 0.018750 0.020313
0 0.454688 0.509375 0.034375 0.037500
0 0.444531 0.480469 0.014063 0.007812
0 0.403906 0.524219 0.026562 0.017188
0 0.401562 0.484375 0.021875 0.018750
0 0.523438 0.632812 0.015625 0.025000
0 0.484375 0.639062 0.012500 0.034375
0 0.378125 0.439063 0.028125 0.028125
0 0.519531 0.487500 0.017188 0.018750
0 0.371875 0.612500 0.025000 0.021875
0 0.509375 0.561719 0.028125 0.029687
0 0.485938 0.588281 0.012500 0.007812
0 0.335938 0.493750 0.025000 0.015625
0 0.307031 0.517188 0.014063 0.021875
0 0.446094 0.638281 0.032813 0.023438
0 0.498437 0.426563 0.028125 0.018750
0 0.528906 0.444531 0.014063 0.035937
0 0.371094 0.555469 0.007812 0.014063
0 0.337500 0.543750 0.009375 0.012500
0 0.440625 0.569531 0.018750 0.026562
0 0.318750 0.630469 0.037500 0.045312
