0 0.109375 0.458984 0.011719 0.023438
0 0.184570 0.498047 0.033203 0.031250
0 0.210938 0.534180 0.015625 0.009766
0 0.135742 0.867188 0.029297 0.031250
0 0.043945 0.453125 0.033203 0.039062
0 0.309570 0.857422 0.025391 0.023438
0 0.256836 0.747070 0.013672 0.033203
0 0.315430 0.746094 0.021484 0.019531
0 0.088867 0.634766 0.029297 0.031250
0 0.047852 0.665039 0.029297 0.029297
0 0.197266 0.750000 0.019531 0.015625
0 0.213867 0.721680 0.013672 0.009766
0 0.107422 0.958008 0.042969 0.033203
0 0.137695 0.630859 0.013672 0.015625
0 0.088867 0.572266 0.017578 0.007812
0 0.105469 0.593750 0.019531 0.019531
0 0.142578 0.465820 0.027344 0.025391
0 0.137695 0.431641 0.017578 0.015625
0 0.388672 0.871094 0.027344 0.031250
0 0.344727 0.858398 0.021484 0.021484
0 0.102539 0.493164 0.009766 0.025391
0 0.078125 0.526367 0.019531 0.025391
0 0.351562 0.747070 0.019531 0.017578
0 0.148438 0.521484 0.007812 0.019531
0 0.400391 0.799805 0.015625 0.029297
0 0.362305 0.941406 0.041016 0.042969
0 0.405273 0.942383 0.029297 0.033203
0 0.222656 0.891602 0.035156 0.033203
0 0.308594 0.958008 0.035156 0.041016
0 0.207031 0.966797 0.015625 0.015625
