0 0.684375 0.760156 0.040625 0.026562
0 0.657813 0.818750 0.012500 0.015625
0 0.349219 0.765625 0.032813 0.021875
0 0.347656 0.792188 0.014063 0.015625
0 0.559375 0.435937 0.018750 0.012500
0 0.533594 0.438281 0.014063 0.017188
0 0.407813 0.769531 0.015625 0.026562
0 0.427344 0.771094 0.010937 0.026562
0 0.610156 0.492188 0.014063 0.012500
0 0.625000 0.721094 0.037500 0.039062
0 0.664844 0.696094 0.029687 0.029687
0 0.451562 0.728906 0.018750 0.023438
0 0.589063 0.477344 0.015625 0.007812
0 0.617969 0.469531 0.020313 0.010937
0 0.408594 0.698438 0.045312 0.040625
0 0.357031 0.704688 0.017188 0.015625
0 0.604688 0.942187 0.037500 0.037500
0 0.654687 0.928125 0.031250 0.037500
0 0.631250 0.453125 0.015625 0.006250
0 0.589063 0.456250 0.015625 0.015625
0 0.523438 0.799219 0.037500 0.035937
0 0.414844 0.631250 0.017188 0.018750
0 0.320312 0.957031 0.040625 0.039062
0 0.442188 0.633594 0.012500 0.010937
0 0.492188 0.476562 0.012500 0.009375
0 0.471875 0.471875 0.009375 0.015625
0 0.351562 0.728125 0.025000 0.015625
0 0.452344 0.471875 0.014063 0.015625
0 0.416406 0.471875 0.014063 0.015625
0 0.387500 0.662500 0.015625 0.012500
