0 0.384966 0.469412 0.022779 0.035294
0 0.422551 0.490588 0.015945 0.021176
0 0.267654 0.512941 0.029613 0.028235
0 0.200456 0.498824 0.013667 0.018824
0 0.348519 0.571765 0.036446 0.032941
0 0.332574 0.641176 0.018223 0.021176
0 0.276765 0.315294 0.025057 0.023529
0 0.325740 0.407059 0.022779 0.018824
0 0.357631 0.347059 0.027335 0.030588
0 0.320046 0.760000 0.015945 0.023529
0 0.288155 0.361176 0.038724 0.035294
0 0.318907 0.516471 0.013667 0.016471
0 0.411162 0.588235 0.011390 0.028235
0 0.394077 0.623529 0.013667 0.018824
0 0.272210 0.461176 0.029613 0.014118
0 0.293850 0.430588 0.018223 0.009412
0 0.175399 0.341176 0.018223 0.018824
0 0.183371 0.405882 0.029613 0.021176
0 0.343964 0.447059 0.041002 0.023529
0 0.350797 0.516471 0.031891 0.030588
0 0.185649 0.117647 0.034169 0.032941
0 0.179954 0.070588 0.018223 0.023529
0 0.212984 0.744706 0.029613 0.011765
0 0.238041 0.688235 0.015945 0.021176
0 0.399772 0.708235 0.047836 0.047059
0 0.417995 0.748235 0.025057 0.009412
0 0.226651 0.390588 0.025057 0.018824
0 0.395216 0.331765 0.029613 0.037647
0 0.222096 0.249412 0.015945 0.018824
0 0.238041 0.188235 0.020501 0.028235
