0 0.389068 0.482857 0.012862 0.040000
0 0.424437 0.485714 0.009646 0.022857
0 0.422830 0.820000 0.012862 0.028571
0 0.812701 0.474286 0.014469 0.022857
0 0.728296 0.468571 0.016077 0.022857
0 0.640675 0.342857 0.017685 0.034286
0 0.464630 0.914286 0.009646 0.040000
0 0.558682 0.632857 0.011254 0.025714
0 0.422830 0.721429 0.028939 0.048571
0 0.365756 0.680000 0.014469 0.028571
0 0.593248 0.232857 0.019293 0.025714
0 0.563505 0.271429 0.011254 0.022857
0 0.901125 0.485714 0.020900 0.034286
0 0.845659 0.480000 0.016077 0.040000
0 0.231511 0.814286 0.019293 0.034286
0 0.314309 0.828571 0.024116 0.034286
0 0.187299 0.775714 0.017685 0.031429
0 0.581190 0.494286 0.014469 0.028571
0 0.543408 0.477143 0.012862 0.040000
0 0.564309 0.380000 0.012862 0.028571
0 0.591640 0.347143 0.012862 0.037143
0 0.750000 0.651429 0.024116 0.045714
0 0.509646 0.122857 0.009646 0.011429
0 0.497588 0.182857 0.014469 0.022857
0 0.514469 0.855714 0.009646 0.020000
0 0.146302 0.820000 0.019293 0.040000
0 0.120579 0.858571 0.009646 0.020000
0 0.572347 0.418571 0.016077 0.025714
0 0.840836 0.291429 0.006431 0.017143
0 0.582797 0.960000 0.011254 0.017143
