0 0.508065 0.518182 0.009677 0.012121
0 0.463710 0.574242 0.011290 0.021212
0 0.441935 0.625758 0.006452 0.015152
0 0.413710 0.557576 0.017742 0.030303
0 0.175806 0.139394 0.016129 0.018182
0 0.488710 0.634848 0.006452 0.015152
0 0.467742 0.625758 0.012903 0.027273
0 0.216129 0.466667 0.006452 0.018182
0 0.238710 0.513636 0.019355 0.021212
0 0.237097 0.110606 0.016129 0.033333
0 0.330645 0.601515 0.006452 0.015152
0 0.354032 0.593939 0.014516 0.024242
0 0.721774 0.512121 0.017742 0.036364
0 0.567742 0.713636 0.006452 0.015152
0 0.538710 0.493939 0.019355 0.030303
0 0.396774 0.622727 0.009677 0.021212
0 0.427419 0.622727 0.009677 0.027273
0 0.332258 0.665152 0.006452 0.021212
0 0.372581 0.660606 0.009677 0.018182
0 0.453226 0.663636 0.006452 0.018182
0 0.485484 0.669697 0.009677 0.012121
0 0.616129 0.627273 0.006452 0.018182
0 0.642742 0.566667 0.008065 0.012121
0 0.717742 0.680303 0.016129 0.027273
0 0.692742 0.703030 0.017742 0.018182
0 0.490323 0.556061 0.016129 0.027273
0 0.446774 0.566667 0.006452 0.018182
0 0.474194 0.443939 0.006452 0.015152
0 0.460484 0.203030 0.014516 0.024242
0 0.430645 0.221212 0.009677 0.024242
