0 0.553906 0.678125 0.014063 0.006250
0 0.616406 0.771094 0.014063 0.007812
0 0.613281 0.753906 0.017188 0.007812
0 0.586719 0.825000 0.010937 0.009375
0 0.575781 0.729688 0.014063 0.018750
0 0.460938 0.613281 0.018750 0.023438
0 0.453906 0.642969 0.014063 0.014063
0 0.518750 0.621875 0.037500 0.028125
0 0.457813 0.802344 0.021875 0.023438
0 0.460156 0.689844 0.029687 0.029687
0 0.462500 0.741406 0.040625 0.039062
0 0.528125 0.828906 0.018750 0.023438
0 0.520312 0.800000 0.021875 0.018750
0 0.531250 0.658594 0.012500 0.010937
0 0.623437 0.670312 0.015625 0.025000
0 0.616406 0.805469 0.020313 0.029687
0 0.612500 0.621094 0.037500 0.045312
0 0.513281 0.746094 0.039062 0.035937
0 0.575781 0.640625 0.007812 0.018750
