0 0.435156 0.518750 0.010937 0.009375
0 0.411719 0.678906 0.026562 0.026562
0 0.421875 0.644531 0.012500 0.014063
0 0.329688 0.114844 0.015625 0.029687
0 0.272656 0.114844 0.010937 0.017188
0 0.478125 0.110937 0.028125 0.015625
0 0.522656 0.095312 0.010937 0.012500
0 0.293750 0.467187 0.037500 0.025000
0 0.327344 0.435156 0.020313 0.017188
0 0.168750 0.387500 0.012500 0.018750
0 0.113281 0.407813 0.010937 0.018750
0 0.483594 0.733594 0.026562 0.014063
0 0.478906 0.758594 0.023438 0.023438
0 0.524219 0.667188 0.023438 0.037500
0 0.365625 0.132812 0.028125 0.025000
0 0.407031 0.130469 0.017188 0.035937
0 0.157812 0.450781 0.031250 0.039062
0 0.117188 0.464062 0.006250 0.012500
0 0.137500 0.565625 0.025000 0.025000
0 0.545312 0.206250 0.031250 0.028125
0 0.415625 0.548438 0.015625 0.012500
0 0.307812 0.359375 0.028125 0.040625
0 0.257031 0.361719 0.032813 0.020313
0 0.284375 0.277344 0.021875 0.020313
0 0.250000 0.272656 0.015625 0.023438
0 0.407031 0.583594 0.023438 0.017188
0 0.400781 0.409375 0.023438 0.015625
0 0.553906 0.350000 0.026562 0.034375
0 0.489844 0.360156 0.017188 0.039062
0 0.521094 0.545312 0.029687 0.037500
