0 0.244697 0.456989 0.007576 0.010753
0 0.815152 0.450269 0.006061 0.018817
0 0.472727 0.760753 0.009091 0.010753
0 0.126515 0.245968 0.010606 0.029570
0 0.484848 0.485215 0.015152 0.029570
0 0.853788 0.348118 0.016667 0.024194
0 0.842424 0.311828 0.009091 0.026882
0 0.159848 0.345430 0.010606 0.029570
0 0.244697 0.698925 0.007576 0.016129
0 0.230303 0.688172 0.009091 0.043011
0 0.852273 0.541667 0.016667 0.029570
0 0.831818 0.588710 0.015152 0.032258
0 0.713636 0.659946 0.012121 0.018817
0 0.704545 0.631720 0.009091 0.016129
0 0.578788 0.682796 0.006061 0.016129
0 0.609848 0.686828 0.022727 0.040323
0 0.625758 0.362903 0.009091 0.021505
0 0.784091 0.278226 0.010606 0.034946
0 0.765152 0.259409 0.012121 0.040323
0 0.647727 0.672043 0.010606 0.016129
0 0.346970 0.642473 0.006061 0.016129
0 0.325758 0.637097 0.009091 0.026882
0 0.735606 0.350806 0.007576 0.024194
0 0.743182 0.310484 0.016667 0.024194
0 0.850758 0.255376 0.025758 0.043011
0 0.778030 0.358871 0.010606 0.018817
0 0.709848 0.564516 0.007576 0.026882
0 0.689394 0.544355 0.006061 0.013441
0 0.673485 0.493280 0.007576 0.034946
0 0.385606 0.514785 0.013636 0.018817
