0 0.327344 0.240278 0.018750 0.033333
0 0.319922 0.451389 0.016406 0.030556
0 0.352734 0.448611 0.005469 0.011111
0 0.328516 0.625694 0.007031 0.009722
0 0.135937 0.345833 0.021875 0.030556
0 0.565234 0.455556 0.027344 0.047222
0 0.535547 0.452778 0.017969 0.038889
0 0.925781 0.935417 0.023438 0.037500
0 0.899219 0.937500 0.014063 0.025000
0 0.835547 0.904861 0.011719 0.012500
0 0.814063 0.903472 0.009375 0.015278
0 0.952734 0.936111 0.014844 0.030556
0 0.971484 0.928472 0.007031 0.012500
0 0.482812 0.662500 0.010937 0.013889
0 0.832031 0.865972 0.012500 0.023611
0 0.811719 0.860417 0.020313 0.026389
0 0.901563 0.859722 0.021875 0.036111
0 0.925781 0.862500 0.012500 0.019444
0 0.199219 0.243056 0.026562 0.047222
0 0.220703 0.432639 0.017969 0.034722
0 0.171484 0.421528 0.007031 0.018056
0 0.366797 0.413194 0.007031 0.009722
0 0.959375 0.826389 0.015625 0.025000
0 0.568359 0.336806 0.021094 0.031944
0 0.902734 0.895139 0.007031 0.012500
0 0.933594 0.888889 0.007812 0.011111
0 0.877344 0.891667 0.015625 0.027778
0 0.832422 0.814583 0.007031 0.023611
0 0.816406 0.818750 0.014063 0.029167
0 0.344531 0.336806 0.018750 0.034722
