0 0.842773 0.597656 0.013672 0.011719
0 0.050781 0.047852 0.023438 0.021484
0 0.123047 0.223633 0.015625 0.029297
0 0.366211 0.408203 0.029297 0.027344
0 0.046875 0.593750 0.023438 0.039062
0 0.040039 0.770508 0.029297 0.037109
0 0.046875 0.713867 0.011719 0.005859
0 0.123047 0.533203 0.031250 0.023438
0 0.130859 0.471680 0.027344 0.017578
0 0.164062 0.061523 0.011719 0.013672
0 0.176758 0.525391 0.037109 0.035156
0 0.160156 0.473633 0.011719 0.009766
0 0.550781 0.541992 0.019531 0.021484
0 0.085938 0.653320 0.015625 0.013672
0 0.091797 0.587891 0.011719 0.023438
0 0.652344 0.700195 0.027344 0.029297
0 0.643555 0.750977 0.029297 0.025391
0 0.318359 0.284180 0.046875 0.048828
0 0.114258 0.580078 0.013672 0.015625
0 0.124023 0.638672 0.013672 0.027344
0 0.719727 0.591797 0.017578 0.015625
0 0.076172 0.828125 0.019531 0.019531
0 0.085938 0.902344 0.039062 0.031250
0 0.461914 0.296875 0.033203 0.031250
0 0.462891 0.265625 0.015625 0.015625
0 0.538086 0.362305 0.037109 0.025391
0 0.708008 0.322266 0.009766 0.011719
0 0.683594 0.356445 0.011719 0.009766
0 0.090820 0.095703 0.013672 0.019531
0 0.083008 0.125977 0.033203 0.021484
