0 0.566346 0.418269 0.013462 0.017308
0 0.533654 0.564423 0.028846 0.025000
0 0.526923 0.600962 0.011538 0.013462
0 0.532692 0.511538 0.030769 0.023077
0 0.101923 0.784615 0.026923 0.026923
0 0.215385 0.700000 0.038462 0.030769
0 0.209615 0.739423 0.015385 0.017308
0 0.590385 0.587500 0.023077 0.032692
0 0.592308 0.558654 0.015385 0.005769
0 0.340385 0.724038 0.026923 0.021154
0 0.336538 0.668269 0.019231 0.009615
0 0.154808 0.857692 0.025000 0.019231
0 0.147115 0.891346 0.017308 0.021154
0 0.349038 0.859615 0.040385 0.026923
0 0.598077 0.511538 0.015385 0.011538
0 0.358654 0.803846 0.017308 0.015385
0 0.340385 0.772115 0.023077 0.013462
0 0.068269 0.723077 0.017308 0.034615
0 0.072115 0.688462 0.017308 0.015385
0 0.594231 0.460577 0.023077 0.025000
0 0.253846 0.795192 0.038462 0.036538
0 0.262500 0.759615 0.028846 0.019231
0 0.062500 0.860577 0.021154 0.025000
0 0.188462 0.647115 0.023077 0.013462
0 0.206731 0.614423 0.021154 0.028846
0 0.303846 0.616346 0.030769 0.036538
0 0.307692 0.654808 0.019231 0.013462
0 0.631731 0.405769 0.013462 0.007692
0 0.121154 0.895192 0.011538 0.013462
0 0.114423 0.862500 0.021154 0.032692
