0 0.216406 0.482031 0.020313 0.020313
0 0.192969 0.499219 0.010937 0.014063
0 0.549219 0.530469 0.017188 0.023438
0 0.570312 0.547656 0.012500 0.010937
0 0.160938 0.427344 0.025000 0.020313
0 0.726562 0.414062 0.021875 0.018750
0 0.696875 0.391406 0.025000 0.029687
0 0.263281 0.518750 0.017188 0.021875
0 0.100000 0.193750 0.012500 0.012500
0 0.328125 0.529687 0.021875 0.037500
0 0.793750 0.408594 0.021875 0.023438
0 0.766406 0.465625 0.039062 0.034375
0 0.807031 0.450781 0.029687 0.023438
0 0.097656 0.150781 0.029687 0.014063
0 0.089844 0.171875 0.010937 0.012500
0 0.507812 0.342187 0.028125 0.034375
0 0.539062 0.360938 0.015625 0.012500
0 0.213281 0.523438 0.014063 0.028125
0 0.660156 0.446875 0.020313 0.015625
0 0.686719 0.452344 0.017188 0.042188
0 0.650000 0.582031 0.025000 0.035937
0 0.603906 0.396094 0.017188 0.020313
0 0.232813 0.360938 0.031250 0.031250
0 0.244531 0.399219 0.014063 0.014063
0 0.695312 0.345313 0.028125 0.028125
0 0.365625 0.540625 0.040625 0.037500
0 0.693750 0.636719 0.018750 0.026562
0 0.691406 0.612500 0.010937 0.009375
0 0.647656 0.485156 0.023438 0.029687
0 0.205469 0.421875 0.010937 0.012500
