0 0.726562 0.889648 0.027344 0.013672
0 0.752930 0.846680 0.009766 0.017578
0 0.155273 0.375977 0.025391 0.041016
0 0.670898 0.716797 0.029297 0.023438
0 0.494141 0.317383 0.027344 0.013672
0 0.426758 0.497070 0.041016 0.037109
0 0.382812 0.502930 0.019531 0.013672
0 0.763672 0.954102 0.011719 0.009766
0 0.765625 0.915039 0.011719 0.005859
0 0.686523 0.949219 0.025391 0.023438
0 0.681641 0.915039 0.015625 0.017578
0 0.780273 0.796875 0.013672 0.023438
0 0.801758 0.820312 0.009766 0.019531
0 0.284180 0.496094 0.029297 0.023438
0 0.725586 0.739258 0.013672 0.017578
0 0.147461 0.489258 0.029297 0.029297
0 0.264648 0.452148 0.025391 0.033203
0 0.329102 0.430664 0.021484 0.017578
0 0.546875 0.410156 0.011719 0.015625
0 0.616211 0.792969 0.021484 0.011719
0 0.638672 0.817383 0.023438 0.017578
0 0.621094 0.738281 0.015625 0.015625
0 0.393555 0.320312 0.021484 0.023438
0 0.786133 0.863281 0.025391 0.039062
0 0.735352 0.772461 0.013672 0.009766
0 0.197266 0.420898 0.039062 0.033203
0 0.142578 0.416992 0.019531 0.017578
0 0.513672 0.344727 0.019531 0.021484
0 0.489258 0.385742 0.017578 0.021484
0 0.736328 0.947266 0.023438 0.027344
