0 0.780285 0.816667 0.030879 0.023810
0 0.358670 0.105952 0.028504 0.016667
0 0.401425 0.100000 0.028504 0.019048
0 0.362233 0.220238 0.030879 0.021429
0 0.464371 0.210714 0.026128 0.021429
0 0.155582 0.697619 0.026128 0.023810
0 0.165083 0.652381 0.021378 0.033333
0 0.296912 0.138095 0.028504 0.033333
0 0.114014 0.577381 0.038005 0.035714
0 0.690024 0.809524 0.040380 0.038095
0 0.737530 0.779762 0.021378 0.011905
0 0.233967 0.653571 0.026128 0.030952
0 0.247031 0.684524 0.019002 0.011905
0 0.102138 0.542857 0.014252 0.009524
0 0.787411 0.764286 0.016627 0.019048
0 0.223278 0.765476 0.014252 0.016667
0 0.745843 0.696429 0.019002 0.016667
0 0.840855 0.722619 0.033254 0.021429
0 0.122328 0.770238 0.021378 0.021429
0 0.112827 0.727381 0.030879 0.026190
0 0.774347 0.734524 0.019002 0.016667
0 0.783848 0.682143 0.023753 0.026190
0 0.187648 0.763095 0.019002 0.021429
0 0.206651 0.730952 0.014252 0.009524
0 0.687648 0.728571 0.026128 0.028571
0 0.154394 0.740476 0.019002 0.019048
0 0.355107 0.170238 0.040380 0.026190
0 0.827791 0.688095 0.021378 0.019048
0 0.416865 0.211905 0.035629 0.033333
0 0.155582 0.611905 0.021378 0.019048
