0 0.216797 0.868164 0.019531 0.017578
0 0.068359 0.864258 0.015625 0.017578
0 0.088867 0.862305 0.009766 0.013672
0 0.259766 0.923828 0.015625 0.007812
0 0.286133 0.932617 0.009766 0.017578
0 0.089844 0.889648 0.027344 0.017578
0 0.253906 0.861328 0.011719 0.011719
0 0.281250 0.858398 0.015625 0.005859
0 0.152344 0.931641 0.015625 0.015625
0 0.265625 0.887695 0.019531 0.017578
0 0.290039 0.905273 0.009766 0.013672
0 0.046875 0.909180 0.011719 0.013672
0 0.090820 0.911133 0.017578 0.009766
0 0.199219 0.910156 0.019531 0.019531
0 0.223633 0.908203 0.013672 0.015625
0 0.059570 0.928711 0.013672 0.009766
0 0.144531 0.887695 0.035156 0.021484
0 0.128906 0.913086 0.015625 0.009766
0 0.174805 0.934570 0.009766 0.013672
0 0.220703 0.936523 0.015625 0.009766
0 0.138672 0.864258 0.011719 0.009766
