0 0.185547 0.607268 0.008594 0.011723
0 0.167578 0.608441 0.019531 0.016413
0 0.650391 0.282532 0.019531 0.025791
0 0.262109 0.754396 0.010156 0.029308
0 0.279297 0.761430 0.014844 0.019930
0 0.607031 0.571512 0.017188 0.026964
0 0.636719 0.576788 0.025000 0.037515
0 0.817578 0.577374 0.016406 0.029308
0 0.695312 0.249707 0.014063 0.009379
0 0.637109 0.247362 0.021094 0.025791
0 0.415234 0.307737 0.011719 0.022274
0 0.539844 0.611958 0.015625 0.039859
0 0.542969 0.650645 0.006250 0.016413
0 0.516797 0.633060 0.013281 0.014068
0 0.406641 0.277843 0.019531 0.021102
0 0.424609 0.283705 0.010156 0.016413
0 0.446484 0.273154 0.021094 0.021102
0 0.781250 0.457210 0.012500 0.030481
0 0.305859 0.267878 0.011719 0.012896
0 0.366797 0.388042 0.025781 0.028136
0 0.346875 0.380422 0.007812 0.015240
0 0.412891 0.386870 0.013281 0.021102
0 0.351172 0.355217 0.008594 0.025791
0 0.541406 0.536928 0.014063 0.023447
0 0.857812 0.487104 0.014063 0.017585
0 0.833594 0.485932 0.004687 0.022274
0 0.352344 0.317116 0.018750 0.029308
0 0.371875 0.303048 0.010937 0.012896
0 0.492969 0.249707 0.023438 0.030481
0 0.430469 0.250293 0.020313 0.015240
