0 0.313477 0.523438 0.103516 0.234375
0 0.227539 0.799805 0.037109 0.025391
0 0.484375 0.850586 0.015625 0.013672
0 0.529297 0.852539 0.031250 0.013672
0 0.384766 0.798828 0.023438 0.023438
0 0.415039 0.795898 0.017578 0.017578
0 0.519531 0.797852 0.023438 0.021484
0 0.462891 0.798828 0.015625 0.015625
0 0.308594 0.780273 0.011719 0.009766
0 0.272461 0.774414 0.029297 0.025391
0 0.493164 0.769531 0.013672 0.011719
0 0.264648 0.857422 0.013672 0.015625
0 0.414062 0.770508 0.011719 0.013672
0 0.163086 0.775391 0.025391 0.023438
0 0.201172 0.769531 0.015625 0.015625
0 0.213867 0.850586 0.021484 0.021484
0 0.270508 0.829102 0.017578 0.017578
0 0.343750 0.825195 0.011719 0.017578
0 0.441406 0.827148 0.011719 0.017578
0 0.333008 0.797852 0.017578 0.021484
0 0.480469 0.821289 0.015625 0.013672
0 0.173828 0.827148 0.027344 0.017578
0 0.408203 0.849609 0.023438 0.019531
