0 0.026367 0.917969 0.052734 0.160156
0 0.828125 0.722656 0.097656 0.285156
0 0.120117 0.257812 0.009766 0.027344
0 0.540039 0.547852 0.021484 0.017578
0 0.579102 0.547852 0.009766 0.013672
0 0.331055 0.693359 0.037109 0.031250
0 0.375977 0.687500 0.013672 0.011719
0 0.451172 0.773438 0.015625 0.015625
0 0.478516 0.723633 0.015625 0.025391
0 0.503906 0.732422 0.007812 0.015625
0 0.733398 0.752930 0.009766 0.017578
0 0.647461 0.751953 0.021484 0.023438
0 0.431641 0.578125 0.031250 0.015625
0 0.385742 0.580078 0.009766 0.015625
0 0.555664 0.761719 0.033203 0.031250
0 0.401367 0.750977 0.021484 0.021484
0 0.563477 0.587891 0.029297 0.011719
0 0.430664 0.693359 0.029297 0.027344
0 0.491211 0.760742 0.025391 0.017578
0 0.517578 0.754883 0.011719 0.005859
0 0.631836 0.550781 0.021484 0.019531
0 0.672852 0.578125 0.021484 0.027344
0 0.466797 0.616211 0.007812 0.017578
0 0.501953 0.605469 0.023438 0.019531
0 0.308594 0.943359 0.023438 0.015625
0 0.333008 0.940430 0.009766 0.013672
0 0.402344 0.658203 0.019531 0.019531
0 0.438477 0.659180 0.029297 0.025391
0 0.275391 0.925781 0.015625 0.015625
0 0.436523 0.888672 0.017578 0.015625
0 0.313477 0.904297 0.013672 0.011719
0 0.333984 0.905273 0.007812 0.013672
0 0.508789 0.548828 0.009766 0.011719
