0 0.708008 0.503906 0.041016 0.097656
0 0.563477 0.479492 0.041016 0.083984
0 0.813477 0.460938 0.033203 0.035156
0 0.780273 0.619141 0.025391 0.019531
0 0.780273 0.593750 0.017578 0.015625
0 0.836914 0.711914 0.013672 0.037109
0 0.809570 0.694336 0.009766 0.013672
0 0.465820 0.361328 0.017578 0.015625
0 0.500977 0.394531 0.041016 0.023438
0 0.436523 0.527344 0.025391 0.023438
0 0.774414 0.329102 0.041016 0.033203
0 0.817383 0.647461 0.029297 0.017578
0 0.826172 0.594727 0.015625 0.009766
0 0.617188 0.512695 0.007812 0.017578
0 0.621094 0.545898 0.015625 0.013672
0 0.769531 0.486328 0.027344 0.031250
0 0.773438 0.435547 0.023438 0.023438
0 0.625000 0.127930 0.015625 0.021484
0 0.690430 0.648438 0.029297 0.039062
0 0.685547 0.590820 0.011719 0.017578
0 0.518555 0.545898 0.029297 0.025391
0 0.437500 0.199219 0.019531 0.015625
0 0.413086 0.134766 0.017578 0.015625
0 0.926758 0.530273 0.025391 0.033203
0 0.598633 0.308594 0.041016 0.042969
0 0.559570 0.322266 0.017578 0.015625
0 0.818359 0.539062 0.039062 0.042969
0 0.830078 0.573242 0.015625 0.009766
0 0.769531 0.563477 0.015625 0.005859
0 0.773438 0.533203 0.035156 0.023438
0 0.813477 0.625977 0.017578 0.009766
0 0.870117 0.632812 0.044922 0.039062
