0 0.748047 0.433594 0.019531 0.035156
0 0.737305 0.471680 0.025391 0.025391
0 0.733398 0.930664 0.021484 0.033203
0 0.703125 0.939453 0.023438 0.019531
0 0.821289 0.773438 0.013672 0.015625
0 0.710938 0.845703 0.042969 0.039062
0 0.781250 0.601562 0.015625 0.015625
0 0.781250 0.677734 0.023438 0.023438
0 0.771484 0.645508 0.011719 0.013672
0 0.788086 0.471680 0.009766 0.013672
0 0.843750 0.800781 0.011719 0.015625
0 0.641602 0.681641 0.041016 0.039062
0 0.652344 0.733398 0.015625 0.009766
0 0.865234 0.717773 0.035156 0.037109
0 0.902344 0.715820 0.015625 0.013672
0 0.879883 0.596680 0.029297 0.037109
0 0.751953 0.500000 0.015625 0.007812
0 0.733398 0.532227 0.037109 0.033203
0 0.889648 0.666016 0.029297 0.035156
0 0.748047 0.682617 0.011719 0.013672
0 0.877930 0.508789 0.029297 0.017578
0 0.893555 0.542969 0.029297 0.031250
0 0.824219 0.430664 0.007812 0.013672
0 0.880859 0.445312 0.042969 0.039062
0 0.621094 0.787109 0.035156 0.019531
0 0.609375 0.750000 0.011719 0.015625
0 0.841797 0.507812 0.011719 0.011719
0 0.840820 0.541992 0.025391 0.041016
0 0.865234 0.952148 0.011719 0.013672
0 0.844727 0.916992 0.021484 0.021484
