0 0.031818 0.565152 0.021212 0.033333
0 0.034848 0.607576 0.027273 0.027273
0 0.436364 0.565152 0.012121 0.009091
0 0.442424 0.512121 0.030303 0.030303
0 0.145455 0.713636 0.024242 0.027273
0 0.142424 0.639394 0.018182 0.012121
0 0.369697 0.083333 0.054545 0.051515
0 0.315152 0.142424 0.018182 0.012121
0 0.163636 0.943939 0.018182 0.027273
0 0.507576 0.653030 0.021212 0.027273
0 0.774242 0.663636 0.033333 0.042424
0 0.772727 0.604545 0.024242 0.021212
0 0.775758 0.715152 0.030303 0.030303
0 0.722727 0.725758 0.033333 0.039394
0 0.512121 0.322727 0.012121 0.015152
0 0.875758 0.727273 0.012121 0.018182
0 0.157576 0.586364 0.024242 0.021212
0 0.153030 0.546970 0.039394 0.027273
0 0.457576 0.178788 0.024242 0.024242
0 0.503030 0.203030 0.018182 0.030303
0 0.440909 0.425758 0.027273 0.033333
0 0.450000 0.474242 0.027273 0.015152
0 0.562121 0.300000 0.039394 0.018182
0 0.562121 0.350000 0.039394 0.027273
0 0.896970 0.486364 0.036364 0.033333
0 0.478788 0.348485 0.012121 0.036364
0 0.484848 0.278788 0.024242 0.024242
0 0.122727 0.857576 0.015152 0.012121
0 0.112121 0.890909 0.018182 0.012121
0 0.071212 0.833333 0.033333 0.024242
