0 0.691406 0.495117 0.019531 0.021484
0 0.747070 0.524414 0.029297 0.021484
0 0.570312 0.545898 0.015625 0.037109
0 0.604492 0.540039 0.029297 0.021484
0 0.928711 0.514648 0.009766 0.017578
0 0.964844 0.499023 0.039062 0.033203
0 0.931641 0.571289 0.015625 0.017578
0 0.222656 0.779297 0.027344 0.027344
0 0.179688 0.774414 0.015625 0.017578
0 0.139648 0.508789 0.029297 0.021484
0 0.394531 0.471680 0.015625 0.013672
0 0.253906 0.383789 0.019531 0.033203
0 0.250977 0.487305 0.013672 0.021484
0 0.360352 0.699219 0.017578 0.019531
0 0.414062 0.702148 0.011719 0.013672
0 0.606445 0.478516 0.021484 0.019531
0 0.636719 0.426758 0.042969 0.041016
0 0.174805 0.602539 0.033203 0.033203
0 0.421875 0.553711 0.019531 0.029297
0 0.386719 0.556641 0.027344 0.031250
0 0.221680 0.748047 0.013672 0.015625
0 0.381836 0.754883 0.025391 0.017578
0 0.347656 0.752930 0.023438 0.025391
0 0.802734 0.480469 0.015625 0.023438
0 0.497070 0.096680 0.021484 0.017578
0 0.528320 0.093750 0.021484 0.019531
0 0.908203 0.446289 0.023438 0.013672
0 0.721680 0.333008 0.029297 0.029297
0 0.719727 0.299805 0.009766 0.013672
0 0.578125 0.208984 0.011719 0.011719
