0 0.442383 0.542969 0.021484 0.039062
0 0.494141 0.549805 0.027344 0.021484
0 0.152344 0.291992 0.011719 0.009766
0 0.396484 0.558594 0.023438 0.023438
0 0.346680 0.492188 0.029297 0.035156
0 0.370117 0.405273 0.025391 0.021484
0 0.300781 0.417969 0.023438 0.039062
0 0.264648 0.473633 0.037109 0.017578
0 0.232422 0.445312 0.015625 0.011719
0 0.441406 0.296875 0.015625 0.031250
0 0.451172 0.258789 0.027344 0.029297
0 0.330078 0.625000 0.019531 0.015625
0 0.194336 0.422852 0.017578 0.017578
0 0.109375 0.371094 0.015625 0.011719
0 0.095703 0.408203 0.046875 0.042969
0 0.245117 0.611328 0.033203 0.027344
0 0.343750 0.090820 0.035156 0.037109
0 0.447266 0.089844 0.015625 0.011719
0 0.483398 0.043945 0.017578 0.013672
0 0.353516 0.258789 0.007812 0.013672
0 0.333984 0.307617 0.019531 0.021484
0 0.560547 0.579102 0.015625 0.013672
0 0.611328 0.541992 0.027344 0.033203
0 0.231445 0.390625 0.025391 0.027344
0 0.256836 0.437500 0.013672 0.023438
0 0.204102 0.543945 0.037109 0.037109
0 0.247070 0.527344 0.021484 0.015625
0 0.445312 0.155273 0.007812 0.017578
0 0.446289 0.197266 0.029297 0.035156
0 0.231445 0.045898 0.033203 0.025391
