0 0.304000 0.723000 0.032000 0.026000
0 0.549000 0.777000 0.018000 0.014000
0 0.513000 0.768000 0.034000 0.036000
0 0.793000 0.192000 0.026000 0.020000
0 0.323000 0.682000 0.014000 0.020000
0 0.804000 0.097000 0.024000 0.026000
0 0.766000 0.043000 0.028000 0.018000
0 0.294000 0.776000 0.016000 0.016000
0 0.292000 0.809000 0.012000 0.022000
0 0.677000 0.181000 0.018000 0.022000
0 0.497000 0.474000 0.030000 0.020000
0 0.376000 0.600000 0.028000 0.020000
0 0.750000 0.175000 0.008000 0.022000
0 0.802000 0.044000 0.028000 0.024000
0 0.375000 0.677000 0.014000 0.010000
0 0.387000 0.634000 0.014000 0.024000
0 0.545000 0.621000 0.034000 0.030000
0 0.301000 0.617000 0.046000 0.046000
0 0.367000 0.419000 0.018000 0.018000
0 0.406000 0.392000 0.036000 0.040000
0 0.344000 0.830000 0.012000 0.012000
0 0.258000 0.834000 0.024000 0.036000
0 0.579000 0.452000 0.038000 0.036000
0 0.681000 0.110000 0.018000 0.008000
0 0.664000 0.395000 0.028000 0.034000
0 0.622000 0.396000 0.028000 0.032000
0 0.665000 0.747000 0.018000 0.038000
0 0.427000 0.685000 0.018000 0.030000
0 0.627000 0.470000 0.038000 0.036000
0 0.662000 0.479000 0.012000 0.014000
