0 0.258594 0.592187 0.023438 0.012500
0 0.255469 0.563281 0.014063 0.014063
0 0.534375 0.800781 0.021875 0.023438
0 0.560156 0.749219 0.020313 0.023438
0 0.522656 0.754687 0.014063 0.034375
0 0.407031 0.345313 0.032813 0.034375
0 0.153906 0.730469 0.035937 0.029687
0 0.157812 0.795312 0.021875 0.012500
0 0.269531 0.399219 0.020313 0.010937
0 0.484375 0.350781 0.037500 0.020313
0 0.501563 0.325000 0.012500 0.015625
0 0.210938 0.817969 0.015625 0.017188
0 0.482031 0.805469 0.039062 0.035937
0 0.261719 0.496875 0.007812 0.012500
0 0.145313 0.623437 0.040625 0.043750
0 0.139844 0.660156 0.029687 0.014063
0 0.313281 0.758594 0.014063 0.010937
0 0.324219 0.882812 0.020313 0.009375
0 0.464062 0.560156 0.009375 0.017188
0 0.528906 0.855469 0.007812 0.014063
0 0.268750 0.760156 0.012500 0.014063
0 0.279687 0.469531 0.037500 0.026562
0 0.200000 0.553906 0.021875 0.029687
0 0.200000 0.488281 0.034375 0.032813
0 0.350000 0.561719 0.040625 0.039062
0 0.348438 0.392969 0.028125 0.029687
0 0.333594 0.428125 0.029687 0.028125
0 0.292187 0.575000 0.006250 0.012500
0 0.313281 0.632812 0.023438 0.012500
0 0.213281 0.733594 0.020313 0.039062
