0 0.543945 0.389648 0.013672 0.017578
0 0.511719 0.415039 0.011719 0.017578
0 0.451172 0.507812 0.011719 0.011719
0 0.458984 0.541992 0.031250 0.033203
0 0.359375 0.448242 0.023438 0.033203
0 0.340820 0.217773 0.033203 0.025391
0 0.526367 0.489258 0.021484 0.021484
0 0.536133 0.329102 0.033203 0.029297
0 0.406250 0.207031 0.027344 0.027344
0 0.507812 0.207031 0.011719 0.015625
0 0.541016 0.214844 0.027344 0.019531
0 0.466797 0.340820 0.011719 0.009766
0 0.460938 0.172852 0.039062 0.025391
0 0.470703 0.231445 0.027344 0.025391
0 0.398438 0.509766 0.035156 0.027344
0 0.416992 0.553711 0.017578 0.017578
0 0.423828 0.273438 0.023438 0.039062
0 0.388672 0.274414 0.011719 0.009766
0 0.411133 0.419922 0.033203 0.019531
0 0.366211 0.498047 0.009766 0.015625
0 0.345703 0.315430 0.046875 0.048828
0 0.460938 0.441406 0.039062 0.039062
