0 0.229492 0.818359 0.021484 0.027344
0 0.192383 0.625000 0.025391 0.031250
0 0.222656 0.632812 0.019531 0.011719
0 0.129883 0.560547 0.033203 0.027344
0 0.172852 0.559570 0.033203 0.029297
0 0.906250 0.760742 0.039062 0.037109
0 0.903320 0.710938 0.033203 0.042969
0 0.474609 0.550781 0.015625 0.015625
0 0.319336 0.754883 0.009766 0.013672
0 0.234375 0.306641 0.031250 0.023438
0 0.714844 0.421875 0.031250 0.027344
0 0.738281 0.474609 0.031250 0.023438
0 0.191406 0.339844 0.011719 0.015625
0 0.193359 0.383789 0.042969 0.041016
0 0.229492 0.562500 0.017578 0.011719
0 0.381836 0.663086 0.041016 0.025391
0 0.060547 0.799805 0.019531 0.041016
0 0.120117 0.806641 0.029297 0.027344
0 0.103516 0.629883 0.031250 0.033203
0 0.046875 0.564453 0.019531 0.011719
0 0.083984 0.558594 0.019531 0.027344
0 0.370117 0.734375 0.013672 0.023438
0 0.148438 0.513672 0.039062 0.039062
0 0.363281 0.625977 0.011719 0.021484
0 0.111328 0.692383 0.039062 0.041016
0 0.065430 0.682617 0.025391 0.017578
0 0.233398 0.369141 0.021484 0.023438
0 0.219727 0.338867 0.009766 0.017578
0 0.030273 0.666992 0.017578 0.029297
0 0.695312 0.355469 0.023438 0.015625
