0 0.618792 0.387500 0.029530 0.027778
0 0.654362 0.386111 0.014765 0.011111
0 0.764430 0.779861 0.020134 0.012500
0 0.514765 0.475694 0.036242 0.031944
0 0.698658 0.481250 0.038926 0.020833
0 0.526846 0.377778 0.014765 0.016667
0 0.431544 0.815972 0.022819 0.023611
0 0.482550 0.830556 0.038926 0.038889
0 0.771812 0.827083 0.029530 0.031944
0 0.712081 0.822917 0.014765 0.023611
0 0.560403 0.383333 0.020134 0.013889
0 0.473826 0.473611 0.034899 0.022222
0 0.651678 0.484028 0.014765 0.015278
0 0.453691 0.751389 0.032215 0.030556
0 0.500671 0.515972 0.034899 0.034722
0 0.808725 0.459722 0.033557 0.019444
0 0.879866 0.464583 0.038926 0.029167
0 0.771812 0.455556 0.026846 0.044444
0 0.730872 0.480556 0.014765 0.022222
0 0.425503 0.977083 0.010738 0.006944
0 0.698658 0.959028 0.049664 0.051389
0 0.742953 0.959028 0.028188 0.023611
0 0.456376 0.527778 0.016107 0.019444
0 0.544966 0.543056 0.018792 0.019444
0 0.574497 0.509028 0.016107 0.018056
0 0.551678 0.512500 0.013423 0.013889
0 0.353020 0.915278 0.029530 0.016667
0 0.755034 0.655556 0.028188 0.033333
0 0.513423 0.430556 0.030872 0.033333
0 0.485235 0.437500 0.012081 0.022222
