0 0.496454 0.648456 0.018913 0.009501
0 0.485816 0.738717 0.016548 0.019002
0 0.574468 0.843230 0.033097 0.023753
0 0.598109 0.800475 0.033097 0.014252
0 0.851064 0.247031 0.028369 0.014252
0 0.836879 0.190024 0.018913 0.028504
0 0.484634 0.833729 0.028369 0.023753
0 0.583924 0.652019 0.023641 0.030879
0 0.556738 0.717340 0.021277 0.014252
0 0.317967 0.292162 0.011820 0.014252
0 0.849882 0.352732 0.030733 0.026128
0 0.757683 0.583135 0.040189 0.045131
0 0.567376 0.342043 0.052009 0.052257
0 0.251773 0.635392 0.044917 0.049881
0 0.211584 0.648456 0.011820 0.014252
0 0.552009 0.587886 0.026005 0.030879
0 0.677305 0.514252 0.035461 0.016627
0 0.846336 0.489311 0.018913 0.028504
0 0.854610 0.421615 0.021277 0.021378
0 0.669031 0.840855 0.042553 0.038005
0 0.560284 0.533254 0.042553 0.045131
0 0.886525 0.418052 0.014184 0.033254
0 0.513002 0.408551 0.009456 0.014252
0 0.552009 0.748219 0.016548 0.014252
0 0.514184 0.728029 0.016548 0.021378
0 0.755319 0.483373 0.035461 0.045131
0 0.262411 0.859857 0.023641 0.023753
0 0.254137 0.795724 0.016548 0.009501
0 0.843972 0.566508 0.042553 0.035629
0 0.843972 0.616390 0.037825 0.030879
