0 0.160883 0.730000 0.015773 0.013684
0 0.052050 0.750000 0.031546 0.007368
0 0.136435 0.807895 0.014196 0.013684
0 0.121451 0.766316 0.015773 0.010526
0 0.125394 0.671053 0.029968 0.024211
0 0.053628 0.876842 0.022082 0.010526
0 0.049685 0.798421 0.023659 0.015789
0 0.171136 0.666842 0.023659 0.009474
0 0.159306 0.648421 0.018927 0.008421
0 0.084385 0.645263 0.020505 0.010526
0 0.164826 0.846842 0.020505 0.011579
0 0.121451 0.714211 0.022082 0.022105
0 0.123028 0.860000 0.012618 0.010526
0 0.093060 0.861053 0.028391 0.027368
0 0.093849 0.830000 0.020505 0.015789
0 0.087539 0.718947 0.020505 0.021053
0 0.098580 0.744737 0.011041 0.009474
0 0.089905 0.781579 0.034700 0.020000
0 0.166404 0.806842 0.026814 0.020000
0 0.170347 0.765263 0.025237 0.018947
0 0.055994 0.673158 0.017350 0.022105
0 0.052050 0.641579 0.022082 0.015789
