0 0.198242 0.795898 0.021484 0.021484
0 0.203125 0.859375 0.039062 0.015625
0 0.059570 0.863281 0.021484 0.019531
0 0.101562 0.827148 0.027344 0.029297
0 0.857422 0.498047 0.023438 0.023438
0 0.903320 0.446289 0.021484 0.017578
0 0.191406 0.722656 0.035156 0.035156
0 0.809570 0.499023 0.037109 0.013672
0 0.818359 0.418945 0.023438 0.021484
0 0.843750 0.464844 0.019531 0.007812
0 0.807617 0.468750 0.029297 0.015625
0 0.822266 0.446289 0.007812 0.013672
0 0.940430 0.420898 0.017578 0.013672
0 0.125977 0.412109 0.037109 0.019531
0 0.035156 0.730469 0.035156 0.039062
0 0.083008 0.743164 0.009766 0.013672
0 0.133789 0.581055 0.009766 0.013672
0 0.258789 0.446289 0.017578 0.021484
0 0.259766 0.508789 0.023438 0.021484
0 0.193359 0.588867 0.031250 0.041016
0 0.211914 0.541992 0.021484 0.021484
0 0.278320 0.750977 0.017578 0.009766
0 0.268555 0.661133 0.009766 0.021484
0 0.196289 0.428711 0.033203 0.037109
0 0.881836 0.496094 0.009766 0.015625
0 0.901367 0.500977 0.009766 0.017578
0 0.880859 0.469727 0.011719 0.013672
0 0.907227 0.473633 0.009766 0.021484
0 0.126953 0.744141 0.019531 0.035156
0 0.081055 0.417969 0.013672 0.011719
