0 0.815430 0.620117 0.009766 0.013672
0 0.808594 0.550781 0.027344 0.023438
0 0.771484 0.950195 0.019531 0.017578
0 0.763672 0.872070 0.023438 0.021484
0 0.766602 0.689453 0.037109 0.027344
0 0.431641 0.670898 0.007812 0.013672
0 0.866211 0.755859 0.029297 0.027344
0 0.833984 0.741211 0.011719 0.005859
0 0.716797 0.946289 0.015625 0.013672
0 0.728516 0.918945 0.023438 0.017578
0 0.726562 0.827148 0.015625 0.017578
0 0.437500 0.593750 0.019531 0.023438
0 0.931641 0.789062 0.027344 0.027344
0 0.809570 0.832031 0.033203 0.035156
0 0.872070 0.830078 0.029297 0.031250
0 0.714844 0.637695 0.015625 0.017578
0 0.716797 0.597656 0.011719 0.015625
0 0.687500 0.717773 0.039062 0.033203
0 0.692383 0.671875 0.017578 0.015625
0 0.335938 0.621094 0.031250 0.023438
0 0.804688 0.759766 0.027344 0.027344
0 0.798828 0.254883 0.011719 0.009766
0 0.781250 0.308594 0.015625 0.007812
0 0.400391 0.674805 0.019531 0.021484
0 0.763672 0.623047 0.035156 0.031250
0 0.692383 0.795898 0.029297 0.017578
0 0.863281 0.242188 0.015625 0.007812
0 0.902344 0.392578 0.015625 0.011719
0 0.905273 0.357422 0.017578 0.015625
0 0.810547 0.674805 0.027344 0.029297
