0 0.820775 0.277247 0.009688 0.022945
0 0.685684 0.269598 0.010764 0.022945
0 0.675996 0.314532 0.006459 0.013384
0 0.865985 0.416826 0.018299 0.034417
0 0.423574 0.413002 0.022605 0.038241
0 0.481701 0.336520 0.009688 0.022945
0 0.905274 0.569790 0.017223 0.026769
0 0.266416 0.711281 0.009688 0.007648
0 0.255113 0.672084 0.017223 0.024857
0 0.172228 0.417782 0.010764 0.024857
0 0.160926 0.484704 0.007535 0.024857
0 0.858988 0.354685 0.025834 0.043977
0 0.629709 0.553537 0.008611 0.017208
0 0.831539 0.466539 0.022605 0.034417
0 0.380517 0.347992 0.018299 0.026769
0 0.381593 0.294455 0.011841 0.019120
0 0.593649 0.297323 0.013994 0.036329
0 0.619483 0.290631 0.009688 0.022945
0 0.831001 0.429254 0.019376 0.021033
0 0.872443 0.602294 0.016146 0.034417
0 0.862756 0.655832 0.011841 0.022945
0 0.545210 0.308795 0.016146 0.024857
0 0.606028 0.094646 0.023681 0.040153
0 0.625942 0.137667 0.013994 0.022945
0 0.467707 0.452199 0.016146 0.028681
0 0.925188 0.585086 0.011841 0.011472
0 0.783638 0.416826 0.023681 0.034417
0 0.727664 0.526769 0.025834 0.043977
0 0.861141 0.561185 0.008611 0.013384
0 0.261033 0.346080 0.016146 0.034417
