0 0.092969 0.924219 0.010937 0.014063
0 0.070312 0.931250 0.018750 0.018750
0 0.775781 0.860938 0.032813 0.031250
0 0.169531 0.875781 0.017188 0.014063
0 0.199219 0.881250 0.010937 0.012500
0 0.932813 0.894531 0.015625 0.023438
0 0.957812 0.903125 0.009375 0.018750
0 0.353906 0.850000 0.029687 0.025000
0 0.308594 0.846094 0.020313 0.017188
0 0.329688 0.903906 0.021875 0.023438
0 0.359375 0.905469 0.009375 0.020313
0 0.936719 0.794531 0.042188 0.029687
0 0.779687 0.898438 0.021875 0.018750
0 0.118750 0.841406 0.015625 0.010937
0 0.828906 0.833594 0.017188 0.017188
0 0.889062 0.827344 0.012500 0.026562
0 0.242188 0.850781 0.021875 0.023438
0 0.078906 0.875781 0.023438 0.026562
0 0.110156 0.876563 0.023438 0.021875
0 0.831250 0.862500 0.015625 0.018750
0 0.305469 0.870313 0.014063 0.012500
0 0.371094 0.880469 0.010937 0.017188
0 0.060937 0.902344 0.012500 0.014063
0 0.086719 0.902344 0.014063 0.010937
0 0.207813 0.928125 0.009375 0.025000
0 0.817187 0.795312 0.028125 0.028125
0 0.266406 0.878906 0.023438 0.017188
0 0.232031 0.880469 0.023438 0.017188
0 0.270313 0.928906 0.025000 0.020313
0 0.235937 0.928906 0.021875 0.026562
