0 0.639648 0.173828 0.009766 0.015625
0 0.649414 0.225586 0.013672 0.021484
0 0.689453 0.431641 0.027344 0.042969
0 0.685547 0.390625 0.015625 0.019531
0 0.605469 0.178711 0.019531 0.021484
0 0.617188 0.137695 0.027344 0.013672
0 0.708984 0.249023 0.023438 0.029297
0 0.606445 0.345703 0.033203 0.039062
0 0.572266 0.453125 0.015625 0.007812
0 0.641602 0.315430 0.013672 0.021484
0 0.666992 0.317383 0.013672 0.029297
0 0.578125 0.211914 0.011719 0.005859
0 0.564453 0.238281 0.023438 0.015625
0 0.682617 0.359375 0.013672 0.027344
0 0.703125 0.321289 0.035156 0.021484
0 0.572266 0.163086 0.019531 0.017578
0 0.691406 0.151367 0.023438 0.017578
0 0.699219 0.128906 0.015625 0.007812
0 0.620117 0.273438 0.017578 0.023438
0 0.609375 0.394531 0.031250 0.027344
0 0.612305 0.438477 0.013672 0.013672
0 0.574219 0.339844 0.015625 0.011719
0 0.647461 0.424805 0.017578 0.021484
