0 0.382812 0.594531 0.025000 0.032813
0 0.434375 0.589063 0.015625 0.012500
0 0.378906 0.387500 0.017188 0.015625
0 0.358594 0.633594 0.020313 0.023438
0 0.435156 0.506250 0.010937 0.015625
0 0.435156 0.467969 0.010937 0.014063
0 0.408594 0.323437 0.007812 0.015625
0 0.382031 0.524219 0.017188 0.017188
0 0.382031 0.308594 0.023438 0.026562
0 0.407813 0.436719 0.025000 0.023438
0 0.353906 0.328906 0.010937 0.014063
0 0.411719 0.583594 0.017188 0.020313
0 0.437500 0.260156 0.006250 0.014063
0 0.407031 0.481250 0.014063 0.012500
0 0.409375 0.515625 0.021875 0.021875
0 0.355469 0.443750 0.007812 0.012500
0 0.433594 0.367188 0.014063 0.009375
0 0.357812 0.480469 0.025000 0.026562
