0 0.344427 0.781046 0.023220 0.026144
0 0.308824 0.781863 0.007740 0.014706
0 0.489938 0.766340 0.013932 0.016340
0 0.492260 0.788399 0.009288 0.014706
0 0.869969 0.865196 0.021672 0.031046
0 0.261610 0.784314 0.009288 0.016340
0 0.281734 0.782680 0.012384 0.019608
0 0.379257 0.748366 0.034056 0.032680
0 0.571207 0.726307 0.024768 0.027778
0 0.546440 0.619281 0.012384 0.009804
0 0.569659 0.616830 0.021672 0.037582
0 0.800310 0.871732 0.015480 0.017974
0 0.773220 0.871732 0.017028 0.014706
0 0.828947 0.802288 0.013932 0.009804
0 0.393963 0.786765 0.013932 0.021242
0 0.434985 0.852124 0.021672 0.031046
0 0.414087 0.856209 0.007740 0.016340
0 0.331269 0.816993 0.021672 0.022876
0 0.746904 0.861928 0.020124 0.021242
0 0.443498 0.725490 0.020124 0.009804
0 0.475232 0.729575 0.024768 0.024510
0 0.384675 0.853758 0.023220 0.027778
0 0.536378 0.669935 0.017028 0.035948
0 0.616099 0.676471 0.027864 0.029412
0 0.797988 0.795752 0.013932 0.013072
0 0.772446 0.801471 0.015480 0.027778
0 0.329721 0.744281 0.021672 0.021242
0 0.264706 0.671569 0.021672 0.026144
0 0.485294 0.617647 0.013932 0.022876
0 0.451238 0.813725 0.013932 0.013072
