0 0.622807 0.609649 0.017544 0.017544
0 0.664474 0.686404 0.021930 0.039474
0 0.543860 0.940789 0.017544 0.013158
0 0.581140 0.932018 0.021930 0.039474
0 0.280702 0.736842 0.017544 0.026316
0 0.710526 0.502193 0.017544 0.021930
0 0.688596 0.458333 0.035088 0.030702
0 0.644737 0.958333 0.026316 0.021930
0 0.574561 0.614035 0.017544 0.017544
0 0.561404 0.546053 0.017544 0.021930
0 0.701754 0.668860 0.017544 0.021930
0 0.385965 0.927632 0.026316 0.021930
0 0.285088 0.925439 0.017544 0.026316
0 0.280702 0.975877 0.017544 0.021930
0 0.664474 0.750000 0.030702 0.035088
0 0.767544 0.611842 0.026316 0.021930
0 0.706140 0.620614 0.017544 0.021930
0 0.423246 0.587719 0.021930 0.017544
0 0.425439 0.627193 0.017544 0.017544
0 0.526316 0.859649 0.035088 0.017544
0 0.532895 0.760965 0.030702 0.039474
0 0.574561 0.754386 0.017544 0.043860
0 0.723684 0.583333 0.026316 0.017544
0 0.473684 0.583333 0.026316 0.017544
0 0.728070 0.802632 0.026316 0.026316
0 0.583333 0.692982 0.026316 0.043860
0 0.618421 0.504386 0.026316 0.026316
0 0.631579 0.451754 0.035088 0.017544
0 0.660088 0.622807 0.021930 0.017544
0 0.671053 0.581140 0.017544 0.013158
