0 0.391429 0.903810 0.009524 0.024762
0 0.516190 0.778095 0.015238 0.040000
0 0.432381 0.857143 0.041905 0.030476
0 0.376190 0.844762 0.040000 0.036190
0 0.910476 0.954286 0.011429 0.015238
0 0.884762 0.955238 0.009524 0.017143
0 0.740000 0.901905 0.013333 0.013333
0 0.778095 0.895238 0.020952 0.019048
0 0.922857 0.927619 0.013333 0.015238
0 0.885714 0.934286 0.011429 0.009524
0 0.443810 0.910476 0.026667 0.041905
0 0.612381 0.861905 0.013333 0.017143
0 0.744762 0.718095 0.015238 0.022857
0 0.717143 0.712381 0.020952 0.015238
0 0.719048 0.894286 0.013333 0.017143
0 0.432381 0.742857 0.038095 0.022857
0 0.392381 0.738095 0.011429 0.009524
0 0.713333 0.854286 0.036190 0.024762
0 0.773333 0.829524 0.026667 0.017143
0 0.729524 0.974286 0.011429 0.013333
0 0.774286 0.925714 0.024762 0.026667
0 0.409524 0.791429 0.049524 0.047619
0 0.675238 0.977143 0.020952 0.019048
0 0.908571 0.898095 0.015238 0.017143
0 0.672381 0.948571 0.038095 0.019048
0 0.706667 0.957143 0.011429 0.009524
0 0.543810 0.717143 0.024762 0.040000
0 0.483810 0.717143 0.038095 0.024762
0 0.535238 0.840000 0.026667 0.030476
0 0.492381 0.846667 0.017143 0.028571
0 0.828571 0.953333 0.019048 0.017143
