0 0.280273 0.240234 0.025391 0.027344
0 0.428711 0.827148 0.013672 0.021484
0 0.503906 0.798828 0.011719 0.031250
0 0.688477 0.149414 0.029297 0.025391
0 0.610352 0.179688 0.037109 0.039062
0 0.608398 0.132812 0.013672 0.015625
0 0.430664 0.334961 0.017578 0.025391
0 0.219727 0.413086 0.029297 0.021484
0 0.609375 0.344727 0.015625 0.009766
0 0.681641 0.747070 0.023438 0.017578
0 0.709961 0.752930 0.017578 0.017578
0 0.162109 0.536133 0.011719 0.013672
0 0.570312 0.629883 0.035156 0.037109
0 0.536133 0.615234 0.013672 0.011719
0 0.575195 0.817383 0.033203 0.041016
0 0.610352 0.803711 0.017578 0.017578
0 0.691406 0.332031 0.035156 0.042969
0 0.125000 0.321289 0.035156 0.033203
0 0.115234 0.352539 0.015625 0.005859
0 0.750000 0.634766 0.050781 0.050781
0 0.806641 0.643555 0.035156 0.033203
0 0.217773 0.549805 0.025391 0.013672
0 0.787109 0.756836 0.015625 0.017578
0 0.084961 0.499023 0.025391 0.021484
0 0.458008 0.310547 0.017578 0.019531
0 0.533203 0.359375 0.023438 0.039062
0 0.460938 0.676758 0.023438 0.021484
0 0.503906 0.684570 0.015625 0.017578
0 0.773438 0.815430 0.019531 0.017578
0 0.553711 0.740234 0.033203 0.031250
