0 0.956055 0.849609 0.013672 0.019531
0 0.338867 0.119141 0.009766 0.019531
0 0.405273 0.133789 0.017578 0.013672
0 0.505859 0.256836 0.027344 0.029297
0 0.450195 0.251953 0.013672 0.007812
0 0.412109 0.260742 0.023438 0.017578
0 0.334961 0.233398 0.013672 0.017578
0 0.115234 0.237305 0.011719 0.013672
0 0.242188 0.201172 0.039062 0.027344
0 0.292969 0.169922 0.019531 0.023438
0 0.367188 0.072266 0.035156 0.031250
0 0.471680 0.185547 0.033203 0.042969
0 0.373047 0.170898 0.039062 0.025391
0 0.123047 0.043945 0.015625 0.009766
0 0.458008 0.119141 0.017578 0.015625
0 0.511719 0.063477 0.039062 0.037109
0 0.460938 0.080078 0.019531 0.015625
0 0.120117 0.141602 0.037109 0.021484
0 0.161133 0.111328 0.033203 0.023438
0 0.275391 0.246094 0.015625 0.007812
0 0.171875 0.171875 0.035156 0.023438
0 0.241211 0.066406 0.033203 0.019531
0 0.242188 0.116211 0.042969 0.037109
