0 0.536133 0.469727 0.013672 0.017578
0 0.614258 0.486328 0.017578 0.007812
0 0.676758 0.483398 0.013672 0.017578
0 0.722656 0.475586 0.011719 0.013672
0 0.602539 0.745117 0.021484 0.009766
0 0.429688 0.577148 0.011719 0.017578
0 0.615234 0.597656 0.035156 0.027344
0 0.787109 0.567383 0.046875 0.044922
0 0.850586 0.554688 0.009766 0.023438
0 0.708008 0.666992 0.021484 0.037109
0 0.787109 0.456055 0.011719 0.013672
0 0.707031 0.763672 0.023438 0.023438
0 0.748047 0.747070 0.015625 0.009766
0 0.484375 0.677734 0.015625 0.011719
0 0.833008 0.753906 0.037109 0.035156
0 0.789062 0.732422 0.027344 0.031250
0 0.438477 0.776367 0.037109 0.041016
0 0.496094 0.739258 0.019531 0.017578
0 0.805664 0.675781 0.021484 0.023438
0 0.855469 0.672852 0.035156 0.037109
0 0.676758 0.599609 0.041016 0.027344
0 0.453125 0.458984 0.011719 0.019531
0 0.472656 0.500977 0.015625 0.037109
0 0.572266 0.679688 0.039062 0.031250
0 0.537109 0.684570 0.011719 0.013672
