0 0.553906 0.976103 0.007812 0.029412
0 0.078516 0.235294 0.011719 0.025735
0 0.684375 0.664522 0.015625 0.034926
0 0.771094 0.656250 0.006250 0.025735
0 0.814063 0.193015 0.017188 0.029412
0 0.810937 0.222426 0.009375 0.014706
0 0.715625 0.145221 0.010937 0.014706
0 0.745703 0.117647 0.011719 0.025735
0 0.184766 0.411765 0.011719 0.025735
0 0.162891 0.393382 0.007031 0.014706
0 0.765234 0.075368 0.016406 0.033088
0 0.791406 0.074449 0.007812 0.023897
0 0.745313 0.239890 0.006250 0.020221
0 0.717578 0.255515 0.013281 0.033088
0 0.546484 0.662684 0.003906 0.023897
0 0.692578 0.865809 0.005469 0.014706
0 0.257031 0.799632 0.007812 0.018382
0 0.556250 0.780331 0.007812 0.016544
0 0.119531 0.171875 0.006250 0.023897
0 0.399219 0.847426 0.003125 0.014706
0 0.326172 0.840993 0.008594 0.016544
0 0.275000 0.771140 0.010937 0.023897
0 0.267969 0.797794 0.003125 0.014706
0 0.071094 0.339154 0.006250 0.042279
0 0.049609 0.329963 0.005469 0.031250
0 0.200000 0.206801 0.012500 0.031250
0 0.164844 0.245404 0.006250 0.016544
0 0.280859 0.616728 0.013281 0.031250
0 0.278906 0.655331 0.007812 0.016544
0 0.136719 0.343750 0.015625 0.022059
