0 0.882056 0.574373 0.010081 0.019713
0 0.892641 0.533154 0.027218 0.048387
0 0.770665 0.705197 0.009073 0.026882
0 0.753024 0.725806 0.016129 0.010753
0 0.816532 0.487455 0.006048 0.014337
0 0.831653 0.455197 0.024194 0.025090
0 0.781250 0.437276 0.010081 0.017921
0 0.663306 0.698029 0.008065 0.016129
0 0.694556 0.750896 0.004032 0.014337
0 0.801411 0.566308 0.008065 0.014337
0 0.653730 0.632616 0.013105 0.007168
0 0.919355 0.639785 0.020161 0.028674
0 0.893649 0.665771 0.011089 0.019713
0 0.731351 0.620072 0.013105 0.017921
0 0.759577 0.641577 0.007056 0.017921
0 0.652722 0.583333 0.023185 0.019713
0 0.825605 0.663978 0.006048 0.005376
0 0.859375 0.609319 0.011089 0.021505
0 0.826109 0.717742 0.013105 0.034050
0 0.849798 0.709677 0.020161 0.025090
0 0.648185 0.454301 0.018145 0.026882
0 0.878024 0.716846 0.008065 0.021505
0 0.915323 0.474014 0.014113 0.026882
0 0.886089 0.476703 0.016129 0.021505
0 0.784778 0.570789 0.009073 0.023297
0 0.740423 0.554659 0.015121 0.037634
