0 0.225781 0.815625 0.020313 0.021875
0 0.217188 0.769531 0.021875 0.026562
0 0.313281 0.844531 0.017188 0.017188
0 0.278906 0.884375 0.023438 0.034375
0 0.813281 0.881250 0.017188 0.006250
0 0.828125 0.834375 0.015625 0.012500
0 0.235937 0.874219 0.021875 0.023438
0 0.232813 0.905469 0.018750 0.017188
0 0.276562 0.648438 0.043750 0.043750
0 0.857031 0.459375 0.017188 0.018750
0 0.860156 0.410156 0.017188 0.020313
0 0.339844 0.607812 0.020313 0.015625
0 0.325781 0.640625 0.020313 0.018750
0 0.822656 0.617969 0.035937 0.039062
0 0.326562 0.778906 0.037500 0.039062
0 0.368750 0.698438 0.021875 0.012500
0 0.381250 0.722656 0.012500 0.010937
0 0.313281 0.721875 0.020313 0.021875
0 0.368750 0.865625 0.021875 0.025000
0 0.384375 0.900000 0.015625 0.009375
0 0.269531 0.810937 0.023438 0.025000
0 0.921875 0.471875 0.028125 0.018750
0 0.763281 0.479687 0.017188 0.018750
0 0.368750 0.635938 0.021875 0.021875
0 0.931250 0.574219 0.021875 0.020313
0 0.775000 0.840625 0.040625 0.043750
0 0.782813 0.789062 0.021875 0.012500
0 0.213281 0.607812 0.023438 0.025000
0 0.817969 0.682813 0.035937 0.034375
0 0.834375 0.755469 0.012500 0.017188
