0 0.673333 0.743658 0.008333 0.010681
0 0.641667 0.785047 0.021667 0.045394
0 0.615833 0.804406 0.011667 0.017356
0 0.576250 0.502003 0.020833 0.029372
0 0.538333 0.755674 0.008333 0.005340
0 0.545417 0.780374 0.017500 0.020027
0 0.408333 0.081442 0.021667 0.032043
0 0.417917 0.049399 0.009167 0.016021
0 0.699167 0.794393 0.023333 0.040053
0 0.671667 0.791055 0.013333 0.020027
0 0.677917 0.269025 0.010833 0.022697
0 0.578750 0.347130 0.007500 0.016021
0 0.895417 0.242991 0.017500 0.029372
0 0.545833 0.698264 0.013333 0.018692
0 0.237083 0.457944 0.009167 0.013351
0 0.230833 0.548732 0.013333 0.021362
0 0.886250 0.354473 0.014167 0.020027
0 0.854167 0.343124 0.010000 0.010681
0 0.452917 0.132176 0.012500 0.021362
0 0.321667 0.905207 0.010000 0.018692
0 0.303750 0.881175 0.017500 0.034713
0 0.707500 0.525367 0.011667 0.020027
0 0.710833 0.483311 0.006667 0.016021
0 0.398750 0.759012 0.017500 0.022697
0 0.359167 0.751001 0.011667 0.017356
0 0.480833 0.892523 0.011667 0.014686
0 0.508333 0.883178 0.013333 0.028037
0 0.765000 0.278371 0.028333 0.038718
0 0.786667 0.286382 0.008333 0.014686
0 0.570000 0.754339 0.018333 0.029372
