0 0.621094 0.665689 0.023438 0.023460
0 0.598633 0.511730 0.013672 0.014663
0 0.619141 0.516129 0.011719 0.023460
0 0.525391 0.611437 0.015625 0.020528
0 0.193359 0.894428 0.011719 0.023460
0 0.445312 0.665689 0.023438 0.029326
0 0.833984 0.165689 0.027344 0.026393
0 0.837891 0.120235 0.011719 0.023460
0 0.382812 0.627566 0.019531 0.029326
0 0.406250 0.626100 0.011719 0.020528
0 0.382812 0.664223 0.027344 0.020528
0 0.417969 0.665689 0.007812 0.023460
0 0.833984 0.252199 0.023438 0.023460
0 0.106445 0.782991 0.009766 0.029326
0 0.579102 0.724340 0.005859 0.029326
0 0.628906 0.750733 0.011719 0.029326
0 0.318359 0.634897 0.019531 0.020528
0 0.768555 0.312317 0.017578 0.020528
0 0.376953 0.702346 0.007812 0.014663
0 0.396484 0.696481 0.011719 0.020528
0 0.187500 0.693548 0.015625 0.014663
0 0.225586 0.692082 0.013672 0.023460
0 0.587891 0.618768 0.019531 0.023460
0 0.359375 0.582111 0.027344 0.032258
0 0.394531 0.582111 0.007812 0.014663
0 0.870117 0.370968 0.029297 0.032258
0 0.874023 0.332845 0.009766 0.020528
0 0.328125 0.668622 0.011719 0.011730
0 0.324219 0.728739 0.011719 0.032258
0 0.280273 0.734604 0.017578 0.020528
