0 0.674014 0.289535 0.044084 0.030233
0 0.878190 0.765116 0.011601 0.013953
0 0.227378 0.752326 0.013921 0.011628
0 0.299304 0.790698 0.023202 0.018605
0 0.211137 0.362791 0.013921 0.009302
0 0.226218 0.430233 0.025522 0.023256
0 0.171694 0.568605 0.027842 0.016279
0 0.171694 0.606977 0.023202 0.027907
0 0.638051 0.070930 0.041763 0.030233
0 0.653132 0.019767 0.020882 0.016279
0 0.921114 0.363953 0.037123 0.020930
0 0.914153 0.406977 0.013921 0.013953
0 0.288863 0.683721 0.034803 0.046512
0 0.213457 0.667442 0.009281 0.013953
0 0.232019 0.630233 0.013921 0.013953
0 0.667053 0.516279 0.016241 0.018605
0 0.132251 0.604651 0.027842 0.023256
0 0.092807 0.486047 0.023202 0.023256
0 0.109049 0.512791 0.013921 0.011628
0 0.219258 0.481395 0.030162 0.013953
0 0.213457 0.519767 0.032483 0.030233
0 0.092807 0.420930 0.027842 0.013953
0 0.922274 0.239535 0.011601 0.013953
0 0.938515 0.623256 0.039443 0.046512
0 0.974478 0.606977 0.009281 0.013953
0 0.798144 0.616279 0.037123 0.032558
0 0.838747 0.626744 0.025522 0.020930
0 0.186775 0.761628 0.020882 0.020930
0 0.183295 0.731395 0.018561 0.016279
0 0.678654 0.239535 0.030162 0.041860
