0 0.315625 0.299219 0.012500 0.014063
0 0.318750 0.242969 0.018750 0.020313
0 0.392969 0.356250 0.017188 0.015625
0 0.527344 0.263281 0.026562 0.023438
0 0.527344 0.307031 0.032813 0.039062
0 0.907031 0.542969 0.032813 0.026562
0 0.857031 0.515625 0.017188 0.018750
0 0.320312 0.475781 0.015625 0.017188
0 0.319531 0.428906 0.023438 0.026562
0 0.399219 0.183594 0.014063 0.017188
0 0.392188 0.158594 0.015625 0.014063
0 0.374219 0.330469 0.014063 0.017188
0 0.345313 0.180469 0.025000 0.035937
0 0.162500 0.864062 0.018750 0.012500
0 0.658594 0.589844 0.032813 0.029687
0 0.653125 0.621875 0.012500 0.015625
0 0.522656 0.584375 0.017188 0.021875
0 0.746875 0.391406 0.028125 0.035937
0 0.725781 0.357812 0.010937 0.015625
0 0.639844 0.440625 0.010937 0.012500
0 0.657031 0.375781 0.035937 0.039062
0 0.535156 0.481250 0.032813 0.025000
0 0.076563 0.751563 0.018750 0.012500
0 0.078125 0.784375 0.037500 0.015625
0 0.653125 0.482031 0.040625 0.042188
0 0.643750 0.548438 0.021875 0.018750
0 0.621094 0.264062 0.020313 0.015625
0 0.610156 0.667969 0.017188 0.023438
0 0.625781 0.575000 0.014063 0.009375
0 0.378125 0.770312 0.021875 0.040625
