0 0.568519 0.690984 0.018519 0.024590
0 0.559877 0.627049 0.013580 0.018033
0 0.610494 0.403279 0.030864 0.045902
0 0.574691 0.422131 0.011111 0.018033
0 0.678395 0.303279 0.011111 0.016393
0 0.474074 0.800820 0.019753 0.024590
0 0.698765 0.490164 0.007407 0.016393
0 0.604938 0.518033 0.029630 0.029508
0 0.561728 0.495902 0.014815 0.024590
0 0.735185 0.436066 0.013580 0.029508
0 0.733333 0.485246 0.027160 0.029508
0 0.767284 0.515574 0.020988 0.037705
0 0.511728 0.481148 0.035802 0.047541
0 0.544444 0.569672 0.027160 0.034426
0 0.751235 0.345902 0.008642 0.009836
0 0.751852 0.311475 0.014815 0.019672
0 0.525926 0.327869 0.022222 0.026230
0 0.555556 0.327869 0.017284 0.029508
0 0.616667 0.559836 0.016049 0.027869
0 0.611728 0.604098 0.016049 0.024590
0 0.439506 0.649180 0.009877 0.022951
0 0.700000 0.404918 0.004938 0.013115
0 0.669753 0.403279 0.011111 0.016393
0 0.487654 0.437705 0.009877 0.009836
0 0.579012 0.777049 0.017284 0.022951
0 0.575926 0.736885 0.025926 0.021311
0 0.519753 0.422951 0.009877 0.006557
0 0.541975 0.463115 0.007407 0.018033
0 0.658025 0.582787 0.014815 0.018033
0 0.690741 0.560656 0.028395 0.032787
