0 0.142578 0.357422 0.019531 0.011719
0 0.550781 0.402344 0.027344 0.023438
0 0.496094 0.220703 0.042969 0.042969
0 0.211914 0.172852 0.025391 0.021484
0 0.257812 0.193359 0.015625 0.011719
0 0.489258 0.348633 0.029297 0.037109
0 0.164062 0.241211 0.007812 0.013672
0 0.139648 0.216797 0.021484 0.015625
0 0.218750 0.346680 0.015625 0.021484
0 0.196289 0.243164 0.021484 0.033203
0 0.231445 0.392578 0.021484 0.019531
0 0.202148 0.406250 0.017578 0.031250
0 0.373047 0.179688 0.035156 0.035156
0 0.312500 0.317383 0.035156 0.033203
0 0.272461 0.337891 0.013672 0.027344
0 0.456055 0.393555 0.021484 0.021484
0 0.503906 0.415039 0.011719 0.013672
0 0.101562 0.295898 0.035156 0.021484
0 0.245117 0.358398 0.009766 0.013672
0 0.269531 0.367188 0.019531 0.015625
0 0.440430 0.195312 0.013672 0.023438
0 0.552734 0.366211 0.011719 0.009766
0 0.445312 0.431641 0.023438 0.031250
0 0.429688 0.399414 0.011719 0.005859
0 0.466797 0.275391 0.015625 0.023438
0 0.517578 0.279297 0.027344 0.023438
0 0.390625 0.539062 0.031250 0.023438
0 0.409180 0.491211 0.025391 0.025391
0 0.253906 0.256836 0.023438 0.029297
0 0.256836 0.284180 0.017578 0.009766
