0 0.289831 0.539910 0.010169 0.016566
0 0.324576 0.542169 0.011864 0.024096
0 0.573305 0.409639 0.007627 0.015060
0 0.554237 0.404367 0.006780 0.013554
0 0.472034 0.536898 0.008475 0.010542
0 0.394068 0.553464 0.020339 0.016566
0 0.326271 0.478163 0.016949 0.025602
0 0.372034 0.455572 0.003390 0.013554
0 0.567373 0.471386 0.012712 0.024096
0 0.244068 0.605422 0.008475 0.015060
0 0.222034 0.586596 0.008475 0.016566
0 0.532203 0.540663 0.023729 0.036145
0 0.586441 0.548946 0.015254 0.013554
0 0.197881 0.443524 0.009322 0.034639
0 0.219492 0.463102 0.013559 0.016566
0 0.477966 0.620482 0.023729 0.030120
0 0.561017 0.594127 0.020339 0.034639
0 0.594915 0.585090 0.010169 0.007530
0 0.231780 0.405120 0.021186 0.039157
0 0.327542 0.606175 0.007627 0.010542
0 0.207627 0.533133 0.013559 0.039157
0 0.240678 0.524849 0.022034 0.040663
0 0.306356 0.381024 0.017797 0.030120
0 0.438983 0.463102 0.010169 0.025602
0 0.395763 0.475151 0.010169 0.019578
0 0.460169 0.371988 0.023729 0.027108
