0 0.391667 0.476115 0.020000 0.022293
0 0.360833 0.464968 0.011667 0.038217
0 0.869167 0.383758 0.018333 0.041401
0 0.455000 0.457006 0.010000 0.028662
0 0.320833 0.660828 0.011667 0.022293
0 0.368333 0.692675 0.016667 0.022293
0 0.455000 0.527070 0.020000 0.028662
0 0.424167 0.522293 0.018333 0.044586
0 0.691667 0.611465 0.010000 0.012739
0 0.236667 0.565287 0.013333 0.035032
0 0.077500 0.369427 0.015000 0.019108
0 0.602500 0.759554 0.011667 0.028662
0 0.664167 0.757962 0.008333 0.012739
0 0.799167 0.576433 0.008333 0.019108
0 0.181667 0.418790 0.006667 0.015924
0 0.779167 0.614650 0.005000 0.019108
0 0.956667 0.410828 0.026667 0.050955
0 0.916667 0.641720 0.010000 0.022293
0 0.895833 0.638535 0.011667 0.022293
0 0.303333 0.398089 0.006667 0.019108
0 0.457500 0.407643 0.011667 0.019108
0 0.432500 0.420382 0.011667 0.025478
0 0.826667 0.474522 0.010000 0.019108
0 0.391667 0.608280 0.016667 0.044586
0 0.371667 0.595541 0.006667 0.019108
0 0.342500 0.316879 0.018333 0.028662
0 0.338333 0.757962 0.013333 0.025478
0 0.388333 0.745223 0.023333 0.044586
0 0.823333 0.406051 0.023333 0.041401
0 0.845000 0.377389 0.006667 0.015924
