0 0.361328 0.751953 0.027344 0.035156
0 0.393555 0.700195 0.025391 0.033203
0 0.292969 0.550781 0.027344 0.015625
0 0.247070 0.549805 0.025391 0.021484
0 0.520508 0.511719 0.033203 0.027344
0 0.362305 0.583008 0.013672 0.033203
0 0.301758 0.504883 0.033203 0.021484
0 0.427734 0.806641 0.023438 0.007812
0 0.373047 0.795898 0.023438 0.021484
0 0.639648 0.785156 0.037109 0.023438
0 0.779297 0.796875 0.019531 0.015625
0 0.763672 0.700195 0.046875 0.048828
0 0.688477 0.702148 0.025391 0.021484
0 0.472656 0.790039 0.023438 0.025391
0 0.128906 0.581055 0.039062 0.025391
0 0.205078 0.586914 0.019531 0.021484
0 0.489258 0.702148 0.044922 0.037109
0 0.294922 0.628906 0.046875 0.031250
0 0.513672 0.751953 0.031250 0.039062
0 0.453125 0.753906 0.011719 0.015625
0 0.536133 0.629883 0.021484 0.017578
0 0.501953 0.625977 0.027344 0.033203
0 0.645508 0.744141 0.025391 0.019531
0 0.713867 0.735352 0.025391 0.017578
0 0.462891 0.670898 0.011719 0.009766
0 0.634766 0.652344 0.015625 0.019531
0 0.590820 0.643555 0.013672 0.017578
0 0.310547 0.586914 0.019531 0.025391
0 0.367188 0.625977 0.035156 0.037109
0 0.737305 0.643555 0.013672 0.017578
