0 0.007812 0.443359 0.015625 0.035156
0 0.531250 0.749023 0.042969 0.033203
0 0.770508 0.784180 0.029297 0.033203
0 0.734375 0.785156 0.011719 0.015625
0 0.639648 0.817383 0.013672 0.013672
0 0.594727 0.816406 0.013672 0.031250
0 0.426758 0.526367 0.009766 0.013672
0 0.384766 0.516602 0.011719 0.009766
0 0.305664 0.570312 0.017578 0.015625
0 0.520508 0.543945 0.029297 0.021484
0 0.481445 0.538086 0.013672 0.009766
0 0.503906 0.573242 0.019531 0.021484
0 0.320312 0.496094 0.019531 0.019531
0 0.552734 0.497070 0.011719 0.009766
0 0.480469 0.495117 0.035156 0.025391
0 0.346680 0.544922 0.025391 0.023438
0 0.270508 0.549805 0.017578 0.017578
0 0.399414 0.544922 0.025391 0.019531
0 0.625977 0.786133 0.029297 0.025391
0 0.582031 0.784180 0.011719 0.013672
0 0.523438 0.787109 0.019531 0.027344
0 0.594727 0.545898 0.021484 0.021484
0 0.651367 0.540039 0.013672 0.013672
0 0.532227 0.850586 0.029297 0.025391
0 0.692383 0.852539 0.021484 0.025391
0 0.656250 0.849609 0.011719 0.011719
0 0.606445 0.747070 0.021484 0.021484
0 0.639648 0.750000 0.021484 0.019531
0 0.415039 0.573242 0.013672 0.021484
0 0.450195 0.573242 0.025391 0.025391
0 0.271484 0.515625 0.019531 0.015625
