0 0.631836 0.534180 0.041016 0.021484
0 0.571289 0.555664 0.025391 0.025391
0 0.755859 0.250000 0.023438 0.023438
0 0.171875 0.540039 0.031250 0.021484
0 0.824219 0.390625 0.019531 0.031250
0 0.166016 0.476562 0.035156 0.035156
0 0.213867 0.380859 0.013672 0.011719
0 0.263672 0.448242 0.027344 0.029297
0 0.223633 0.472656 0.037109 0.035156
0 0.293945 0.421875 0.017578 0.019531
0 0.306641 0.382812 0.035156 0.031250
0 0.499023 0.285156 0.029297 0.027344
0 0.529297 0.349609 0.015625 0.015625
0 0.519531 0.451172 0.027344 0.035156
0 0.499023 0.595703 0.013672 0.011719
0 0.524414 0.401367 0.029297 0.029297
0 0.497070 0.554688 0.013672 0.011719
0 0.443359 0.559570 0.015625 0.025391
0 0.526367 0.164062 0.009766 0.015625
0 0.486328 0.234375 0.039062 0.039062
0 0.613281 0.483398 0.007812 0.017578
0 0.595703 0.446289 0.019531 0.017578
0 0.786133 0.205078 0.009766 0.019531
0 0.786133 0.226562 0.013672 0.007812
0 0.302734 0.554688 0.015625 0.007812
0 0.294922 0.516602 0.011719 0.009766
0 0.624023 0.626953 0.041016 0.031250
0 0.355469 0.564453 0.027344 0.035156
0 0.753906 0.182617 0.039062 0.025391
0 0.750000 0.215820 0.019531 0.025391
