0 0.778132 0.765449 0.027601 0.019663
0 0.809979 0.752809 0.014862 0.011236
0 0.414013 0.689607 0.025478 0.019663
0 0.457537 0.683989 0.019108 0.030899
0 0.611465 0.672753 0.008493 0.014045
0 0.565817 0.689607 0.014862 0.025281
0 0.543524 0.762640 0.021231 0.025281
0 0.813163 0.682584 0.016985 0.028090
0 0.762208 0.692416 0.012739 0.014045
0 0.813163 0.800562 0.012739 0.028090
0 0.746285 0.797753 0.014862 0.022472
0 0.455414 0.796348 0.019108 0.025281
0 0.405520 0.797753 0.012739 0.011236
0 0.829087 0.716292 0.023355 0.011236
0 0.763270 0.721910 0.014862 0.022472
0 0.576433 0.790730 0.019108 0.014045
0 0.449045 0.719101 0.023355 0.016854
0 0.402335 0.727528 0.010616 0.016854
0 0.704883 0.709270 0.008493 0.014045
0 0.658174 0.721910 0.025478 0.039326
0 0.610403 0.721910 0.010616 0.033708
0 0.670913 0.676966 0.012739 0.011236
0 0.702760 0.678371 0.029724 0.025281
0 0.658174 0.808989 0.008493 0.016854
0 0.474522 0.761236 0.010616 0.011236
0 0.441614 0.751404 0.008493 0.019663
0 0.707006 0.757022 0.008493 0.014045
