0 0.717187 0.728906 0.009375 0.017188
0 0.697656 0.735938 0.007812 0.018750
0 0.483594 0.620313 0.035937 0.018750
0 0.443750 0.610156 0.031250 0.032813
0 0.197656 0.338281 0.017188 0.014063
0 0.199219 0.282813 0.023438 0.021875
0 0.840625 0.660937 0.021875 0.025000
0 0.252344 0.071875 0.042188 0.046875
0 0.248438 0.119531 0.025000 0.026562
0 0.675781 0.595313 0.035937 0.034375
0 0.721875 0.635156 0.015625 0.010937
0 0.287500 0.198437 0.021875 0.025000
0 0.510156 0.068750 0.035937 0.040625
0 0.328125 0.171094 0.015625 0.029687
0 0.252344 0.414844 0.032813 0.017188
0 0.244531 0.496875 0.023438 0.021875
0 0.428906 0.050781 0.026562 0.017188
0 0.445312 0.073438 0.009375 0.009375
0 0.349219 0.032031 0.032813 0.020313
0 0.421875 0.148438 0.028125 0.031250
0 0.451562 0.134375 0.018750 0.018750
0 0.663281 0.684375 0.048438 0.053125
0 0.702344 0.660937 0.014063 0.015625
0 0.698438 0.377344 0.034375 0.039062
0 0.671875 0.428125 0.021875 0.021875
0 0.198437 0.063281 0.015625 0.032813
0 0.214844 0.123438 0.017188 0.015625
0 0.480469 0.304688 0.014063 0.025000
0 0.508594 0.346094 0.026562 0.032813
0 0.296875 0.429688 0.025000 0.028125
0 0.300000 0.490625 0.012500 0.015625
0 0.357031 0.420312 0.010937 0.012500
