0 0.537109 0.421875 0.023438 0.062500
0 0.579102 0.790039 0.017578 0.025391
0 0.393555 0.728516 0.013672 0.011719
0 0.429688 0.758789 0.015625 0.013672
0 0.714844 0.759766 0.035156 0.019531
0 0.667969 0.809570 0.015625 0.013672
0 0.707031 0.821289 0.023438 0.017578
0 0.704102 0.732422 0.017578 0.019531
0 0.730469 0.727539 0.019531 0.025391
0 0.501953 0.756836 0.027344 0.025391
0 0.530273 0.765625 0.013672 0.015625
0 0.582031 0.734375 0.019531 0.019531
0 0.630859 0.729492 0.015625 0.029297
0 0.389648 0.822266 0.017578 0.019531
0 0.465820 0.728516 0.021484 0.027344
0 0.536133 0.731445 0.017578 0.017578
0 0.443359 0.788086 0.019531 0.025391
0 0.619141 0.819336 0.039062 0.025391
0 0.563477 0.820312 0.017578 0.019531
0 0.515625 0.818359 0.023438 0.027344
0 0.668945 0.786133 0.013672 0.009766
0 0.537109 0.789062 0.015625 0.015625
0 0.468750 0.791016 0.015625 0.019531
0 0.603516 0.762695 0.011719 0.017578
