0 0.166992 0.961914 0.041016 0.029297
0 0.162109 0.909180 0.023438 0.021484
0 0.433594 0.835938 0.042969 0.027344
0 0.887695 0.531250 0.009766 0.011719
0 0.951172 0.483398 0.011719 0.013672
0 0.456055 0.971680 0.013672 0.017578
0 0.425781 0.980469 0.023438 0.015625
0 0.610352 0.655273 0.044922 0.037109
0 0.555664 0.691406 0.037109 0.031250
0 0.728516 0.744141 0.039062 0.035156
0 0.684570 0.761719 0.029297 0.019531
0 0.768555 0.549805 0.017578 0.017578
0 0.795898 0.527344 0.021484 0.011719
0 0.550781 0.581055 0.035156 0.033203
0 0.618164 0.606445 0.021484 0.017578
0 0.250000 0.967773 0.042969 0.041016
0 0.723633 0.482422 0.021484 0.019531
0 0.781250 0.729492 0.035156 0.025391
0 0.831055 0.733398 0.029297 0.029297
0 0.375000 0.907227 0.015625 0.017578
0 0.855469 0.684570 0.027344 0.013672
0 0.205078 0.875977 0.015625 0.025391
0 0.138672 0.873047 0.007812 0.015625
0 0.247070 0.814453 0.013672 0.015625
0 0.904297 0.765625 0.039062 0.027344
0 0.592773 0.760742 0.021484 0.009766
0 0.958984 0.675781 0.039062 0.023438
0 0.900391 0.692383 0.042969 0.041016
0 0.195312 0.836914 0.035156 0.025391
0 0.896484 0.590820 0.019531 0.021484
