0 0.243164 0.503906 0.013672 0.062500
0 0.267578 0.872070 0.011719 0.009766
0 0.273438 0.848633 0.027344 0.013672
0 0.791016 0.619141 0.011719 0.023438
0 0.234375 0.716797 0.019531 0.039062
0 0.791992 0.670898 0.033203 0.025391
0 0.825195 0.661133 0.017578 0.013672
0 0.235352 0.849609 0.021484 0.023438
0 0.338867 0.800781 0.013672 0.019531
0 0.732422 0.564453 0.019531 0.031250
0 0.771484 0.606445 0.011719 0.013672
0 0.827148 0.600586 0.017578 0.029297
0 0.727539 0.655273 0.044922 0.041016
0 0.238281 0.806641 0.023438 0.035156
0 0.683594 0.665039 0.011719 0.009766
0 0.690430 0.702148 0.009766 0.025391
0 0.301758 0.762695 0.029297 0.017578
0 0.856445 0.594727 0.013672 0.017578
0 0.680664 0.516602 0.021484 0.025391
0 0.897461 0.634766 0.033203 0.027344
0 0.966797 0.664062 0.011719 0.015625
0 0.333984 0.752930 0.019531 0.021484
0 0.340820 0.777344 0.017578 0.011719
0 0.973633 0.704102 0.017578 0.029297
0 0.679688 0.572266 0.039062 0.035156
0 0.731445 0.603516 0.029297 0.027344
0 0.983398 0.632812 0.013672 0.015625
0 0.928711 0.646484 0.013672 0.015625
0 0.299805 0.730469 0.021484 0.023438
0 0.777344 0.706055 0.023438 0.017578
0 0.266602 0.760742 0.013672 0.017578
