0 0.799219 0.061719 0.014063 0.017188
0 0.195312 0.760156 0.043750 0.042188
0 0.464844 0.548438 0.032813 0.018750
0 0.779687 0.567187 0.031250 0.040625
0 0.821094 0.555469 0.029687 0.026562
0 0.881250 0.055469 0.025000 0.026562
0 0.410156 0.870313 0.014063 0.006250
0 0.387500 0.800781 0.015625 0.010937
0 0.728906 0.557813 0.014063 0.015625
0 0.665625 0.389062 0.021875 0.031250
0 0.719531 0.373437 0.017188 0.021875
0 0.825000 0.089844 0.018750 0.029687
0 0.567969 0.351562 0.039062 0.034375
0 0.598437 0.394531 0.025000 0.026562
0 0.183594 0.647656 0.026562 0.017188
0 0.157031 0.833594 0.014063 0.023438
0 0.819531 0.121094 0.010937 0.014063
0 0.818750 0.142187 0.012500 0.009375
0 0.790625 0.120313 0.015625 0.015625
0 0.792188 0.146875 0.012500 0.009375
0 0.851562 0.049219 0.021875 0.023438
0 0.792969 0.168750 0.020313 0.015625
0 0.795312 0.188281 0.012500 0.010937
0 0.882031 0.172656 0.026562 0.035937
0 0.825781 0.165625 0.023438 0.025000
0 0.823438 0.187500 0.015625 0.006250
0 0.439844 0.934375 0.017188 0.012500
0 0.825781 0.042188 0.014063 0.012500
0 0.265625 0.623437 0.031250 0.018750
0 0.394531 0.651563 0.014063 0.031250
