0 0.497792 0.674550 0.019868 0.024775
0 0.505519 0.638514 0.008830 0.015766
0 0.603753 0.352477 0.041943 0.042793
0 0.516556 0.273649 0.035320 0.038288
0 0.502208 0.233108 0.019868 0.020270
0 0.525386 0.706081 0.026490 0.011261
0 0.737307 0.896396 0.013245 0.013514
0 0.719647 0.869369 0.030905 0.013514
0 0.513245 0.406532 0.033113 0.020270
0 0.548565 0.459459 0.015453 0.018018
0 0.671082 0.748874 0.039735 0.047297
0 0.725166 0.639640 0.019868 0.013514
0 0.666667 0.350225 0.026490 0.038288
0 0.645695 0.309685 0.028698 0.024775
0 0.774834 0.630631 0.008830 0.013514
0 0.660044 0.834459 0.017660 0.020270
0 0.826711 0.674550 0.037528 0.024775
0 0.837748 0.636261 0.015453 0.020270
0 0.812362 0.721847 0.022075 0.020270
0 0.463576 0.672297 0.026490 0.038288
0 0.713024 0.805180 0.022075 0.024775
0 0.452539 0.331081 0.026490 0.031532
0 0.495585 0.880631 0.024283 0.013514
0 0.462472 0.775901 0.028698 0.029279
0 0.466887 0.730856 0.019868 0.015766
0 0.421634 0.920045 0.013245 0.029279
0 0.439294 0.977477 0.013245 0.013514
0 0.429360 0.646396 0.024283 0.018018
0 0.584989 0.545045 0.017660 0.031532
0 0.567329 0.504505 0.013245 0.018018
