0 0.381818 0.136364 0.018182 0.018182
0 0.684848 0.360606 0.018182 0.012121
0 0.740909 0.354545 0.039394 0.018182
0 0.696970 0.046970 0.018182 0.027273
0 0.695455 0.818182 0.033333 0.030303
0 0.586364 0.045455 0.027273 0.030303
0 0.524242 0.040909 0.018182 0.021212
0 0.754545 0.489394 0.042424 0.033333
0 0.659091 0.901515 0.027273 0.033333
0 0.543939 0.481818 0.045455 0.048485
0 0.257576 0.290909 0.018182 0.024242
0 0.203030 0.309091 0.018182 0.012121
0 0.490909 0.128788 0.018182 0.015152
0 0.422727 0.134848 0.027273 0.027273
0 0.063636 0.498485 0.012121 0.015152
0 0.019697 0.522727 0.027273 0.021212
0 0.665152 0.137879 0.033333 0.027273
0 0.724242 0.136364 0.018182 0.018182
0 0.607576 0.290909 0.033333 0.024242
0 0.690909 0.898485 0.012121 0.009091
0 0.700000 0.871212 0.018182 0.015152
0 0.612121 0.690909 0.012121 0.018182
0 0.115152 0.287879 0.030303 0.030303
0 0.622727 0.836364 0.027273 0.018182
0 0.630303 0.803030 0.012121 0.018182
0 0.216667 0.513636 0.033333 0.027273
0 0.269697 0.522727 0.018182 0.015152
0 0.587879 0.372727 0.018182 0.036364
0 0.583333 0.107576 0.027273 0.027273
0 0.027273 0.406061 0.018182 0.018182
