0 0.333065 0.518519 0.017742 0.034188
0 0.715323 0.566952 0.017742 0.028490
0 0.491935 0.284900 0.022581 0.034188
0 0.515323 0.294872 0.011290 0.019943
0 0.224194 0.243590 0.009677 0.014245
0 0.429839 0.252137 0.011290 0.014245
0 0.459677 0.245014 0.009677 0.022792
0 0.253226 0.317664 0.006452 0.014245
0 0.828226 0.529915 0.027419 0.045584
0 0.860484 0.537037 0.008065 0.019943
0 0.731452 0.401709 0.020968 0.039886
0 0.725000 0.455840 0.008065 0.017094
0 0.557258 0.240741 0.017742 0.037037
0 0.546774 0.289174 0.016129 0.019943
0 0.855645 0.427350 0.008065 0.034188
0 0.820968 0.428775 0.009677 0.019943
0 0.664516 0.461538 0.012903 0.011396
0 0.154032 0.307692 0.020968 0.034188
0 0.734677 0.649573 0.008065 0.017094
0 0.272581 0.274929 0.009677 0.014245
0 0.187903 0.256410 0.014516 0.017094
0 0.393548 0.273504 0.016129 0.034188
0 0.433871 0.220798 0.016129 0.014245
0 0.271774 0.250712 0.008065 0.011396
0 0.272581 0.225071 0.009677 0.011396
0 0.500000 0.202279 0.012903 0.022792
0 0.523387 0.202279 0.011290 0.017094
0 0.634677 0.595442 0.014516 0.028490
0 0.800806 0.769231 0.008065 0.011396
0 0.437903 0.323362 0.014516 0.025641
