0 0.292187 0.487500 0.028125 0.050000
0 0.121094 0.710417 0.012500 0.012500
0 0.115625 0.588889 0.025000 0.041667
0 0.272266 0.821528 0.011719 0.026389
0 0.286719 0.800000 0.010937 0.022222
0 0.178906 0.615278 0.017188 0.030556
0 0.194531 0.628472 0.007812 0.023611
0 0.235547 0.822917 0.014844 0.037500
0 0.222656 0.497222 0.017188 0.027778
0 0.305078 0.690278 0.022656 0.047222
0 0.272656 0.695833 0.015625 0.036111
0 0.295312 0.621528 0.010937 0.018056
0 0.275391 0.595833 0.013281 0.027778
0 0.123828 0.812500 0.011719 0.013889
0 0.123828 0.842361 0.016406 0.020833
0 0.146094 0.531250 0.010937 0.020833
0 0.199219 0.508333 0.010937 0.019444
0 0.178516 0.541667 0.007031 0.013889
0 0.172266 0.734028 0.008594 0.006944
0 0.186719 0.700694 0.021875 0.029167
0 0.217578 0.683333 0.007031 0.013889
0 0.178906 0.788194 0.006250 0.012500
0 0.213672 0.620139 0.008594 0.015278
0 0.251172 0.590278 0.016406 0.036111
