0 0.707422 0.707589 0.021094 0.046131
0 0.617578 0.582589 0.017969 0.037202
0 0.615625 0.616071 0.006250 0.008929
0 0.290625 0.324405 0.012500 0.032738
0 0.237109 0.501488 0.008594 0.023810
0 0.575781 0.386161 0.006250 0.019345
0 0.839453 0.491815 0.003906 0.013393
0 0.287109 0.558036 0.013281 0.029762
0 0.333594 0.494792 0.020313 0.019345
0 0.390234 0.468006 0.007031 0.007440
0 0.455859 0.529762 0.007031 0.008929
0 0.410938 0.544643 0.010937 0.023810
0 0.489453 0.582589 0.008594 0.010417
0 0.426953 0.626488 0.007031 0.011905
0 0.684766 0.495536 0.014844 0.029762
0 0.694141 0.541667 0.022656 0.032738
0 0.422656 0.373512 0.006250 0.008929
0 0.437109 0.382440 0.014844 0.020833
0 0.208984 0.424107 0.011719 0.026786
0 0.638281 0.409970 0.015625 0.022321
0 0.622656 0.464286 0.006250 0.014881
0 0.539844 0.347470 0.017188 0.040179
0 0.517578 0.370536 0.017969 0.035714
0 0.691016 0.446429 0.008594 0.014881
0 0.701172 0.510417 0.010156 0.014881
0 0.821484 0.606399 0.021094 0.040179
0 0.860938 0.609375 0.012500 0.031250
0 0.225391 0.330357 0.021094 0.044643
0 0.853516 0.733631 0.007031 0.011905
0 0.879297 0.745536 0.013281 0.023810
