0 0.563477 0.786133 0.013672 0.017578
0 0.608398 0.794922 0.013672 0.015625
0 0.430664 0.761719 0.017578 0.007812
0 0.068359 0.517578 0.019531 0.007812
0 0.060547 0.560547 0.023438 0.023438
0 0.874023 0.827148 0.013672 0.017578
0 0.676758 0.766602 0.017578 0.017578
0 0.704102 0.761719 0.013672 0.007812
0 0.247070 0.562500 0.033203 0.039062
0 0.563477 0.848633 0.025391 0.013672
0 0.562500 0.879883 0.027344 0.025391
0 0.094727 0.326172 0.037109 0.039062
0 0.069336 0.359375 0.013672 0.011719
0 0.050781 0.472656 0.019531 0.011719
0 0.445312 0.877930 0.019531 0.021484
0 0.627930 0.762695 0.013672 0.021484
0 0.581055 0.821289 0.017578 0.017578
0 0.642578 0.825195 0.019531 0.021484
0 0.174805 0.475586 0.048828 0.048828
0 0.605469 0.849609 0.023438 0.023438
0 0.760742 0.850586 0.017578 0.017578
0 0.695312 0.843750 0.015625 0.015625
0 0.285156 0.450195 0.027344 0.021484
0 0.513672 0.826172 0.019531 0.019531
0 0.465820 0.821289 0.009766 0.017578
0 0.474609 0.938477 0.019531 0.037109
0 0.758789 0.789062 0.021484 0.019531
0 0.715820 0.794922 0.021484 0.023438
0 0.436523 0.913086 0.033203 0.025391
0 0.430664 0.946289 0.013672 0.009766
