0 0.684570 0.336914 0.033203 0.025391
0 0.696289 0.587891 0.017578 0.019531
0 0.625000 0.762695 0.007812 0.013672
0 0.693359 0.772461 0.039062 0.037109
0 0.741211 0.756836 0.037109 0.044922
0 0.737305 0.806641 0.029297 0.019531
0 0.430664 0.779297 0.021484 0.011719
0 0.396484 0.770508 0.023438 0.033203
0 0.572266 0.366211 0.023438 0.025391
0 0.530273 0.364258 0.017578 0.021484
0 0.821289 0.742188 0.013672 0.015625
0 0.797852 0.732422 0.013672 0.011719
0 0.688477 0.740234 0.025391 0.011719
0 0.499023 0.406250 0.037109 0.031250
0 0.459961 0.400391 0.009766 0.019531
0 0.832031 0.685547 0.019531 0.035156
0 0.825195 0.637695 0.025391 0.033203
0 0.636719 0.444336 0.023438 0.009766
0 0.776367 0.896484 0.013672 0.007812
0 0.820312 0.786133 0.039062 0.041016
0 0.580078 0.327148 0.011719 0.013672
0 0.568359 0.742188 0.015625 0.015625
0 0.510742 0.808594 0.013672 0.019531
0 0.483398 0.363281 0.013672 0.023438
0 0.424805 0.848633 0.029297 0.029297
0 0.669922 0.375000 0.023438 0.023438
0 0.704102 0.369141 0.013672 0.015625
0 0.746094 0.588867 0.019531 0.017578
0 0.693359 0.849609 0.031250 0.023438
0 0.724609 0.849609 0.011719 0.015625
