0 0.301563 0.614062 0.031250 0.034375
0 0.283594 0.648438 0.010937 0.012500
0 0.234375 0.943750 0.021875 0.012500
0 0.272656 0.919531 0.014063 0.023438
0 0.867969 0.405469 0.020313 0.020313
0 0.824219 0.560937 0.014063 0.012500
0 0.789062 0.573438 0.018750 0.018750
0 0.867969 0.486719 0.029687 0.023438
0 0.912500 0.622656 0.040625 0.039062
0 0.914844 0.654687 0.007812 0.012500
0 0.792188 0.615625 0.025000 0.037500
0 0.821094 0.656250 0.020313 0.015625
0 0.382031 0.518750 0.017188 0.018750
0 0.375000 0.446875 0.018750 0.021875
0 0.426563 0.817969 0.012500 0.014063
0 0.323437 0.766406 0.012500 0.020313
0 0.351562 0.767969 0.031250 0.032813
0 0.426563 0.771875 0.050000 0.050000
0 0.751563 0.432812 0.021875 0.025000
0 0.760938 0.477344 0.040625 0.026562
0 0.503125 0.762500 0.012500 0.021875
0 0.525000 0.781250 0.015625 0.018750
0 0.758594 0.620313 0.026562 0.028125
0 0.750000 0.658594 0.009375 0.020313
0 0.425781 0.921875 0.014063 0.018750
0 0.378125 0.938281 0.015625 0.017188
0 0.380469 0.812500 0.014063 0.025000
0 0.403906 0.825781 0.017188 0.020313
0 0.483594 0.831250 0.023438 0.025000
0 0.243750 0.869531 0.021875 0.010937
