0 0.390625 0.605469 0.015625 0.014063
0 0.297656 0.607812 0.014063 0.012500
0 0.318750 0.553125 0.018750 0.012500
0 0.385937 0.584375 0.012500 0.006250
0 0.294531 0.587500 0.017188 0.009375
0 0.325000 0.592969 0.018750 0.010937
0 0.296094 0.553906 0.014063 0.010937
0 0.350000 0.571094 0.018750 0.014063
0 0.362500 0.608594 0.012500 0.014063
0 0.321875 0.571875 0.021875 0.009375
0 0.346875 0.553125 0.012500 0.009375
0 0.381250 0.570312 0.012500 0.009375
0 0.318750 0.610156 0.015625 0.010937
0 0.384375 0.553125 0.015625 0.006250
