0 0.072266 0.776367 0.019531 0.021484
0 0.666992 0.469727 0.017578 0.017578
0 0.289062 0.457031 0.023438 0.023438
0 0.335938 0.474609 0.031250 0.042969
0 0.072266 0.664062 0.023438 0.023438
0 0.590820 0.760742 0.013672 0.013672
0 0.322266 0.578125 0.042969 0.046875
0 0.281250 0.587891 0.019531 0.015625
0 0.634766 0.403320 0.011719 0.009766
0 0.393555 0.462891 0.041016 0.023438
0 0.443359 0.482422 0.019531 0.019531
0 0.587891 0.567383 0.027344 0.033203
0 0.576172 0.428711 0.007812 0.017578
0 0.242188 0.428711 0.027344 0.033203
0 0.205078 0.410156 0.011719 0.023438
0 0.124023 0.423828 0.021484 0.031250
0 0.090820 0.430664 0.029297 0.025391
0 0.112305 0.709961 0.021484 0.025391
0 0.074219 0.700195 0.035156 0.033203
0 0.078125 0.727539 0.015625 0.005859
0 0.553711 0.779297 0.017578 0.007812
0 0.497070 0.658203 0.013672 0.019531
0 0.476562 0.663086 0.011719 0.013672
0 0.201172 0.571289 0.023438 0.029297
0 0.233398 0.564453 0.025391 0.015625
0 0.625000 0.352539 0.019531 0.017578
0 0.648438 0.339844 0.011719 0.015625
0 0.761719 0.577148 0.039062 0.029297
0 0.749023 0.505859 0.025391 0.031250
0 0.696289 0.235352 0.044922 0.044922
