0 0.632812 0.653125 0.043750 0.021875
0 0.617969 0.599219 0.042188 0.048438
0 0.711719 0.645312 0.042188 0.040625
0 0.714844 0.567187 0.014063 0.012500
0 0.819531 0.800000 0.014063 0.012500
0 0.803906 0.874219 0.035937 0.032813
0 0.613281 0.478906 0.026562 0.029687
0 0.661719 0.464844 0.020313 0.026562
0 0.781250 0.768750 0.021875 0.015625
0 0.727344 0.526563 0.042188 0.034375
0 0.847656 0.451562 0.014063 0.015625
0 0.627344 0.735156 0.039062 0.039062
0 0.546094 0.825781 0.023438 0.010937
0 0.575000 0.657813 0.015625 0.018750
0 0.549219 0.748437 0.020313 0.012500
0 0.735938 0.737500 0.018750 0.012500
0 0.832031 0.571094 0.007812 0.017188
0 0.632812 0.817187 0.037500 0.034375
0 0.760938 0.902344 0.009375 0.014063
0 0.512500 0.466406 0.012500 0.010937
