0 0.759766 0.817383 0.039062 0.044922
0 0.717773 0.821289 0.013672 0.009766
0 0.713867 0.788086 0.021484 0.021484
0 0.481445 0.710938 0.021484 0.031250
0 0.440430 0.714844 0.021484 0.015625
0 0.246094 0.649414 0.023438 0.025391
0 0.291992 0.663086 0.017578 0.009766
0 0.817383 0.789062 0.013672 0.011719
0 0.711914 0.870117 0.025391 0.017578
0 0.715820 0.898438 0.009766 0.019531
0 0.428711 0.505859 0.017578 0.015625
0 0.462891 0.508789 0.023438 0.025391
0 0.818359 0.653320 0.011719 0.013672
0 0.862305 0.761719 0.013672 0.019531
0 0.855469 0.713867 0.019531 0.013672
0 0.839844 0.882812 0.027344 0.019531
0 0.720703 0.692383 0.031250 0.025391
0 0.704102 0.647461 0.021484 0.017578
0 0.861328 0.657227 0.011719 0.029297
0 0.482422 0.625977 0.035156 0.017578
0 0.435547 0.625000 0.015625 0.007812
0 0.752930 0.894531 0.009766 0.015625
0 0.757812 0.858398 0.007812 0.013672
0 0.172852 0.519531 0.021484 0.015625
0 0.802734 0.882812 0.031250 0.027344
0 0.814453 0.850586 0.019531 0.021484
0 0.338867 0.500977 0.037109 0.033203
0 0.256836 0.715820 0.033203 0.037109
0 0.213867 0.711914 0.013672 0.017578
0 0.318359 0.631836 0.015625 0.025391
