0 0.214844 0.341406 0.039062 0.039062
0 0.758594 0.778125 0.004687 0.012500
0 0.693750 0.817187 0.040625 0.037500
0 0.861719 0.539844 0.020313 0.014063
0 0.160938 0.429688 0.031250 0.028125
0 0.335156 0.255469 0.026562 0.017188
0 0.864844 0.378125 0.023438 0.025000
0 0.944531 0.377344 0.017188 0.029687
0 0.829688 0.780469 0.015625 0.017188
0 0.105469 0.421875 0.020313 0.021875
0 0.104688 0.392969 0.025000 0.020313
0 0.528906 0.376563 0.014063 0.009375
0 0.830469 0.464062 0.010937 0.025000
0 0.762500 0.464844 0.025000 0.026562
0 0.635156 0.730469 0.026562 0.042188
0 0.764062 0.718750 0.034375 0.025000
0 0.614844 0.884375 0.014063 0.031250
0 0.650781 0.878125 0.023438 0.025000
0 0.510938 0.406250 0.031250 0.028125
0 0.557813 0.410156 0.018750 0.023438
0 0.897656 0.581250 0.035937 0.028125
0 0.895312 0.611719 0.028125 0.017188
0 0.937500 0.703906 0.031250 0.032813
0 0.829688 0.501563 0.018750 0.025000
0 0.484375 0.633594 0.006250 0.014063
0 0.463281 0.635938 0.014063 0.015625
0 0.106250 0.657031 0.012500 0.010937
0 0.107813 0.677344 0.012500 0.017188
0 0.507031 0.438281 0.010937 0.014063
0 0.525000 0.439063 0.012500 0.025000
