0 0.113281 0.049805 0.019531 0.021484
0 0.073242 0.044922 0.033203 0.023438
0 0.744141 0.429688 0.007812 0.015625
0 0.783203 0.433594 0.015625 0.019531
0 0.676758 0.444336 0.021484 0.013672
0 0.299805 0.135742 0.029297 0.021484
0 0.231445 0.174805 0.025391 0.017578
0 0.157227 0.036133 0.013672 0.013672
0 0.652344 0.372070 0.031250 0.025391
0 0.695312 0.365234 0.015625 0.011719
0 0.659180 0.404297 0.009766 0.015625
0 0.687500 0.411133 0.015625 0.017578
0 0.480469 0.351562 0.015625 0.015625
0 0.530273 0.349609 0.013672 0.011719
0 0.506836 0.375000 0.025391 0.015625
0 0.475586 0.385742 0.013672 0.009766
0 0.589844 0.383789 0.011719 0.009766
0 0.555664 0.375000 0.013672 0.031250
0 0.620117 0.438477 0.025391 0.013672
0 0.577148 0.435547 0.029297 0.031250
0 0.618164 0.340820 0.021484 0.021484
0 0.585938 0.339844 0.015625 0.015625
0 0.226562 0.101562 0.007812 0.015625
0 0.245117 0.100586 0.013672 0.013672
0 0.490234 0.413086 0.011719 0.009766
0 0.124023 0.616211 0.029297 0.013672
0 0.300781 0.046875 0.039062 0.035156
0 0.765625 0.343750 0.027344 0.027344
0 0.115234 0.702148 0.011719 0.009766
0 0.122070 0.729492 0.017578 0.017578
