0 0.508824 0.552036 0.029412 0.018100
0 0.508824 0.472851 0.011765 0.022624
0 0.592647 0.640271 0.020588 0.022624
0 0.620588 0.622172 0.011765 0.022624
0 0.652941 0.744344 0.017647 0.031674
0 0.700000 0.728507 0.017647 0.018100
0 0.720588 0.432127 0.017647 0.022624
0 0.577941 0.414027 0.014706 0.040724
0 0.776471 0.538462 0.011765 0.027149
0 0.576471 0.803167 0.017647 0.031674
0 0.617647 0.787330 0.011765 0.018100
0 0.605882 0.531674 0.011765 0.022624
0 0.550000 0.459276 0.011765 0.022624
0 0.573529 0.497738 0.011765 0.018100
0 0.597059 0.484163 0.011765 0.018100
0 0.770588 0.434389 0.011765 0.027149
0 0.800000 0.429864 0.011765 0.027149
0 0.808824 0.500000 0.023529 0.031674
0 0.511765 0.610860 0.011765 0.018100
0 0.761765 0.633484 0.017647 0.045249
0 0.720588 0.633484 0.023529 0.027149
0 0.435294 0.540724 0.011765 0.013575
0 0.769118 0.746606 0.026471 0.036199
0 0.447059 0.432127 0.011765 0.022624
0 0.505882 0.427602 0.011765 0.013575
0 0.736765 0.690045 0.026471 0.031674
0 0.767647 0.701357 0.011765 0.018100
0 0.642647 0.687783 0.020588 0.018100
0 0.655882 0.497738 0.023529 0.018100
0 0.560294 0.723982 0.026471 0.027149
