0 0.674383 0.741021 0.015432 0.030246
0 0.076389 0.620983 0.026235 0.032136
0 0.084105 0.586011 0.013889 0.015123
0 0.402006 0.689036 0.023148 0.013233
0 0.359568 0.693762 0.037037 0.049149
0 0.175926 0.595463 0.027778 0.015123
0 0.055556 0.438563 0.021605 0.030246
0 0.334105 0.730624 0.010802 0.009452
0 0.418981 0.735350 0.023148 0.030246
0 0.332562 0.593573 0.026235 0.030246
0 0.387346 0.579395 0.021605 0.028355
0 0.135802 0.510397 0.009259 0.011342
0 0.181327 0.558601 0.016975 0.017013
0 0.054012 0.324197 0.021605 0.020794
0 0.101852 0.336484 0.027778 0.022684
0 0.664352 0.639887 0.020062 0.013233
0 0.139660 0.415879 0.016975 0.018904
0 0.270833 0.595463 0.026235 0.030246
0 0.208333 0.576560 0.018519 0.030246
0 0.168210 0.328922 0.037037 0.045369
0 0.122685 0.379017 0.007716 0.017013
0 0.254630 0.362949 0.018519 0.022684
0 0.222222 0.311909 0.021605 0.022684
0 0.489969 0.702268 0.023148 0.024575
0 0.530093 0.682420 0.020062 0.018904
0 0.499228 0.568053 0.032407 0.024575
0 0.537037 0.577505 0.012346 0.024575
0 0.267747 0.761815 0.010802 0.011342
0 0.084877 0.508507 0.012346 0.015123
0 0.244599 0.524575 0.013889 0.017013
