0 0.548828 0.668945 0.023438 0.021484
0 0.353516 0.491211 0.035156 0.037109
0 0.479492 0.608398 0.041016 0.021484
0 0.401367 0.701172 0.017578 0.007812
0 0.543945 0.613281 0.009766 0.019531
0 0.590820 0.613281 0.013672 0.015625
0 0.576172 0.502930 0.023438 0.017578
0 0.409180 0.575195 0.017578 0.009766
0 0.377930 0.568359 0.021484 0.035156
0 0.342773 0.542969 0.021484 0.015625
0 0.351562 0.618164 0.015625 0.017578
0 0.359375 0.644531 0.015625 0.015625
0 0.422852 0.498047 0.041016 0.039062
0 0.491211 0.677734 0.048828 0.042969
0 0.362305 0.694336 0.037109 0.037109
0 0.410156 0.610352 0.011719 0.009766
0 0.491211 0.486328 0.037109 0.027344
0 0.515625 0.517578 0.023438 0.019531
0 0.581055 0.553711 0.029297 0.025391
0 0.498047 0.580078 0.007812 0.015625
