0 0.730469 0.582031 0.019531 0.011719
0 0.840820 0.652344 0.041016 0.035156
0 0.803711 0.514648 0.033203 0.017578
0 0.812500 0.489258 0.015625 0.017578
0 0.174805 0.794922 0.013672 0.011719
0 0.159180 0.839844 0.021484 0.019531
0 0.630859 0.680664 0.015625 0.013672
0 0.822266 0.840820 0.007812 0.013672
0 0.804688 0.811523 0.011719 0.009766
0 0.839844 0.706055 0.042969 0.048828
0 0.031250 0.609375 0.015625 0.007812
0 0.063477 0.605469 0.013672 0.007812
0 0.720703 0.762695 0.027344 0.041016
0 0.787109 0.747070 0.011719 0.013672
0 0.121094 0.719727 0.015625 0.013672
0 0.128906 0.677734 0.015625 0.011719
0 0.931641 0.724609 0.023438 0.023438
0 0.107422 0.942383 0.039062 0.041016
0 0.176758 0.544922 0.056641 0.054688
0 0.177734 0.601562 0.015625 0.015625
0 0.593750 0.507812 0.015625 0.023438
0 0.625000 0.508789 0.019531 0.025391
0 0.199219 0.674805 0.031250 0.037109
0 0.213867 0.717773 0.013672 0.021484
0 0.095703 0.575195 0.015625 0.021484
0 0.832031 0.779297 0.035156 0.031250
0 0.271484 0.890625 0.023438 0.023438
0 0.254883 0.933594 0.021484 0.027344
0 0.744141 0.640625 0.035156 0.023438
0 0.962891 0.834961 0.015625 0.017578
