0 0.704102 0.980469 0.044922 0.039062
0 0.960938 0.065430 0.046875 0.123047
0 0.423828 0.688477 0.007812 0.013672
0 0.387695 0.681641 0.033203 0.042969
0 0.179688 0.607422 0.019531 0.023438
0 0.327148 0.551758 0.029297 0.025391
0 0.344727 0.502930 0.017578 0.013672
0 0.186523 0.690430 0.025391 0.025391
0 0.158203 0.534180 0.035156 0.037109
0 0.251953 0.423828 0.027344 0.031250
0 0.370117 0.434570 0.017578 0.017578
0 0.250000 0.582031 0.015625 0.019531
0 0.215820 0.608398 0.021484 0.033203
0 0.307617 0.425781 0.029297 0.027344
0 0.239258 0.688477 0.017578 0.041016
0 0.309570 0.614258 0.021484 0.017578
0 0.353516 0.626953 0.011719 0.019531
0 0.230469 0.540039 0.019531 0.033203
0 0.249023 0.502930 0.017578 0.013672
0 0.375977 0.549805 0.021484 0.017578
0 0.325195 0.657227 0.009766 0.013672
0 0.324219 0.687500 0.031250 0.019531
0 0.163086 0.426758 0.021484 0.009766
0 0.380859 0.625977 0.011719 0.009766
