0 0.443598 0.633710 0.018293 0.028249
0 0.379573 0.638418 0.027439 0.015066
0 0.240091 0.215631 0.007622 0.013183
0 0.259909 0.203390 0.010671 0.015066
0 0.078506 0.440678 0.019817 0.018832
0 0.484756 0.169492 0.015244 0.018832
0 0.499238 0.197740 0.013720 0.015066
0 0.339177 0.734463 0.022866 0.018832
0 0.772104 0.134652 0.013720 0.013183
0 0.048018 0.551789 0.019817 0.007533
0 0.711128 0.116761 0.028963 0.037665
0 0.110518 0.357815 0.028963 0.037665
0 0.868902 0.241055 0.009146 0.011299
0 0.201982 0.179849 0.013720 0.028249
0 0.089177 0.401130 0.013720 0.011299
0 0.077744 0.359699 0.021341 0.026365
0 0.535823 0.220339 0.019817 0.026365
0 0.106707 0.617702 0.009146 0.018832
0 0.608994 0.106403 0.022866 0.013183
0 0.508384 0.696798 0.007622 0.018832
0 0.512957 0.069680 0.022866 0.033898
0 0.442835 0.661959 0.007622 0.013183
0 0.051067 0.589454 0.025915 0.037665
0 0.241616 0.149718 0.010671 0.009416
0 0.820884 0.051789 0.022866 0.032015
0 0.144055 0.214689 0.010671 0.015066
0 0.573171 0.735405 0.021341 0.024482
0 0.612805 0.726930 0.033537 0.018832
0 0.051067 0.394539 0.013720 0.009416
0 0.253811 0.241996 0.016768 0.016949
