0 0.283203 0.125977 0.039062 0.041016
0 0.768555 0.352539 0.029297 0.025391
0 0.453125 0.178711 0.015625 0.017578
0 0.456055 0.212891 0.013672 0.031250
0 0.727539 0.393555 0.013672 0.009766
0 0.702148 0.395508 0.017578 0.009766
0 0.389648 0.311523 0.025391 0.037109
0 0.864258 0.353516 0.029297 0.023438
0 0.530273 0.581055 0.029297 0.025391
0 0.219727 0.405273 0.037109 0.041016
0 0.264648 0.413086 0.021484 0.013672
0 0.469727 0.069336 0.029297 0.044922
0 0.439453 0.588867 0.035156 0.029297
0 0.472656 0.666016 0.019531 0.011719
0 0.850586 0.390625 0.029297 0.015625
0 0.822266 0.394531 0.007812 0.015625
0 0.733398 0.425781 0.017578 0.019531
0 0.700195 0.426758 0.017578 0.033203
0 0.288086 0.282227 0.029297 0.033203
0 0.291992 0.236328 0.017578 0.019531
0 0.305664 0.532227 0.033203 0.033203
0 0.772461 0.312500 0.017578 0.015625
0 0.804688 0.327148 0.023438 0.025391
0 0.314453 0.752930 0.023438 0.025391
0 0.376953 0.769531 0.019531 0.019531
0 0.325195 0.628906 0.029297 0.042969
0 0.292969 0.375000 0.019531 0.007812
0 0.849609 0.428711 0.039062 0.017578
0 0.333984 0.370117 0.031250 0.029297
0 0.929688 0.361328 0.027344 0.027344
