0 0.656250 0.738281 0.019531 0.019531
0 0.693359 0.743164 0.019531 0.021484
0 0.583984 0.200195 0.007812 0.021484
0 0.441406 0.897461 0.027344 0.013672
0 0.385742 0.883789 0.021484 0.021484
0 0.695312 0.498047 0.046875 0.042969
0 0.429688 0.776367 0.015625 0.013672
0 0.467773 0.754883 0.025391 0.029297
0 0.790039 0.950195 0.037109 0.041016
0 0.691406 0.933594 0.031250 0.023438
0 0.649414 0.942383 0.013672 0.021484
0 0.566406 0.498047 0.019531 0.023438
0 0.599609 0.452148 0.015625 0.009766
0 0.660156 0.864258 0.015625 0.017578
0 0.504883 0.466797 0.025391 0.027344
0 0.532227 0.353516 0.029297 0.031250
0 0.482422 0.335938 0.023438 0.027344
0 0.756836 0.451172 0.021484 0.023438
0 0.389648 0.824219 0.025391 0.023438
0 0.453125 0.802734 0.015625 0.011719
0 0.812500 0.065430 0.007812 0.013672
0 0.791992 0.142578 0.025391 0.027344
0 0.748047 0.755859 0.027344 0.019531
0 0.805664 0.762695 0.041016 0.025391
0 0.553711 0.819336 0.037109 0.037109
0 0.512695 0.822266 0.025391 0.023438
0 0.400391 0.960938 0.039062 0.039062
0 0.447266 0.962891 0.039062 0.039062
0 0.525391 0.149414 0.011719 0.017578
0 0.477539 0.083984 0.029297 0.027344
