0 0.242188 0.770508 0.023438 0.017578
0 0.250977 0.808594 0.029297 0.039062
0 0.134766 0.806641 0.031250 0.035156
0 0.248047 0.642578 0.019531 0.007812
0 0.205078 0.716797 0.031250 0.023438
0 0.208008 0.665039 0.029297 0.029297
0 0.167969 0.657227 0.011719 0.005859
0 0.184570 0.744141 0.013672 0.011719
0 0.125977 0.662109 0.041016 0.035156
0 0.316406 0.776367 0.023438 0.017578
0 0.291016 0.747070 0.011719 0.009766
0 0.208984 0.767578 0.015625 0.015625
0 0.154297 0.751953 0.015625 0.011719
0 0.360352 0.752930 0.029297 0.033203
0 0.594727 0.792969 0.013672 0.023438
0 0.179688 0.796875 0.031250 0.027344
0 0.308594 0.851562 0.011719 0.015625
0 0.324219 0.824219 0.019531 0.011719
0 0.532227 0.839844 0.037109 0.039062
0 0.589844 0.714844 0.027344 0.023438
0 0.558594 0.716797 0.007812 0.015625
0 0.295898 0.812500 0.013672 0.023438
0 0.359375 0.791992 0.011719 0.013672
0 0.451172 0.785156 0.015625 0.015625
0 0.245117 0.716797 0.025391 0.023438
0 0.149414 0.711914 0.025391 0.029297
0 0.484375 0.708984 0.035156 0.019531
0 0.179688 0.834961 0.031250 0.029297
0 0.214844 0.833008 0.007812 0.013672
0 0.299805 0.657227 0.017578 0.013672
