0 0.427734 0.732422 0.015625 0.015625
0 0.674805 0.446289 0.029297 0.033203
0 0.716797 0.431641 0.011719 0.015625
0 0.542969 0.382812 0.011719 0.015625
0 0.762695 0.531250 0.033203 0.027344
0 0.443359 0.589844 0.027344 0.035156
0 0.731445 0.623047 0.013672 0.015625
0 0.672852 0.590820 0.029297 0.025391
0 0.440430 0.455078 0.029297 0.035156
0 0.764648 0.475586 0.009766 0.029297
0 0.815430 0.461914 0.033203 0.025391
0 0.581055 0.577148 0.013672 0.017578
0 0.543945 0.546875 0.029297 0.027344
0 0.830078 0.709961 0.015625 0.037109
0 0.504883 0.367188 0.017578 0.023438
0 0.773438 0.332031 0.019531 0.019531
0 0.601562 0.729492 0.007812 0.013672
0 0.695312 0.733398 0.015625 0.013672
0 0.651367 0.648438 0.021484 0.023438
0 0.708008 0.363281 0.041016 0.031250
0 0.699219 0.322266 0.019531 0.019531
0 0.585938 0.496094 0.019531 0.007812
0 0.569336 0.438477 0.009766 0.021484
