0 0.464062 0.790278 0.015625 0.041667
0 0.324219 0.445833 0.023438 0.036111
0 0.345313 0.451389 0.006250 0.013889
0 0.304688 0.490278 0.009375 0.030556
0 0.280469 0.497222 0.020313 0.044444
0 0.501563 0.790278 0.009375 0.013889
0 0.636719 0.381944 0.010937 0.036111
0 0.660937 0.384722 0.015625 0.025000
0 0.167969 0.331944 0.014063 0.030556
0 0.217969 0.656944 0.023438 0.030556
0 0.785156 0.425000 0.017188 0.027778
0 0.657031 0.462500 0.023438 0.036111
0 0.667969 0.811111 0.017188 0.022222
0 0.643750 0.420833 0.018750 0.019444
0 0.289062 0.652778 0.009375 0.016667
0 0.550000 0.886111 0.012500 0.011111
0 0.236719 0.331944 0.020313 0.036111
0 0.581250 0.686111 0.015625 0.038889
0 0.462500 0.729167 0.006250 0.019444
0 0.439844 0.723611 0.020313 0.030556
0 0.707812 0.166667 0.015625 0.027778
0 0.653906 0.236111 0.010937 0.016667
0 0.550781 0.733333 0.007812 0.016667
0 0.355469 0.329167 0.014063 0.030556
0 0.520312 0.655556 0.015625 0.022222
0 0.593750 0.733333 0.012500 0.022222
0 0.756250 0.383333 0.009375 0.016667
0 0.374219 0.591667 0.023438 0.038889
0 0.569531 0.136111 0.010937 0.022222
0 0.693750 0.381944 0.009375 0.019444
