0 0.820261 0.635783 0.026144 0.025559
0 0.718954 0.552716 0.026144 0.025559
0 0.866013 0.573482 0.013072 0.015974
0 0.511438 0.714058 0.022876 0.035144
0 0.464052 0.704473 0.039216 0.035144
0 0.655229 0.584665 0.016340 0.031949
0 0.630719 0.621406 0.019608 0.015974
0 0.692810 0.592652 0.013072 0.015974
0 0.385621 0.715655 0.032680 0.038339
0 0.823529 0.599042 0.013072 0.015974
0 0.901961 0.608626 0.019608 0.022364
0 0.210784 0.531949 0.022876 0.015974
0 0.771242 0.605431 0.019608 0.015974
0 0.748366 0.659744 0.013072 0.009585
0 0.781046 0.669329 0.013072 0.015974
0 0.428105 0.474441 0.019608 0.015974
0 0.475490 0.635783 0.042484 0.044728
0 0.924837 0.662939 0.013072 0.015974
0 0.898693 0.669329 0.013072 0.015974
0 0.774510 0.570288 0.019608 0.009585
0 0.253268 0.471246 0.022876 0.015974
0 0.323529 0.445687 0.013072 0.015974
0 0.830065 0.570288 0.019608 0.015974
0 0.689542 0.656550 0.026144 0.009585
0 0.774510 0.635783 0.026144 0.012780
0 0.852941 0.603834 0.013072 0.019169
0 0.656863 0.651757 0.013072 0.019169
0 0.862745 0.643770 0.013072 0.015974
0 0.696078 0.621406 0.013072 0.015974
0 0.908497 0.571885 0.026144 0.019169
