0 0.643478 0.069565 0.017391 0.026087
0 0.578261 0.610870 0.017391 0.021739
0 0.539130 0.604348 0.026087 0.026087
0 0.300000 0.417391 0.017391 0.017391
0 0.891304 0.739130 0.043478 0.034783
0 0.815217 0.734783 0.021739 0.026087
0 0.947826 0.780435 0.026087 0.021739
0 0.969565 0.815217 0.017391 0.013043
0 0.465217 0.295652 0.026087 0.017391
0 0.523913 0.304348 0.039130 0.026087
0 0.758696 0.069565 0.030435 0.034783
0 0.736957 0.126087 0.030435 0.043478
0 0.806522 0.447826 0.021739 0.017391
0 0.878261 0.841304 0.017391 0.030435
0 0.913043 0.854348 0.017391 0.021739
0 0.639130 0.178261 0.034783 0.034783
0 0.654348 0.232609 0.021739 0.030435
0 0.491304 0.610870 0.017391 0.021739
0 0.786957 0.313043 0.026087 0.034783
0 0.491304 0.569565 0.017391 0.026087
0 0.334783 0.604348 0.034783 0.026087
0 0.643478 0.423913 0.017391 0.021739
0 0.765217 0.800000 0.026087 0.017391
0 0.717391 0.200000 0.026087 0.017391
0 0.526087 0.095652 0.034783 0.026087
0 0.595652 0.489130 0.043478 0.039130
0 0.386957 0.630435 0.017391 0.017391
0 0.443478 0.636957 0.017391 0.013043
0 0.834783 0.832609 0.017391 0.013043
0 0.417391 0.567391 0.017391 0.021739
