0 0.627930 0.890625 0.033203 0.039062
0 0.579102 0.873047 0.017578 0.019531
0 0.502930 0.247070 0.025391 0.033203
0 0.330078 0.549805 0.019531 0.017578
0 0.766602 0.336914 0.029297 0.029297
0 0.417969 0.425781 0.027344 0.027344
0 0.435547 0.374023 0.042969 0.044922
0 0.456055 0.569336 0.013672 0.013672
0 0.484375 0.523438 0.019531 0.015625
0 0.455078 0.232422 0.011719 0.011719
0 0.694336 0.342773 0.041016 0.037109
0 0.679688 0.303711 0.019531 0.013672
0 0.445312 0.651367 0.031250 0.044922
0 0.415039 0.601562 0.021484 0.023438
0 0.753906 0.264648 0.011719 0.013672
0 0.760742 0.236328 0.017578 0.019531
0 0.796875 0.178711 0.011719 0.013672
0 0.628906 0.256836 0.027344 0.017578
0 0.620117 0.231445 0.017578 0.013672
0 0.651367 0.785156 0.037109 0.039062
0 0.819336 0.349609 0.021484 0.019531
0 0.825195 0.301758 0.017578 0.017578
0 0.508789 0.333008 0.021484 0.017578
0 0.698242 0.197266 0.013672 0.015625
0 0.740234 0.399414 0.019531 0.013672
0 0.706055 0.525391 0.021484 0.019531
0 0.722656 0.572266 0.027344 0.015625
0 0.656250 0.644531 0.019531 0.011719
0 0.575195 0.625977 0.017578 0.025391
0 0.490234 0.754883 0.011719 0.017578
