0 0.670000 0.273810 0.013333 0.023810
0 0.340000 0.017857 0.020000 0.035714
0 0.583333 0.065476 0.013333 0.023810
0 0.610000 0.059524 0.013333 0.023810
0 0.860000 0.261905 0.013333 0.035714
0 0.785000 0.270833 0.016667 0.041667
0 0.871667 0.202381 0.023333 0.023810
0 0.928333 0.208333 0.016667 0.023810
0 0.186667 0.571429 0.013333 0.023810
0 0.570000 0.440476 0.013333 0.023810
0 0.616667 0.419643 0.020000 0.029762
0 0.833333 0.110119 0.013333 0.017857
0 0.733333 0.077381 0.013333 0.023810
0 0.650000 0.062500 0.013333 0.041667
0 0.523333 0.122024 0.020000 0.029762
0 0.573333 0.119048 0.013333 0.023810
0 0.463333 0.125000 0.013333 0.023810
0 0.490000 0.125000 0.013333 0.023810
0 0.383333 0.050595 0.013333 0.029762
0 0.421667 0.047619 0.016667 0.035714
0 0.523333 0.047619 0.013333 0.035714
0 0.556667 0.047619 0.013333 0.023810
0 0.310000 0.190476 0.013333 0.035714
0 0.353333 0.190476 0.020000 0.035714
0 0.756667 0.202381 0.013333 0.023810
0 0.790000 0.202381 0.013333 0.023810
0 0.683333 0.386905 0.020000 0.035714
0 0.056667 0.217262 0.013333 0.029762
0 0.095000 0.190476 0.010000 0.023810
0 0.366667 0.547619 0.013333 0.023810
