0 0.178711 0.503906 0.021484 0.039062
0 0.138672 0.506836 0.042969 0.037109
0 0.289062 0.449219 0.031250 0.027344
0 0.227539 0.443359 0.041016 0.042969
0 0.273438 0.329102 0.011719 0.013672
0 0.310547 0.341797 0.039062 0.015625
0 0.308594 0.489258 0.027344 0.029297
0 0.244141 0.379883 0.039062 0.033203
0 0.169922 0.324219 0.019531 0.023438
0 0.297852 0.379883 0.041016 0.044922
0 0.219727 0.490234 0.025391 0.031250
0 0.138672 0.371094 0.023438 0.011719
0 0.062500 0.518555 0.015625 0.013672
0 0.208984 0.333984 0.019531 0.019531
0 0.243164 0.313477 0.021484 0.021484
0 0.128906 0.418945 0.011719 0.009766
0 0.065430 0.436523 0.044922 0.044922
0 0.050781 0.382812 0.023438 0.027344
0 0.064453 0.324219 0.039062 0.039062
0 0.102539 0.347656 0.009766 0.019531
