0 0.518555 0.576172 0.013672 0.019531
0 0.629883 0.498047 0.033203 0.031250
0 0.437500 0.565430 0.027344 0.025391
0 0.514648 0.493164 0.033203 0.021484
0 0.513672 0.520508 0.015625 0.013672
0 0.511719 0.545898 0.019531 0.013672
0 0.461914 0.618164 0.017578 0.021484
0 0.509766 0.609375 0.039062 0.023438
0 0.571289 0.619141 0.021484 0.015625
0 0.455078 0.529297 0.023438 0.019531
0 0.424805 0.525391 0.009766 0.023438
0 0.580078 0.572266 0.031250 0.031250
0 0.543945 0.565430 0.013672 0.017578
0 0.440430 0.492188 0.009766 0.015625
0 0.470703 0.485352 0.015625 0.017578
0 0.634766 0.619141 0.035156 0.023438
0 0.601562 0.615234 0.007812 0.015625
0 0.612305 0.537109 0.025391 0.023438
0 0.643555 0.537109 0.021484 0.023438
0 0.556641 0.535156 0.019531 0.019531
0 0.550781 0.491211 0.019531 0.021484
0 0.637695 0.571289 0.021484 0.017578
0 0.610352 0.571289 0.013672 0.013672
