0 0.534180 0.679688 0.029297 0.035156
0 0.145508 0.503906 0.017578 0.023438
0 0.595703 0.700195 0.015625 0.017578
0 0.635742 0.809570 0.037109 0.037109
0 0.595703 0.793945 0.011719 0.017578
0 0.431641 0.467773 0.027344 0.017578
0 0.304688 0.356445 0.031250 0.029297
0 0.348633 0.360352 0.013672 0.021484
0 0.548828 0.780273 0.019531 0.025391
0 0.520508 0.760742 0.017578 0.017578
0 0.707031 0.477539 0.039062 0.021484
0 0.708008 0.517578 0.017578 0.015625
0 0.238281 0.466797 0.023438 0.035156
0 0.600586 0.488281 0.037109 0.035156
0 0.314453 0.472656 0.019531 0.011719
0 0.524414 0.573242 0.029297 0.029297
0 0.805664 0.820312 0.041016 0.039062
0 0.760742 0.808594 0.017578 0.015625
0 0.303711 0.416016 0.013672 0.011719
0 0.705078 0.789062 0.027344 0.039062
0 0.711914 0.752930 0.017578 0.017578
0 0.675781 0.565430 0.023438 0.017578
0 0.246094 0.356445 0.035156 0.017578
0 0.250977 0.411133 0.025391 0.037109
0 0.219727 0.429688 0.017578 0.015625
0 0.592773 0.589844 0.013672 0.007812
0 0.591797 0.611328 0.019531 0.019531
0 0.554688 0.520508 0.015625 0.021484
0 0.170898 0.460938 0.029297 0.023438
0 0.779297 0.657227 0.035156 0.033203
