0 0.869531 0.689063 0.010937 0.028125
0 0.913281 0.108594 0.020313 0.017188
0 0.917969 0.140625 0.010937 0.012500
0 0.909375 0.061719 0.025000 0.020313
0 0.909375 0.033594 0.031250 0.023438
0 0.876563 0.263281 0.012500 0.014063
0 0.868750 0.284375 0.012500 0.006250
0 0.902344 0.286719 0.014063 0.014063
0 0.910937 0.257812 0.025000 0.021875
0 0.542969 0.197656 0.014063 0.007812
0 0.527344 0.300781 0.045312 0.051562
0 0.978125 0.262500 0.028125 0.028125
0 0.975781 0.289844 0.032813 0.014063
0 0.610156 0.375000 0.014063 0.015625
0 0.598437 0.349219 0.028125 0.017188
0 0.943750 0.197656 0.031250 0.035937
0 0.946875 0.227344 0.018750 0.007812
0 0.529687 0.358594 0.043750 0.042188
0 0.482031 0.166406 0.014063 0.014063
0 0.450781 0.177344 0.014063 0.007812
0 0.585156 0.251563 0.020313 0.037500
0 0.946094 0.135156 0.014063 0.017188
0 0.942187 0.099219 0.015625 0.010937
0 0.644531 0.187500 0.039062 0.043750
0 0.981250 0.098437 0.015625 0.015625
0 0.975781 0.044531 0.032813 0.035937
0 0.453125 0.389844 0.012500 0.007812
0 0.485156 0.367188 0.014063 0.015625
0 0.978906 0.209375 0.023438 0.015625
0 0.642969 0.241406 0.035937 0.035937
0 0.676562 0.238281 0.018750 0.026562
