0 0.958984 0.854492 0.003906 0.009766
0 0.761719 0.567383 0.011719 0.017578
0 0.485352 0.885742 0.017578 0.013672
0 0.763672 0.638672 0.019531 0.023438
0 0.485352 0.509766 0.037109 0.035156
0 0.451172 0.501953 0.015625 0.011719
0 0.364258 0.694336 0.013672 0.021484
0 0.502930 0.615234 0.025391 0.023438
0 0.428711 0.569336 0.025391 0.021484
0 0.468750 0.570312 0.015625 0.019531
0 0.086914 0.879883 0.021484 0.017578
0 0.445312 0.614258 0.015625 0.017578
0 0.397461 0.616211 0.009766 0.017578
0 0.300781 0.691406 0.027344 0.027344
0 0.334961 0.708008 0.013672 0.009766
0 0.604492 0.592773 0.017578 0.021484
0 0.359375 0.788086 0.019531 0.009766
0 0.306641 0.793945 0.011719 0.013672
0 0.448242 0.841797 0.013672 0.011719
0 0.405273 0.839844 0.017578 0.015625
0 0.256836 0.635742 0.033203 0.037109
0 0.498047 0.579102 0.015625 0.013672
0 0.466797 0.596680 0.007812 0.017578
0 0.364258 0.816406 0.021484 0.019531
0 0.312500 0.819336 0.027344 0.017578
0 0.474609 0.814453 0.027344 0.023438
0 0.430664 0.812500 0.029297 0.023438
0 0.379883 0.511719 0.029297 0.039062
0 0.659180 0.569336 0.017578 0.013672
0 0.623047 0.564453 0.031250 0.011719
0 0.561523 0.637695 0.021484 0.013672
