0 0.375781 0.855469 0.014063 0.010937
0 0.350000 0.916406 0.012500 0.014063
0 0.462500 0.851562 0.012500 0.006250
0 0.457031 0.893750 0.023438 0.025000
0 0.282031 0.792969 0.039062 0.017188
0 0.300000 0.768750 0.009375 0.012500
0 0.577344 0.749219 0.017188 0.014063
0 0.545312 0.714063 0.012500 0.015625
0 0.496094 0.118750 0.014063 0.025000
0 0.502344 0.053125 0.029687 0.028125
0 0.473438 0.054688 0.006250 0.012500
0 0.533594 0.892969 0.042188 0.039062
0 0.542969 0.848437 0.032813 0.018750
0 0.432812 0.032813 0.012500 0.006250
0 0.398438 0.011719 0.009375 0.010937
0 0.381250 0.023438 0.009375 0.012500
0 0.546094 0.603125 0.020313 0.018750
0 0.555469 0.569531 0.032813 0.023438
0 0.286719 0.858594 0.032813 0.039062
0 0.309375 0.600000 0.040625 0.037500
0 0.546875 0.119531 0.021875 0.026562
0 0.396875 0.116406 0.012500 0.007812
0 0.400781 0.131250 0.014063 0.006250
0 0.407813 0.086719 0.012500 0.026562
0 0.388281 0.090625 0.014063 0.025000
0 0.448437 0.571875 0.040625 0.040625
0 0.464062 0.621094 0.021875 0.023438
0 0.371875 0.822656 0.012500 0.014063
0 0.354687 0.796094 0.034375 0.026562
0 0.400000 0.595313 0.021875 0.018750
