0 0.488281 0.600781 0.035937 0.029687
0 0.461719 0.569531 0.014063 0.010937
0 0.100781 0.938281 0.026562 0.026562
0 0.048438 0.931250 0.031250 0.031250
0 0.721875 0.594531 0.018750 0.014063
0 0.683594 0.583594 0.010937 0.017188
0 0.494531 0.506250 0.014063 0.028125
0 0.469531 0.499219 0.023438 0.026562
0 0.575000 0.564063 0.006250 0.015625
0 0.558594 0.608594 0.035937 0.020313
0 0.051562 0.661719 0.021875 0.023438
0 0.493750 0.661719 0.037500 0.042188
0 0.704688 0.696094 0.015625 0.017188
0 0.732031 0.629687 0.029687 0.028125
0 0.911719 0.649219 0.045312 0.042188
0 0.754687 0.586719 0.018750 0.017188
0 0.746875 0.551562 0.012500 0.006250
0 0.174219 0.802344 0.014063 0.010937
0 0.160156 0.829688 0.032813 0.021875
0 0.936719 0.526563 0.020313 0.015625
0 0.310156 0.740625 0.014063 0.012500
0 0.440625 0.442969 0.015625 0.010937
0 0.070312 0.835156 0.037500 0.023438
0 0.098437 0.803906 0.021875 0.023438
0 0.776563 0.683594 0.012500 0.007812
0 0.779687 0.657031 0.018750 0.020313
0 0.776563 0.607812 0.012500 0.012500
0 0.341406 0.586719 0.020313 0.017188
0 0.365625 0.591406 0.015625 0.014063
0 0.167187 0.649219 0.015625 0.032813
