0 0.762500 0.357031 0.031250 0.039062
0 0.965625 0.339844 0.012500 0.014063
0 0.247656 0.828125 0.042188 0.034375
0 0.632812 0.236719 0.018750 0.020313
0 0.657031 0.346875 0.045312 0.040625
0 0.423438 0.252344 0.040625 0.020313
0 0.423438 0.282031 0.025000 0.020313
0 0.442188 0.897656 0.031250 0.035937
0 0.794531 0.400000 0.020313 0.040625
0 0.959375 0.314844 0.028125 0.020313
0 0.987500 0.301563 0.012500 0.018750
0 0.711719 0.300000 0.039062 0.034375
0 0.705469 0.270313 0.014063 0.009375
0 0.250781 0.632031 0.014063 0.020313
0 0.912500 0.303125 0.050000 0.050000
0 0.723437 0.237500 0.034375 0.028125
0 0.876563 0.368750 0.009375 0.015625
0 0.846875 0.342969 0.015625 0.020313
0 0.924219 0.404687 0.026562 0.034375
0 0.925000 0.364063 0.015625 0.028125
0 0.900781 0.346094 0.014063 0.010937
0 0.283594 0.539062 0.017188 0.025000
0 0.856250 0.249219 0.015625 0.020313
0 0.789062 0.231250 0.012500 0.006250
0 0.435937 0.353906 0.012500 0.010937
0 0.425781 0.305469 0.035937 0.010937
0 0.192969 0.781250 0.020313 0.021875
0 0.153906 0.782813 0.035937 0.034375
0 0.870313 0.303125 0.012500 0.015625
0 0.658594 0.285938 0.007812 0.015625
