0 0.772656 0.514844 0.042188 0.026562
0 0.179688 0.689844 0.028125 0.035937
0 0.163281 0.729688 0.017188 0.021875
0 0.664062 0.421875 0.021875 0.012500
0 0.185938 0.639062 0.009375 0.012500
0 0.174219 0.599219 0.017188 0.020313
0 0.228125 0.817969 0.031250 0.026562
0 0.332031 0.764062 0.020313 0.018750
0 0.559375 0.426563 0.025000 0.012500
0 0.324219 0.551562 0.023438 0.040625
0 0.557813 0.602344 0.037500 0.035937
0 0.575781 0.671875 0.039062 0.012500
0 0.503125 0.544531 0.015625 0.017188
0 0.528906 0.539844 0.020313 0.029687
0 0.317969 0.610938 0.035937 0.015625
0 0.222656 0.689063 0.035937 0.028125
0 0.219531 0.721094 0.039062 0.014063
0 0.553906 0.742188 0.020313 0.025000
0 0.585156 0.725781 0.020313 0.023438
0 0.419531 0.427344 0.023438 0.014063
0 0.367969 0.414062 0.023438 0.021875
0 0.682031 0.872656 0.020313 0.014063
0 0.635156 0.846094 0.023438 0.039062
0 0.524219 0.710156 0.014063 0.017188
0 0.514844 0.462500 0.026562 0.021875
0 0.485156 0.469531 0.014063 0.020313
0 0.766406 0.660937 0.023438 0.021875
0 0.740625 0.614844 0.025000 0.029687
0 0.491406 0.414062 0.017188 0.025000
0 0.528906 0.417969 0.014063 0.017188
