0 0.863281 0.153320 0.015625 0.017578
0 0.051758 0.856445 0.041016 0.041016
0 0.562500 0.278320 0.023438 0.021484
0 0.703125 0.208008 0.042969 0.041016
0 0.686523 0.255859 0.013672 0.019531
0 0.660156 0.664062 0.023438 0.027344
0 0.747070 0.128906 0.021484 0.031250
0 0.800781 0.121094 0.031250 0.023438
0 0.627930 0.667969 0.017578 0.019531
0 0.491211 0.460938 0.013672 0.015625
0 0.516602 0.440430 0.021484 0.029297
0 0.077148 0.775391 0.044922 0.039062
0 0.037109 0.796875 0.007812 0.015625
0 0.734375 0.298828 0.007812 0.015625
0 0.690430 0.591797 0.025391 0.015625
0 0.544922 0.363281 0.027344 0.023438
0 0.403320 0.678711 0.013672 0.025391
0 0.715820 0.698242 0.017578 0.017578
0 0.664062 0.582031 0.011719 0.015625
0 0.450195 0.539062 0.025391 0.027344
0 0.460938 0.499023 0.031250 0.025391
0 0.665039 0.709961 0.025391 0.033203
0 0.846680 0.437500 0.029297 0.019531
0 0.102539 0.610352 0.041016 0.044922
0 0.040039 0.623047 0.009766 0.015625
0 0.548828 0.416992 0.011719 0.005859
0 0.549805 0.466797 0.025391 0.031250
0 0.168945 0.852539 0.013672 0.017578
0 0.416016 0.782227 0.035156 0.037109
0 0.698242 0.635742 0.013672 0.013672
