0 0.262695 0.523438 0.037109 0.035156
0 0.487305 0.402344 0.013672 0.019531
0 0.701172 0.666992 0.039062 0.017578
0 0.435547 0.379883 0.015625 0.017578
0 0.318359 0.821289 0.019531 0.021484
0 0.760742 0.690430 0.021484 0.021484
0 0.399414 0.541992 0.021484 0.017578
0 0.298828 0.422852 0.007812 0.013672
0 0.148438 0.469727 0.015625 0.025391
0 0.470703 0.635742 0.042969 0.041016
0 0.134766 0.516602 0.019531 0.021484
0 0.161133 0.533203 0.017578 0.015625
0 0.520508 0.410156 0.013672 0.011719
0 0.517578 0.513672 0.023438 0.027344
0 0.472656 0.524414 0.031250 0.017578
0 0.786133 0.667969 0.009766 0.019531
0 0.645508 0.510742 0.037109 0.041016
0 0.824219 0.666992 0.015625 0.017578
0 0.474609 0.707031 0.039062 0.035156
0 0.524414 0.700195 0.029297 0.041016
0 0.432617 0.404297 0.013672 0.011719
0 0.324219 0.473633 0.015625 0.025391
0 0.351562 0.483398 0.015625 0.009766
0 0.204102 0.431641 0.025391 0.031250
0 0.232422 0.426758 0.011719 0.009766
0 0.155273 0.401367 0.017578 0.021484
0 0.122070 0.394531 0.013672 0.015625
0 0.277344 0.477539 0.035156 0.037109
0 0.748047 0.779297 0.023438 0.027344
0 0.706055 0.730469 0.041016 0.027344
