0 0.633789 0.582031 0.037109 0.039062
0 0.666992 0.424805 0.033203 0.025391
0 0.630859 0.416016 0.019531 0.019531
0 0.741211 0.762695 0.013672 0.017578
0 0.730469 0.725586 0.031250 0.033203
0 0.637695 0.749023 0.025391 0.033203
0 0.636719 0.787109 0.027344 0.023438
0 0.531250 0.509766 0.046875 0.046875
0 0.849609 0.851562 0.039062 0.042969
0 0.534180 0.577148 0.033203 0.041016
0 0.534180 0.857422 0.013672 0.015625
0 0.554688 0.885742 0.011719 0.013672
0 0.710938 0.251953 0.027344 0.019531
0 0.742188 0.289062 0.031250 0.031250
0 0.449219 0.731445 0.027344 0.033203
0 0.438477 0.667969 0.037109 0.042969
0 0.078125 0.439453 0.011719 0.019531
0 0.540039 0.423828 0.044922 0.031250
0 0.592773 0.916016 0.037109 0.039062
0 0.702148 0.392578 0.017578 0.011719
0 0.729492 0.423828 0.033203 0.035156
0 0.161133 0.438477 0.033203 0.037109
0 0.486328 0.935547 0.031250 0.035156
0 0.385742 0.459961 0.013672 0.013672
0 0.774414 0.763672 0.021484 0.023438
0 0.540039 0.464844 0.041016 0.027344
0 0.580078 0.198242 0.011719 0.009766
0 0.258789 0.584961 0.033203 0.041016
0 0.242188 0.458008 0.039062 0.044922
0 0.847656 0.683594 0.011719 0.019531
