0 0.598633 0.312500 0.041016 0.015625
0 0.553711 0.300781 0.021484 0.027344
0 0.324219 0.692383 0.039062 0.041016
0 0.361328 0.673828 0.011719 0.015625
0 0.360352 0.646484 0.017578 0.019531
0 0.387695 0.642578 0.013672 0.011719
0 0.415039 0.391602 0.017578 0.021484
0 0.358398 0.390625 0.025391 0.027344
0 0.308594 0.324219 0.019531 0.015625
0 0.309570 0.300781 0.025391 0.015625
0 0.164062 0.728516 0.031250 0.031250
0 0.257812 0.397461 0.007812 0.017578
0 0.464844 0.736328 0.023438 0.023438
0 0.441406 0.784180 0.042969 0.048828
0 0.449219 0.647461 0.027344 0.025391
0 0.481445 0.632812 0.021484 0.011719
0 0.383789 0.250000 0.013672 0.015625
0 0.342773 0.267578 0.009766 0.015625
0 0.193359 0.628906 0.019531 0.015625
0 0.400391 0.302734 0.035156 0.042969
0 0.364258 0.294922 0.013672 0.015625
0 0.280273 0.641602 0.033203 0.025391
0 0.219727 0.638672 0.013672 0.027344
0 0.274414 0.339844 0.021484 0.011719
0 0.306641 0.364258 0.031250 0.021484
0 0.635742 0.308594 0.017578 0.015625
0 0.421875 0.434570 0.027344 0.033203
0 0.380859 0.436523 0.027344 0.037109
0 0.356445 0.776367 0.025391 0.029297
0 0.318359 0.788086 0.023438 0.021484
