0 0.961719 0.623437 0.017188 0.034375
0 0.308594 0.628906 0.017188 0.051562
0 0.133594 0.632812 0.017188 0.056250
0 0.411719 0.635938 0.023438 0.062500
0 0.339844 0.639844 0.020313 0.054688
0 0.167187 0.636719 0.025000 0.045312
0 0.064062 0.608594 0.012500 0.032813
0 0.501563 0.872656 0.015625 0.026562
0 0.406250 0.853125 0.009375 0.015625
0 0.100781 0.634375 0.014063 0.015625
0 0.796875 0.629687 0.012500 0.028125
0 0.825000 0.626563 0.015625 0.009375
0 0.381250 0.757031 0.031250 0.035937
0 0.243750 0.595313 0.043750 0.040625
0 0.771094 0.586719 0.014063 0.014063
0 0.100000 0.595313 0.031250 0.037500
0 0.060937 0.578125 0.015625 0.009375
0 0.191406 0.765625 0.014063 0.006250
0 0.169531 0.785937 0.023438 0.015625
0 0.757031 0.634375 0.010937 0.012500
0 0.550000 0.898438 0.018750 0.018750
0 0.660156 0.757812 0.035937 0.034375
0 0.173437 0.582031 0.034375 0.023438
0 0.873437 0.583594 0.006250 0.014063
0 0.685937 0.857031 0.031250 0.020313
0 0.275781 0.670312 0.020313 0.012500
0 0.796094 0.518750 0.023438 0.031250
0 0.820312 0.530469 0.006250 0.014063
0 0.804688 0.556250 0.031250 0.021875
0 0.903906 0.633594 0.035937 0.039062
0 0.758594 0.552344 0.014063 0.010937
0 0.912500 0.550781 0.028125 0.023438
0 0.889844 0.592969 0.010937 0.020313
0 0.910937 0.596094 0.018750 0.014063
0 0.355469 0.793750 0.007812 0.012500
0 0.364844 0.640625 0.010937 0.015625
0 0.313281 0.669531 0.014063 0.014063
