0 0.623437 0.600781 0.025000 0.017188
0 0.339844 0.831250 0.017188 0.009375
0 0.330469 0.854688 0.014063 0.015625
0 0.285156 0.514844 0.029687 0.032813
0 0.403125 0.853906 0.015625 0.017188
0 0.425000 0.877344 0.018750 0.007812
0 0.489844 0.242188 0.007812 0.018750
0 0.458594 0.207813 0.039062 0.018750
0 0.492969 0.793750 0.029687 0.034375
0 0.477344 0.853906 0.023438 0.042188
0 0.435937 0.689063 0.025000 0.018750
0 0.792188 0.619531 0.031250 0.020313
0 0.957031 0.478125 0.017188 0.021875
0 0.571875 0.680469 0.018750 0.014063
0 0.553125 0.706250 0.021875 0.018750
0 0.632031 0.527344 0.010937 0.020313
0 0.597656 0.514844 0.032813 0.039062
0 0.414844 0.716406 0.042188 0.023438
0 0.285938 0.839844 0.015625 0.017188
0 0.304688 0.418750 0.043750 0.040625
0 0.211719 0.733594 0.039062 0.045312
0 0.208594 0.402344 0.026562 0.020313
0 0.203125 0.464062 0.025000 0.031250
0 0.903125 0.564844 0.031250 0.045312
0 0.939063 0.574219 0.015625 0.023438
0 0.597656 0.475000 0.023438 0.025000
0 0.199219 0.364063 0.035937 0.037500
0 0.800781 0.519531 0.035937 0.039062
0 0.400781 0.799219 0.029687 0.026562
0 0.432812 0.788281 0.021875 0.029687
