0 0.871875 0.242969 0.015625 0.014063
0 0.715625 0.257031 0.034375 0.035937
0 0.665625 0.266406 0.021875 0.029687
0 0.850781 0.453906 0.023438 0.039062
0 0.331250 0.624219 0.012500 0.014063
0 0.375000 0.631250 0.009375 0.015625
0 0.589844 0.275781 0.032813 0.023438
0 0.630469 0.247656 0.017188 0.029687
0 0.879687 0.884375 0.012500 0.012500
0 0.468750 0.835156 0.034375 0.032813
0 0.421094 0.825000 0.017188 0.018750
0 0.803125 0.904687 0.021875 0.021875
0 0.465625 0.910937 0.018750 0.021875
0 0.429688 0.923438 0.031250 0.040625
0 0.552344 0.553906 0.032813 0.029687
0 0.497656 0.557031 0.017188 0.023438
0 0.812500 0.271875 0.043750 0.040625
0 0.414844 0.756250 0.020313 0.021875
0 0.444531 0.785156 0.029687 0.023438
0 0.082812 0.773438 0.031250 0.031250
0 0.135156 0.764062 0.045312 0.040625
0 0.355469 0.819531 0.029687 0.026562
0 0.362500 0.858594 0.034375 0.029687
0 0.901563 0.910156 0.018750 0.017188
0 0.307812 0.586719 0.018750 0.026562
0 0.363281 0.591406 0.042188 0.039062
0 0.461719 0.554688 0.020313 0.021875
0 0.406250 0.557031 0.031250 0.023438
0 0.823438 0.398438 0.015625 0.031250
0 0.357812 0.715625 0.028125 0.021875
