0 0.439375 0.324022 0.013750 0.033520
0 0.463750 0.337989 0.015000 0.027933
0 0.183750 0.269553 0.012500 0.041899
0 0.200000 0.294693 0.007500 0.025140
0 0.630625 0.406425 0.021250 0.036313
0 0.666250 0.399441 0.012500 0.022346
0 0.361250 0.393855 0.005000 0.022346
0 0.398125 0.396648 0.011250 0.039106
0 0.353125 0.351955 0.003750 0.016760
0 0.360000 0.318436 0.015000 0.022346
0 0.790000 0.353352 0.020000 0.036313
0 0.183750 0.129888 0.005000 0.013966
0 0.197500 0.096369 0.012500 0.025140
0 0.160000 0.332402 0.012500 0.027933
0 0.168125 0.371508 0.011250 0.022346
0 0.440625 0.456704 0.011250 0.030726
0 0.398125 0.459497 0.006250 0.019553
0 0.307500 0.395251 0.005000 0.013966
0 0.306250 0.296089 0.015000 0.033520
0 0.312500 0.346369 0.007500 0.011173
0 0.456250 0.079609 0.012500 0.025140
0 0.375000 0.166201 0.005000 0.019553
0 0.416875 0.236034 0.011250 0.036313
0 0.540625 0.361732 0.006250 0.025140
0 0.561875 0.337989 0.016250 0.039106
0 0.631250 0.453911 0.017500 0.030726
0 0.193750 0.350559 0.020000 0.041899
0 0.337500 0.227654 0.010000 0.019553
0 0.483125 0.473464 0.011250 0.030726
0 0.383125 0.432961 0.008750 0.039106
