0 0.724219 0.711382 0.012500 0.010453
0 0.691406 0.709059 0.010937 0.017422
0 0.707812 0.708479 0.006250 0.016260
0 0.789453 0.691638 0.010156 0.017422
0 0.810937 0.693380 0.015625 0.011614
0 0.803906 0.711963 0.017188 0.011614
0 0.737891 0.652729 0.008594 0.006969
0 0.694922 0.671893 0.007031 0.012776
0 0.679688 0.674797 0.006250 0.013937
0 0.795703 0.668409 0.008594 0.005807
0 0.808594 0.676539 0.009375 0.012776
0 0.763281 0.709059 0.010937 0.017422
0 0.751953 0.707898 0.005469 0.012776
0 0.810937 0.653891 0.010937 0.011614
0 0.789844 0.654472 0.009375 0.010453
0 0.761328 0.689315 0.011719 0.012776
0 0.721094 0.691057 0.009375 0.013937
0 0.735156 0.672474 0.010937 0.013937
0 0.719141 0.675377 0.007031 0.008130
0 0.767188 0.671312 0.009375 0.006969
0 0.683984 0.654472 0.010156 0.012776
0 0.708594 0.655052 0.004687 0.013937
0 0.756250 0.653891 0.007812 0.011614
0 0.772266 0.655633 0.007031 0.015099
0 0.706641 0.688153 0.011719 0.010453
0 0.682813 0.690476 0.007812 0.008130
