0 0.281323 0.226087 0.026682 0.038261
0 0.454756 0.213913 0.004640 0.013913
0 0.467517 0.231304 0.009281 0.010435
0 0.376450 0.365217 0.008121 0.013913
0 0.342807 0.227826 0.015081 0.017391
0 0.314385 0.237391 0.006961 0.008696
0 0.395592 0.271304 0.027842 0.038261
0 0.319606 0.119130 0.017401 0.033043
0 0.411833 0.228696 0.020882 0.026087
0 0.548724 0.125217 0.020882 0.020870
0 0.378190 0.093913 0.006961 0.010435
0 0.343968 0.128696 0.010441 0.013913
0 0.359629 0.139130 0.006961 0.010435
0 0.225058 0.188696 0.020882 0.022609
0 0.501740 0.388696 0.015081 0.012174
0 0.555684 0.331304 0.011601 0.015652
0 0.339907 0.180870 0.027842 0.020870
0 0.325406 0.081739 0.026682 0.020870
0 0.164733 0.345217 0.009281 0.015652
0 0.195476 0.375652 0.015081 0.034783
0 0.501740 0.224348 0.010441 0.017391
0 0.521462 0.225217 0.010441 0.008696
0 0.504640 0.100000 0.016241 0.022609
0 0.312065 0.300870 0.016241 0.020870
0 0.265081 0.306957 0.015081 0.015652
0 0.433875 0.094783 0.013921 0.026087
0 0.465777 0.092174 0.010441 0.013913
0 0.455916 0.179130 0.023202 0.027826
0 0.429234 0.171304 0.006961 0.008696
0 0.526102 0.186087 0.008121 0.010435
