0 0.696094 0.422656 0.010937 0.035937
0 0.685156 0.423438 0.010937 0.034375
0 0.718750 0.423438 0.012500 0.034375
0 0.710156 0.423438 0.010937 0.031250
0 0.737500 0.422656 0.012500 0.039062
0 0.250000 0.570312 0.012500 0.009375
0 0.607031 0.636719 0.014063 0.014063
0 0.571094 0.643750 0.017188 0.018750
0 0.446094 0.581250 0.023438 0.028125
0 0.257812 0.671094 0.031250 0.029687
0 0.484375 0.667188 0.031250 0.025000
0 0.424219 0.673438 0.020313 0.025000
0 0.353906 0.643750 0.023438 0.018750
0 0.495312 0.639844 0.015625 0.017188
0 0.314844 0.673438 0.020313 0.018750
0 0.553125 0.582031 0.015625 0.020313
0 0.328906 0.578125 0.042188 0.018750
0 0.362500 0.607812 0.009375 0.015625
0 0.307812 0.611719 0.021875 0.026562
0 0.469531 0.610938 0.010937 0.015625
0 0.603125 0.671875 0.015625 0.018750
0 0.553906 0.668750 0.020313 0.018750
0 0.586719 0.606250 0.014063 0.021875
0 0.623437 0.604688 0.015625 0.018750
0 0.198437 0.639844 0.028125 0.026562
0 0.232813 0.610156 0.028125 0.029687
