0 0.423828 0.074219 0.011719 0.019531
0 0.561523 0.270508 0.013672 0.017578
0 0.366211 0.506836 0.033203 0.017578
0 0.488281 0.176758 0.015625 0.017578
0 0.486328 0.145508 0.015625 0.017578
0 0.066406 0.491211 0.007812 0.013672
0 0.063477 0.464844 0.021484 0.023438
0 0.121094 0.570312 0.031250 0.039062
0 0.130859 0.625977 0.019531 0.013672
0 0.474609 0.353516 0.015625 0.019531
0 0.471680 0.325195 0.029297 0.021484
0 0.592773 0.821289 0.025391 0.021484
0 0.554688 0.817383 0.007812 0.013672
0 0.566406 0.375000 0.015625 0.011719
0 0.563477 0.416992 0.017578 0.017578
0 0.529297 0.872070 0.027344 0.025391
0 0.609375 0.422852 0.011719 0.009766
0 0.619141 0.337891 0.015625 0.007812
0 0.466797 0.415039 0.019531 0.017578
0 0.616211 0.473633 0.017578 0.017578
0 0.617188 0.523438 0.023438 0.015625
0 0.123047 0.385742 0.015625 0.025391
0 0.074219 0.385742 0.023438 0.017578
0 0.044922 0.344727 0.015625 0.009766
0 0.441406 0.277344 0.023438 0.031250
0 0.232422 0.500000 0.015625 0.015625
0 0.216797 0.448242 0.023438 0.017578
0 0.474609 0.228516 0.039062 0.015625
0 0.472656 0.254883 0.023438 0.017578
0 0.399414 0.491211 0.009766 0.017578
