0 0.534375 0.319531 0.040625 0.032813
0 0.019531 0.538281 0.026562 0.010937
0 0.653906 0.363281 0.023438 0.026562
0 0.587500 0.325781 0.025000 0.029687
0 0.633594 0.302344 0.010937 0.017188
0 0.642188 0.960938 0.037500 0.031250
0 0.046875 0.490625 0.018750 0.012500
0 0.792969 0.859375 0.020313 0.018750
0 0.755469 0.874219 0.026562 0.026562
0 0.748437 0.951562 0.012500 0.034375
0 0.778125 0.955469 0.025000 0.023438
0 0.452344 0.368750 0.048438 0.043750
0 0.404687 0.395313 0.025000 0.009375
0 0.444531 0.207813 0.032813 0.018750
0 0.628906 0.911719 0.026562 0.035937
0 0.635156 0.264844 0.014063 0.010937
0 0.639844 0.867188 0.042188 0.040625
0 0.649219 0.181250 0.035937 0.028125
0 0.588281 0.196094 0.014063 0.010937
0 0.172656 0.497656 0.023438 0.010937
0 0.135156 0.492188 0.014063 0.009375
0 0.309375 0.267188 0.009375 0.012500
0 0.347656 0.248438 0.039062 0.043750
0 0.693750 0.906250 0.021875 0.025000
0 0.100781 0.535156 0.029687 0.020313
0 0.786719 0.827344 0.026562 0.026562
0 0.752344 0.817187 0.023438 0.021875
0 0.703125 0.960156 0.028125 0.023438
0 0.157031 0.535156 0.017188 0.020313
0 0.628125 0.832812 0.025000 0.015625
