0 0.439063 0.234375 0.031250 0.031250
0 0.246875 0.171875 0.037500 0.031250
0 0.496094 0.178125 0.032813 0.031250
0 0.435156 0.190625 0.039062 0.031250
0 0.524219 0.223438 0.017188 0.028125
0 0.554688 0.236719 0.028125 0.020313
0 0.353125 0.228906 0.040625 0.035937
0 0.446094 0.289844 0.032813 0.023438
0 0.488281 0.292187 0.035937 0.040625
0 0.588281 0.196094 0.017188 0.014063
0 0.278906 0.307812 0.017188 0.012500
0 0.204687 0.246094 0.018750 0.020313
0 0.249219 0.222656 0.020313 0.014063
0 0.253125 0.332031 0.012500 0.017188
0 0.350000 0.298438 0.031250 0.031250
0 0.385937 0.290625 0.015625 0.009375
0 0.339844 0.171875 0.017188 0.018750
0 0.387500 0.167187 0.009375 0.012500
0 0.535156 0.308594 0.010937 0.014063
0 0.339062 0.342187 0.034375 0.015625
0 0.388281 0.354687 0.017188 0.018750
0 0.485938 0.347656 0.040625 0.045312
0 0.428125 0.342969 0.025000 0.023438
0 0.546094 0.338281 0.032813 0.023438
0 0.592187 0.346094 0.046875 0.048438
