0 0.318750 0.210156 0.025000 0.017188
0 0.845313 0.532031 0.012500 0.014063
0 0.238281 0.150000 0.023438 0.021875
0 0.321875 0.178125 0.018750 0.028125
0 0.417969 0.259375 0.023438 0.021875
0 0.389062 0.240625 0.015625 0.015625
0 0.398438 0.289844 0.012500 0.014063
0 0.882031 0.532813 0.010937 0.018750
0 0.804688 0.444531 0.021875 0.032813
0 0.815625 0.405469 0.037500 0.023438
0 0.803125 0.479687 0.028125 0.021875
0 0.563281 0.268750 0.029687 0.021875
0 0.599219 0.232031 0.014063 0.014063
0 0.292187 0.173437 0.025000 0.031250
0 0.289844 0.131250 0.017188 0.006250
0 0.319531 0.236719 0.014063 0.014063
0 0.503125 0.254688 0.043750 0.037500
0 0.957812 0.364063 0.021875 0.025000
0 0.925781 0.360156 0.014063 0.014063
0 0.556250 0.364844 0.012500 0.032813
0 0.590625 0.371875 0.018750 0.034375
0 0.896875 0.213281 0.015625 0.014063
0 0.936719 0.228125 0.014063 0.025000
0 0.889062 0.507031 0.021875 0.017188
0 0.934375 0.317969 0.040625 0.035937
0 0.954688 0.269531 0.025000 0.017188
0 0.289062 0.277344 0.021875 0.020313
0 0.581250 0.324219 0.018750 0.017188
0 0.820312 0.514062 0.018750 0.009375
0 0.687500 0.362500 0.015625 0.025000
