0 0.875781 0.713281 0.010937 0.014063
0 0.246875 0.603906 0.018750 0.026562
0 0.532813 0.410156 0.037500 0.029687
0 0.333594 0.607812 0.010937 0.021875
0 0.821875 0.759375 0.018750 0.018750
0 0.819531 0.734375 0.014063 0.018750
0 0.250000 0.807031 0.028125 0.020313
0 0.266406 0.778125 0.014063 0.009375
0 0.299219 0.607031 0.020313 0.035937
0 0.210938 0.664062 0.031250 0.040625
0 0.755469 0.414844 0.010937 0.026562
0 0.927344 0.806250 0.026562 0.034375
0 0.828906 0.794531 0.029687 0.039062
0 0.765625 0.849219 0.043750 0.039062
0 0.252344 0.674219 0.014063 0.014063
0 0.573438 0.460938 0.034375 0.034375
0 0.528906 0.447656 0.014063 0.010937
0 0.570312 0.508594 0.031250 0.039062
0 0.632031 0.409375 0.020313 0.031250
0 0.661719 0.420312 0.023438 0.028125
0 0.344531 0.781250 0.023438 0.025000
0 0.333594 0.674219 0.014063 0.023438
0 0.348438 0.696875 0.015625 0.009375
0 0.717969 0.454688 0.017188 0.015625
0 0.296875 0.681250 0.040625 0.037500
0 0.817969 0.697656 0.010937 0.017188
0 0.734375 0.556250 0.015625 0.015625
0 0.757031 0.558594 0.014063 0.029687
0 0.916406 0.742969 0.014063 0.010937
0 0.939063 0.732031 0.012500 0.014063
