0 0.362305 0.626953 0.013672 0.011719
0 0.358398 0.668945 0.025391 0.025391
0 0.553711 0.682617 0.017578 0.021484
0 0.492188 0.669922 0.023438 0.035156
0 0.663086 0.232422 0.013672 0.019531
0 0.707031 0.220703 0.027344 0.031250
0 0.674805 0.531250 0.044922 0.039062
0 0.150391 0.581055 0.023438 0.021484
0 0.198242 0.571289 0.013672 0.009766
0 0.384766 0.471680 0.011719 0.017578
0 0.607422 0.451172 0.019531 0.023438
0 0.321289 0.683594 0.017578 0.023438
0 0.428711 0.654297 0.033203 0.042969
0 0.392578 0.677734 0.019531 0.015625
0 0.690430 0.403320 0.021484 0.021484
0 0.439453 0.580078 0.023438 0.031250
0 0.487305 0.594727 0.041016 0.044922
0 0.491211 0.508789 0.025391 0.025391
0 0.493164 0.543945 0.021484 0.013672
0 0.541992 0.604492 0.037109 0.041016
0 0.549805 0.415039 0.017578 0.009766
0 0.558594 0.378906 0.023438 0.035156
0 0.556641 0.541016 0.015625 0.027344
0 0.339844 0.298828 0.027344 0.039062
0 0.330078 0.345703 0.015625 0.015625
0 0.492188 0.726562 0.027344 0.019531
0 0.383789 0.192383 0.037109 0.029297
0 0.670898 0.455078 0.044922 0.039062
0 0.664062 0.595703 0.031250 0.031250
0 0.541992 0.647461 0.025391 0.029297
