0 0.368164 0.175781 0.029297 0.015625
0 0.314453 0.184570 0.019531 0.025391
0 0.572266 0.305664 0.023438 0.033203
0 0.611328 0.302734 0.015625 0.015625
0 0.441406 0.736328 0.007812 0.015625
0 0.463867 0.743164 0.017578 0.025391
0 0.450195 0.644531 0.017578 0.023438
0 0.327148 0.221680 0.041016 0.033203
0 0.372070 0.234375 0.013672 0.015625
0 0.601562 0.217773 0.015625 0.033203
0 0.643555 0.771484 0.017578 0.011719
0 0.613281 0.770508 0.007812 0.013672
0 0.618164 0.738281 0.021484 0.015625
0 0.357422 0.794922 0.042969 0.050781
0 0.438477 0.787109 0.025391 0.035156
0 0.398438 0.451172 0.042969 0.046875
0 0.248047 0.819336 0.023438 0.025391
0 0.269531 0.851562 0.011719 0.015625
0 0.506836 0.741211 0.037109 0.033203
0 0.586914 0.651367 0.021484 0.029297
0 0.615234 0.485352 0.039062 0.025391
0 0.631836 0.533203 0.021484 0.027344
0 0.577148 0.734375 0.025391 0.027344
0 0.553711 0.591797 0.021484 0.027344
0 0.484375 0.588867 0.023438 0.033203
0 0.254883 0.582031 0.017578 0.023438
0 0.536133 0.187500 0.017578 0.023438
0 0.572266 0.438477 0.015625 0.013672
0 0.416016 0.382812 0.035156 0.027344
0 0.799805 0.626953 0.017578 0.023438
