0 0.798828 0.595703 0.011719 0.015625
0 0.736328 0.448242 0.042969 0.041016
0 0.738281 0.482422 0.031250 0.011719
0 0.570312 0.452148 0.015625 0.005859
0 0.741211 0.807617 0.037109 0.033203
0 0.811523 0.838867 0.017578 0.029297
0 0.776367 0.851562 0.021484 0.011719
0 0.747070 0.558594 0.013672 0.015625
0 0.741211 0.595703 0.029297 0.027344
0 0.655273 0.449219 0.052734 0.046875
0 0.646484 0.646484 0.039062 0.042969
0 0.792969 0.735352 0.011719 0.009766
0 0.709961 0.668945 0.009766 0.013672
0 0.726562 0.636719 0.027344 0.023438
0 0.772461 0.539062 0.013672 0.023438
0 0.733398 0.741211 0.021484 0.025391
0 0.757812 0.738281 0.011719 0.015625
0 0.888672 0.740234 0.011719 0.015625
0 0.915039 0.734375 0.025391 0.027344
0 0.584961 0.623047 0.013672 0.007812
0 0.601562 0.665039 0.019531 0.017578
0 0.718750 0.772461 0.019531 0.005859
0 0.749023 0.778320 0.017578 0.009766
0 0.796875 0.803711 0.011719 0.005859
0 0.721680 0.847656 0.017578 0.015625
0 0.858398 0.739258 0.017578 0.009766
0 0.745117 0.523438 0.009766 0.011719
0 0.786133 0.627930 0.025391 0.029297
0 0.804688 0.659180 0.011719 0.009766
0 0.838867 0.834961 0.021484 0.021484
