0 0.120044 0.566952 0.015419 0.011396
0 0.398678 0.095442 0.022026 0.025641
0 0.396476 0.056980 0.013216 0.022792
0 0.052863 0.555556 0.030837 0.028490
0 0.878855 0.408832 0.026432 0.031339
0 0.823789 0.417379 0.008811 0.014245
0 0.306167 0.361823 0.030837 0.034188
0 0.268722 0.374644 0.013216 0.014245
0 0.273128 0.417379 0.008811 0.019943
0 0.508811 0.102564 0.017621 0.028490
0 0.317181 0.051282 0.008811 0.017094
0 0.052863 0.612536 0.013216 0.011396
0 0.382159 0.477208 0.015419 0.019943
0 0.305066 0.488604 0.019824 0.037037
0 0.526432 0.145299 0.022026 0.011396
0 0.655286 0.455840 0.011013 0.017094
0 0.378855 0.227920 0.017621 0.017094
0 0.061674 0.636752 0.017621 0.014245
0 0.335903 0.205128 0.019824 0.017094
0 0.330396 0.237892 0.013216 0.019943
0 0.332599 0.176638 0.013216 0.017094
0 0.468062 0.126781 0.024229 0.014245
0 0.432819 0.138177 0.019824 0.019943
0 0.321586 0.145299 0.017621 0.017094
0 0.009912 0.680912 0.015419 0.028490
0 0.667401 0.363248 0.026432 0.031339
0 0.715859 0.350427 0.013216 0.017094
0 0.091410 0.603989 0.024229 0.022792
0 0.789648 0.314815 0.019824 0.031339
0 0.099119 0.648148 0.013216 0.019943
