0 0.207815 0.142720 0.014210 0.017241
0 0.253108 0.121648 0.026643 0.017241
0 0.338366 0.391762 0.040853 0.032567
0 0.273535 0.354406 0.031972 0.034483
0 0.424512 0.353448 0.021314 0.021073
0 0.492007 0.421456 0.024867 0.022989
0 0.451155 0.432950 0.017762 0.019157
0 0.427176 0.466475 0.023091 0.021073
0 0.474245 0.483716 0.021314 0.036398
0 0.717584 0.058429 0.028419 0.024904
0 0.079041 0.413793 0.015986 0.011494
0 0.538188 0.374521 0.010657 0.009579
0 0.566607 0.382184 0.031972 0.021073
0 0.666075 0.141762 0.010657 0.015326
0 0.331261 0.454981 0.019538 0.021073
0 0.341030 0.517241 0.017762 0.022989
0 0.714920 0.182950 0.019538 0.017241
0 0.291297 0.386015 0.010657 0.013410
0 0.656306 0.181034 0.012433 0.017241
0 0.680284 0.177203 0.010657 0.009579
0 0.454707 0.382184 0.035524 0.017241
0 0.498224 0.386015 0.012433 0.013410
0 0.564831 0.046935 0.014210 0.028736
0 0.608348 0.266284 0.044405 0.045977
0 0.386323 0.506705 0.015986 0.009579
0 0.357904 0.462644 0.012433 0.017241
0 0.379218 0.145594 0.037300 0.022989
0 0.326821 0.140805 0.010657 0.009579
0 0.479574 0.276820 0.010657 0.013410
0 0.601243 0.151341 0.012433 0.015326
