0 0.530880 0.440808 0.021025 0.012535
0 0.540079 0.415738 0.018397 0.018106
0 0.694481 0.680362 0.014455 0.012535
0 0.687254 0.551532 0.023653 0.019499
0 0.507227 0.218663 0.021025 0.030641
0 0.497372 0.247214 0.017083 0.015320
0 0.619580 0.358635 0.035480 0.040390
0 0.630749 0.392061 0.015769 0.012535
0 0.579501 0.222841 0.018397 0.033426
0 0.585414 0.261838 0.019711 0.013928
0 0.499343 0.392061 0.021025 0.015320
0 0.487516 0.368384 0.015769 0.018106
0 0.580158 0.323120 0.011827 0.011142
0 0.875821 0.685933 0.030223 0.026462
0 0.842313 0.683148 0.021025 0.020891
0 0.920499 0.628830 0.009198 0.018106
0 0.847569 0.552228 0.034166 0.023677
0 0.888305 0.516713 0.018397 0.011142
0 0.536137 0.247214 0.021025 0.026462
0 0.534823 0.214485 0.023653 0.016713
0 0.775296 0.582173 0.036794 0.036212
0 0.540079 0.293872 0.039422 0.030641
0 0.576216 0.449164 0.011827 0.006964
0 0.496058 0.456825 0.027595 0.013928
0 0.492773 0.428273 0.023653 0.029248
0 0.624836 0.303621 0.022339 0.036212
0 0.621551 0.446379 0.023653 0.032033
0 0.536137 0.364903 0.015769 0.025070
0 0.538765 0.390669 0.023653 0.015320
0 0.700394 0.642758 0.044678 0.048747
