0 0.109375 0.518555 0.027344 0.037109
0 0.110352 0.579102 0.033203 0.029297
0 0.212891 0.473633 0.031250 0.029297
0 0.258789 0.566406 0.029297 0.027344
0 0.202148 0.568359 0.029297 0.035156
0 0.158203 0.580078 0.039062 0.027344
0 0.257812 0.474609 0.027344 0.031250
0 0.250000 0.522461 0.023438 0.021484
0 0.255859 0.424805 0.015625 0.009766
0 0.212891 0.420898 0.023438 0.021484
0 0.189453 0.432617 0.007812 0.013672
0 0.140625 0.418945 0.019531 0.021484
0 0.167969 0.413086 0.011719 0.009766
0 0.153320 0.523438 0.044922 0.046875
0 0.092773 0.439453 0.013672 0.015625
0 0.115234 0.413086 0.015625 0.021484
0 0.161133 0.467773 0.013672 0.017578
0 0.141602 0.482422 0.009766 0.015625
0 0.200195 0.514648 0.021484 0.029297
0 0.093750 0.471680 0.011719 0.009766
