0 0.307812 0.391667 0.021875 0.041667
0 0.275000 0.356250 0.012500 0.029167
0 0.454688 0.468750 0.034375 0.037500
0 0.560937 0.462500 0.028125 0.016667
0 0.465625 0.385417 0.031250 0.045833
0 0.503125 0.343750 0.012500 0.029167
0 0.268750 0.581250 0.012500 0.020833
0 0.537500 0.397917 0.031250 0.037500
0 0.584375 0.352083 0.012500 0.020833
0 0.356250 0.589583 0.025000 0.020833
0 0.354687 0.537500 0.015625 0.016667
0 0.275000 0.639583 0.018750 0.020833
0 0.325000 0.660417 0.012500 0.012500
0 0.445312 0.589583 0.028125 0.029167
0 0.481250 0.658333 0.012500 0.025000
0 0.368750 0.437500 0.018750 0.025000
0 0.414062 0.466667 0.021875 0.016667
0 0.360938 0.350000 0.028125 0.033333
0 0.396875 0.362500 0.012500 0.016667
0 0.396875 0.658333 0.012500 0.016667
0 0.551562 0.568750 0.028125 0.037500
0 0.534375 0.660417 0.018750 0.012500
0 0.537500 0.693750 0.012500 0.020833
0 0.290625 0.458333 0.018750 0.025000
0 0.293750 0.495833 0.012500 0.016667
