0 0.535156 0.376953 0.035156 0.023438
0 0.573242 0.380859 0.021484 0.023438
0 0.620117 0.461914 0.025391 0.029297
0 0.648438 0.461914 0.015625 0.021484
0 0.625000 0.272461 0.011719 0.013672
0 0.609375 0.293945 0.011719 0.013672
0 0.250000 0.495117 0.019531 0.021484
0 0.326172 0.505859 0.035156 0.035156
0 0.625000 0.397461 0.042969 0.041016
0 0.662109 0.415039 0.015625 0.017578
0 0.549805 0.414062 0.013672 0.015625
0 0.487305 0.424805 0.021484 0.025391
0 0.302734 0.401367 0.015625 0.009766
0 0.311523 0.294922 0.021484 0.023438
0 0.312500 0.264648 0.019531 0.021484
0 0.313477 0.465820 0.021484 0.025391
0 0.250977 0.460938 0.017578 0.019531
0 0.523438 0.336914 0.031250 0.033203
0 0.494141 0.323242 0.011719 0.009766
0 0.298828 0.362305 0.015625 0.013672
0 0.458984 0.299805 0.011719 0.009766
0 0.194336 0.449219 0.009766 0.015625
0 0.338867 0.414062 0.025391 0.027344
0 0.395508 0.461914 0.037109 0.037109
0 0.448242 0.365234 0.017578 0.023438
0 0.341797 0.254883 0.019531 0.017578
0 0.582031 0.508789 0.027344 0.029297
0 0.524414 0.499023 0.013672 0.021484
0 0.426758 0.406250 0.037109 0.035156
0 0.285156 0.456055 0.011719 0.013672
