0 0.523438 0.254883 0.046875 0.041016
0 0.560547 0.254883 0.011719 0.013672
0 0.608398 0.342773 0.029297 0.021484
0 0.613281 0.383789 0.027344 0.025391
0 0.632812 0.538086 0.035156 0.029297
0 0.608398 0.585938 0.017578 0.015625
0 0.534180 0.446289 0.037109 0.041016
0 0.493164 0.516602 0.041016 0.029297
0 0.507812 0.575195 0.007812 0.021484
0 0.833008 0.257812 0.044922 0.042969
0 0.883789 0.221680 0.017578 0.025391
0 0.751953 0.239258 0.035156 0.017578
0 0.532227 0.365234 0.048828 0.050781
0 0.489258 0.348633 0.021484 0.021484
0 0.620117 0.255859 0.009766 0.015625
0 0.737305 0.536133 0.033203 0.025391
0 0.722656 0.586914 0.035156 0.017578
0 0.645508 0.483398 0.017578 0.017578
0 0.609375 0.431641 0.015625 0.015625
0 0.748047 0.359375 0.042969 0.035156
0 0.876953 0.413086 0.023438 0.029297
0 0.822266 0.425781 0.031250 0.035156
0 0.870117 0.519531 0.025391 0.031250
0 0.771484 0.435547 0.023438 0.031250
0 0.723633 0.456055 0.017578 0.017578
0 0.808594 0.338867 0.023438 0.021484
