0 0.677500 0.829444 0.023333 0.023333
0 0.719167 0.886111 0.021667 0.018889
0 0.588333 0.860556 0.008333 0.025556
0 0.605000 0.855556 0.016667 0.022222
0 0.724583 0.923333 0.017500 0.020000
0 0.701667 0.931667 0.006667 0.014444
0 0.777500 0.684444 0.011667 0.011111
0 0.555000 0.687778 0.015000 0.013333
0 0.707500 0.658889 0.011667 0.020000
0 0.724583 0.662222 0.012500 0.017778
0 0.712500 0.825000 0.016667 0.027778
0 0.728333 0.686667 0.015000 0.017778
0 0.572500 0.732222 0.005000 0.011111
0 0.560417 0.728333 0.009167 0.012222
0 0.590833 0.940000 0.023333 0.026667
0 0.642917 0.737222 0.017500 0.014444
0 0.587917 0.704444 0.007500 0.011111
0 0.636250 0.860000 0.022500 0.033333
0 0.750417 0.710000 0.010833 0.017778
0 0.660833 0.968889 0.011667 0.026667
0 0.587500 0.975556 0.015000 0.017778
0 0.570417 0.966667 0.012500 0.015556
0 0.548333 0.972778 0.020000 0.018889
0 0.530000 0.962222 0.005000 0.013333
0 0.673333 0.925000 0.008333 0.005556
0 0.686667 0.933889 0.008333 0.012222
0 0.610000 0.883889 0.006667 0.012222
0 0.627917 0.968889 0.024167 0.024444
0 0.662500 0.877778 0.011667 0.017778
0 0.677500 0.855000 0.011667 0.012222
