0 0.492901 0.746479 0.020284 0.037559
0 0.480730 0.793427 0.008114 0.014085
0 0.460446 0.299296 0.028398 0.025822
0 0.674442 0.241784 0.038540 0.042254
0 0.553753 0.704225 0.016227 0.018779
0 0.482759 0.590376 0.020284 0.016432
0 0.493915 0.657277 0.014199 0.028169
0 0.520284 0.616197 0.014199 0.016432
0 0.513185 0.526995 0.012170 0.016432
0 0.542596 0.517606 0.014199 0.016432
0 0.451318 0.122066 0.046653 0.051643
0 0.698783 0.183099 0.014199 0.014085
0 0.592292 0.115023 0.036511 0.037559
0 0.579108 0.738263 0.022312 0.030516
0 0.551724 0.138498 0.012170 0.014085
0 0.517241 0.226526 0.012170 0.021127
0 0.575051 0.465962 0.014199 0.016432
0 0.575051 0.541080 0.014199 0.016432
0 0.435091 0.169014 0.014199 0.018779
0 0.547667 0.403756 0.020284 0.018779
0 0.551724 0.430751 0.020284 0.016432
0 0.512170 0.428404 0.018256 0.021127
0 0.494929 0.401408 0.008114 0.014085
0 0.482759 0.510563 0.016227 0.011737
0 0.486815 0.473005 0.012170 0.007042
0 0.588235 0.231221 0.016227 0.025822
0 0.621704 0.250000 0.026369 0.025822
0 0.548682 0.314554 0.010142 0.014085
0 0.677485 0.301643 0.032454 0.035211
0 0.651116 0.335681 0.020284 0.009390
