0 0.661787 0.542607 0.016949 0.022556
0 0.663328 0.596491 0.013867 0.015038
0 0.653313 0.670426 0.015408 0.027569
0 0.622496 0.667920 0.021572 0.032581
0 0.891371 0.353383 0.010786 0.015038
0 0.744992 0.582707 0.016949 0.037594
0 0.738059 0.540100 0.012327 0.022556
0 0.651772 0.745614 0.009245 0.012531
0 0.630200 0.794486 0.018490 0.015038
0 0.765794 0.835840 0.009245 0.012531
0 0.815871 0.870927 0.016949 0.032581
0 0.675655 0.377193 0.020031 0.022556
0 0.689522 0.234336 0.020031 0.032581
0 0.721880 0.225564 0.010786 0.020050
0 0.656394 0.304511 0.012327 0.022556
0 0.721109 0.498747 0.018490 0.025063
0 0.720339 0.328321 0.013867 0.010025
0 0.674114 0.290727 0.010786 0.020050
0 0.746533 0.215539 0.016949 0.030075
0 0.744222 0.172932 0.009245 0.020050
0 0.602465 0.545113 0.021572 0.022556
0 0.877504 0.423559 0.016949 0.035088
0 0.888290 0.476190 0.020031 0.030075
0 0.718798 0.170426 0.026194 0.035088
0 0.721109 0.261905 0.018490 0.027569
0 0.747304 0.352130 0.006163 0.017544
0 0.711864 0.546366 0.012327 0.020050
0 0.640216 0.416040 0.007704 0.020050
0 0.791217 0.738095 0.013867 0.027569
0 0.771957 0.779449 0.009245 0.020050
