0 0.835593 0.162988 0.013559 0.013582
0 0.780508 0.162139 0.011864 0.028862
0 0.482203 0.531409 0.038983 0.040747
0 0.411864 0.534805 0.030508 0.027165
0 0.685593 0.805603 0.035593 0.039049
0 0.755932 0.365025 0.023729 0.020374
0 0.404237 0.681664 0.015254 0.011885
0 0.469492 0.649406 0.016949 0.011885
0 0.674576 0.496604 0.030508 0.022071
0 0.552542 0.695246 0.020339 0.025467
0 0.608475 0.681664 0.040678 0.035654
0 0.782203 0.205433 0.015254 0.020374
0 0.205085 0.709677 0.040678 0.030560
0 0.727966 0.490662 0.032203 0.030560
0 0.731356 0.530560 0.035593 0.032258
0 0.672034 0.566214 0.035593 0.022071
0 0.677966 0.535654 0.013559 0.018676
0 0.483051 0.600170 0.027119 0.018676
0 0.792373 0.433786 0.028814 0.028862
0 0.194915 0.568761 0.037288 0.027165
0 0.479661 0.674873 0.020339 0.025467
0 0.333898 0.662988 0.044068 0.045840
0 0.610169 0.244482 0.016949 0.016978
0 0.647458 0.257216 0.027119 0.025467
0 0.694068 0.251273 0.011864 0.013582
0 0.670339 0.373514 0.022034 0.020374
0 0.677966 0.399830 0.023729 0.018676
0 0.366949 0.621392 0.008475 0.013582
0 0.806780 0.379457 0.016949 0.028862
0 0.834746 0.790323 0.028814 0.028862
