0 0.926984 0.769774 0.009524 0.008475
0 0.936508 0.744350 0.012698 0.008475
0 0.880952 0.731638 0.006349 0.016949
0 0.797619 0.823446 0.020635 0.031073
0 0.922222 0.853107 0.022222 0.033898
0 0.664286 0.425141 0.020635 0.031073
0 0.730159 0.471751 0.012698 0.022599
0 0.726190 0.427966 0.017460 0.031073
0 0.747619 0.419492 0.006349 0.008475
0 0.697619 0.467514 0.014286 0.025424
0 0.916667 0.634181 0.017460 0.025424
0 0.796032 0.692090 0.011111 0.028249
0 0.815873 0.720339 0.006349 0.016949
0 0.852381 0.703390 0.012698 0.011299
0 0.652381 0.464689 0.009524 0.014124
0 0.876190 0.843220 0.012698 0.031073
0 0.844444 0.843220 0.022222 0.042373
0 0.734127 0.389831 0.017460 0.016949
0 0.892857 0.634181 0.017460 0.036723
0 0.626190 0.508475 0.023810 0.033898
0 0.690476 0.521186 0.006349 0.008475
0 0.882540 0.788136 0.015873 0.028249
0 0.866667 0.744350 0.009524 0.008475
0 0.795238 0.627119 0.019048 0.033898
0 0.817460 0.627119 0.006349 0.016949
0 0.630952 0.398305 0.014286 0.022599
0 0.661905 0.505650 0.022222 0.039548
0 0.633333 0.432203 0.009524 0.016949
0 0.695238 0.418079 0.006349 0.016949
0 0.832540 0.775424 0.017460 0.031073
