0 0.653125 0.659375 0.037500 0.031250
0 0.851562 0.587500 0.025000 0.034375
0 0.863281 0.657813 0.014063 0.009375
0 0.852344 0.624219 0.020313 0.017188
0 0.557813 0.617969 0.012500 0.014063
0 0.595313 0.622656 0.018750 0.026562
0 0.479687 0.639062 0.009375 0.009375
0 0.447656 0.585938 0.007812 0.015625
0 0.821875 0.757812 0.009375 0.018750
0 0.832812 0.736719 0.009375 0.010937
0 0.580469 0.697656 0.017188 0.026562
0 0.554688 0.692969 0.021875 0.014063
0 0.501563 0.693750 0.018750 0.015625
0 0.914062 0.646875 0.018750 0.015625
0 0.927344 0.622656 0.007812 0.014063
0 0.849219 0.682813 0.017188 0.021875
0 0.885938 0.742969 0.012500 0.014063
0 0.865625 0.745313 0.012500 0.021875
0 0.847656 0.757031 0.010937 0.014063
0 0.435156 0.621875 0.014063 0.015625
0 0.821094 0.674219 0.010937 0.014063
0 0.893750 0.592187 0.018750 0.015625
0 0.882031 0.654687 0.010937 0.015625
0 0.451562 0.689844 0.015625 0.010937
0 0.417969 0.689844 0.014063 0.010937
0 0.922656 0.589844 0.026562 0.029687
0 0.821094 0.567187 0.020313 0.018750
0 0.917188 0.736719 0.018750 0.017188
0 0.645312 0.589063 0.037500 0.028125
0 0.822656 0.647656 0.020313 0.020313
