0 0.251627 0.442455 0.034707 0.035806
0 0.209328 0.276215 0.028200 0.035806
0 0.214751 0.313299 0.008677 0.012788
0 0.154013 0.352941 0.026030 0.025575
0 0.101952 0.292839 0.030369 0.038363
0 0.409978 0.482097 0.021692 0.033248
0 0.104121 0.373402 0.021692 0.020460
0 0.111714 0.332481 0.023861 0.020460
0 0.247289 0.342711 0.021692 0.020460
0 0.244035 0.378517 0.010846 0.015345
0 0.173536 0.485934 0.017354 0.020460
0 0.246204 0.222506 0.015184 0.020460
0 0.265727 0.190537 0.010846 0.017903
0 0.154013 0.282609 0.030369 0.043478
0 0.248373 0.291560 0.023861 0.020460
0 0.195228 0.355499 0.021692 0.020460
0 0.493492 0.182864 0.032538 0.038363
0 0.290672 0.226343 0.021692 0.017903
0 0.369848 0.551151 0.019523 0.033248
0 0.489154 0.300512 0.019523 0.017903
0 0.507592 0.386189 0.026030 0.020460
0 0.199566 0.415601 0.034707 0.038363
0 0.107375 0.441176 0.023861 0.023018
0 0.101952 0.407928 0.021692 0.023018
0 0.336226 0.336317 0.017354 0.023018
0 0.161605 0.424552 0.023861 0.025575
0 0.477223 0.497442 0.017354 0.012788
0 0.438178 0.538363 0.017354 0.007673
0 0.212581 0.625320 0.021692 0.023018
0 0.265727 0.632992 0.023861 0.023018
