0 0.783117 0.392610 0.015584 0.023095
0 0.729870 0.555427 0.007792 0.016166
0 0.744156 0.516166 0.010390 0.016166
0 0.767532 0.754042 0.020779 0.034642
0 0.772727 0.644342 0.015584 0.023095
0 0.818831 0.621247 0.011688 0.036952
0 0.738961 0.851039 0.012987 0.020785
0 0.745455 0.655889 0.010390 0.027714
0 0.790260 0.521940 0.006494 0.023095
0 0.787013 0.565820 0.010390 0.013857
0 0.935714 0.757506 0.019481 0.023095
0 0.951948 0.685912 0.015584 0.032333
0 0.815584 0.771363 0.007792 0.009238
0 0.816234 0.700924 0.011688 0.025404
0 0.945455 0.329099 0.010390 0.025404
0 0.774026 0.481524 0.007792 0.011547
0 0.792857 0.482679 0.009091 0.032333
0 0.759091 0.844111 0.011688 0.025404
0 0.883766 0.593533 0.019481 0.027714
0 0.886364 0.657044 0.011688 0.011547
0 0.938961 0.615473 0.007792 0.011547
0 0.736364 0.697460 0.010390 0.013857
0 0.942857 0.518476 0.007792 0.011547
0 0.785714 0.859122 0.010390 0.009238
0 0.801299 0.841801 0.010390 0.025404
0 0.758442 0.576212 0.007792 0.016166
0 0.763636 0.535797 0.012987 0.023095
0 0.781169 0.616628 0.014286 0.013857
0 0.798052 0.591224 0.006494 0.013857
0 0.890909 0.510393 0.015584 0.023095
