0 0.193359 0.853516 0.019531 0.019531
0 0.149414 0.874023 0.017578 0.009766
0 0.610352 0.588867 0.017578 0.013672
0 0.564453 0.734375 0.027344 0.035156
0 0.269531 0.604492 0.031250 0.033203
0 0.118164 0.366211 0.013672 0.021484
0 0.115234 0.327148 0.019531 0.017578
0 0.397461 0.607422 0.013672 0.011719
0 0.467773 0.630859 0.009766 0.019531
0 0.612305 0.706055 0.017578 0.021484
0 0.363281 0.677734 0.015625 0.015625
0 0.322266 0.670898 0.031250 0.017578
0 0.061523 0.513672 0.013672 0.015625
0 0.342773 0.636719 0.029297 0.031250
0 0.441406 0.712891 0.023438 0.039062
0 0.275391 0.670898 0.015625 0.009766
0 0.269531 0.643555 0.015625 0.013672
0 0.200195 0.649414 0.029297 0.029297
0 0.158203 0.679688 0.019531 0.015625
0 0.697266 0.704102 0.023438 0.021484
0 0.702148 0.731445 0.017578 0.017578
0 0.254883 0.703125 0.017578 0.015625
0 0.282227 0.705078 0.017578 0.019531
0 0.785156 0.709961 0.023438 0.009766
0 0.749023 0.726562 0.033203 0.039062
0 0.408203 0.643555 0.011719 0.009766
0 0.389648 0.678711 0.013672 0.021484
0 0.606445 0.669922 0.017578 0.031250
0 0.532227 0.664062 0.017578 0.015625
0 0.043945 0.267578 0.021484 0.015625
