0 0.193421 0.224561 0.018421 0.021053
0 0.222368 0.233333 0.018421 0.024561
0 0.093421 0.389474 0.013158 0.021053
0 0.127632 0.378947 0.034211 0.042105
0 0.518421 0.643860 0.010526 0.010526
0 0.489474 0.657895 0.015789 0.017544
0 0.806579 0.768421 0.028947 0.042105
0 0.347368 0.710526 0.010526 0.010526
0 0.618421 0.349123 0.026316 0.017544
0 0.577632 0.363158 0.018421 0.038596
0 0.065789 0.403509 0.010526 0.021053
0 0.211842 0.331579 0.028947 0.038596
0 0.165789 0.347368 0.010526 0.021053
0 0.364474 0.356140 0.018421 0.031579
0 0.260526 0.405263 0.021053 0.010526
0 0.501316 0.698246 0.018421 0.028070
0 0.521053 0.735088 0.021053 0.017544
0 0.873684 0.284211 0.015789 0.014035
0 0.781579 0.243860 0.026316 0.024561
0 0.823684 0.229825 0.010526 0.017544
0 0.300000 0.236842 0.021053 0.031579
0 0.260526 0.222807 0.021053 0.024561
0 0.586842 0.159649 0.031579 0.045614
0 0.311842 0.473684 0.034211 0.042105
0 0.739474 0.296491 0.010526 0.017544
0 0.693421 0.300000 0.013158 0.024561
0 0.776316 0.387719 0.010526 0.010526
0 0.742105 0.345614 0.010526 0.017544
0 0.714474 0.382456 0.013158 0.035088
0 0.453947 0.515789 0.018421 0.014035
