0 0.731445 0.525391 0.029297 0.027344
0 0.729492 0.568359 0.037109 0.027344
0 0.342773 0.658203 0.029297 0.031250
0 0.539062 0.770508 0.011719 0.013672
0 0.742188 0.432617 0.019531 0.021484
0 0.753906 0.391602 0.035156 0.033203
0 0.698242 0.716797 0.029297 0.027344
0 0.596680 0.575195 0.021484 0.013672
0 0.645508 0.720703 0.021484 0.027344
0 0.601562 0.765625 0.019531 0.019531
0 0.660156 0.519531 0.019531 0.023438
0 0.599609 0.460938 0.019531 0.019531
0 0.247070 0.755859 0.017578 0.015625
0 0.521484 0.632812 0.019531 0.023438
0 0.598633 0.706055 0.013672 0.017578
0 0.561523 0.566406 0.017578 0.027344
0 0.568359 0.444336 0.011719 0.009766
0 0.708984 0.628906 0.039062 0.042969
0 0.762695 0.676758 0.013672 0.017578
0 0.350586 0.565430 0.025391 0.021484
0 0.291992 0.565430 0.013672 0.013672
0 0.197266 0.811523 0.019531 0.017578
0 0.229492 0.808594 0.017578 0.019531
0 0.159180 0.564453 0.009766 0.027344
0 0.206055 0.554688 0.041016 0.035156
0 0.458008 0.806641 0.021484 0.019531
0 0.412109 0.837891 0.042969 0.035156
0 0.245117 0.665039 0.029297 0.033203
0 0.163086 0.640625 0.017578 0.023438
0 0.356445 0.813477 0.033203 0.037109
