0 0.807031 0.705469 0.032813 0.076563
0 0.693750 0.311719 0.028125 0.026562
0 0.475000 0.664062 0.025000 0.028125
0 0.553125 0.438281 0.021875 0.020313
0 0.550781 0.402344 0.014063 0.014063
0 0.229687 0.235937 0.031250 0.040625
0 0.237500 0.273438 0.009375 0.009375
0 0.446094 0.407031 0.014063 0.010937
0 0.660156 0.374219 0.026562 0.014063
0 0.600781 0.378906 0.017188 0.020313
0 0.670312 0.254688 0.006250 0.012500
0 0.653125 0.331250 0.021875 0.021875
0 0.617188 0.328125 0.015625 0.018750
0 0.235156 0.309375 0.029687 0.040625
0 0.303125 0.416406 0.021875 0.020313
0 0.512500 0.400781 0.012500 0.014063
0 0.360156 0.353125 0.032813 0.021875
0 0.243750 0.144531 0.018750 0.017188
0 0.208594 0.175000 0.026562 0.015625
0 0.468750 0.889062 0.015625 0.018750
0 0.442188 0.916406 0.021875 0.023438
0 0.907031 0.467187 0.026562 0.021875
0 0.865625 0.452344 0.025000 0.026562
0 0.375781 0.924219 0.039062 0.035937
0 0.152344 0.237500 0.039062 0.034375
0 0.164062 0.205469 0.015625 0.014063
0 0.792969 0.492969 0.017188 0.026562
0 0.900000 0.263281 0.025000 0.035937
0 0.932031 0.232031 0.020313 0.029687
0 0.381250 0.668750 0.028125 0.031250
0 0.317969 0.685156 0.023438 0.023438
