0 0.916992 0.713867 0.021484 0.021484
0 0.904297 0.740234 0.015625 0.007812
0 0.975586 0.641602 0.025391 0.021484
0 0.880859 0.722656 0.011719 0.023438
0 0.952148 0.681641 0.021484 0.023438
0 0.893555 0.687500 0.017578 0.015625
0 0.981445 0.672852 0.021484 0.021484
0 0.928711 0.598633 0.013672 0.037109
0 0.864258 0.613281 0.041016 0.019531
0 0.618164 0.323242 0.029297 0.029297
0 0.704102 0.491211 0.017578 0.025391
0 0.704102 0.527344 0.021484 0.027344
0 0.630859 0.208984 0.015625 0.019531
0 0.784180 0.405273 0.021484 0.017578
0 0.953125 0.583008 0.011719 0.021484
0 0.511719 0.254883 0.015625 0.017578
0 0.546875 0.245117 0.031250 0.017578
0 0.900391 0.579102 0.007812 0.013672
0 0.515625 0.696289 0.011719 0.013672
0 0.739258 0.594727 0.017578 0.009766
0 0.744141 0.631836 0.031250 0.017578
0 0.440430 0.314453 0.017578 0.019531
0 0.906250 0.083984 0.011719 0.011719
0 0.853516 0.096680 0.027344 0.033203
0 0.417969 0.204102 0.007812 0.013672
0 0.649414 0.150391 0.037109 0.027344
0 0.646484 0.080078 0.027344 0.023438
0 0.875000 0.580078 0.015625 0.015625
0 0.973633 0.718750 0.029297 0.035156
0 0.896484 0.401367 0.019531 0.029297
