0 0.225586 0.642578 0.013672 0.035156
0 0.166016 0.606445 0.015625 0.064453
0 0.177734 0.631836 0.015625 0.052734
0 0.164062 0.909180 0.039062 0.041016
0 0.857422 0.431641 0.027344 0.027344
0 0.839844 0.388672 0.035156 0.042969
0 0.691406 0.172852 0.042969 0.044922
0 0.657227 0.217773 0.021484 0.017578
0 0.573242 0.850586 0.044922 0.044922
0 0.565430 0.813477 0.009766 0.013672
0 0.292969 0.874023 0.023438 0.025391
0 0.242188 0.865234 0.023438 0.042969
0 0.651367 0.515625 0.021484 0.019531
0 0.766602 0.225586 0.025391 0.029297
0 0.790039 0.166992 0.037109 0.033203
0 0.385742 0.959961 0.021484 0.017578
0 0.696289 0.384766 0.017578 0.027344
0 0.649414 0.382812 0.021484 0.023438
0 0.147461 0.958984 0.017578 0.019531
0 0.574219 0.650391 0.039062 0.035156
0 0.583984 0.694336 0.039062 0.017578
0 0.600586 0.739258 0.017578 0.025391
0 0.281250 0.816406 0.015625 0.023438
0 0.203125 0.816406 0.027344 0.027344
0 0.496094 0.881836 0.011719 0.009766
0 0.510742 0.848633 0.013672 0.009766
0 0.902344 0.163086 0.011719 0.009766
0 0.833984 0.238281 0.015625 0.011719
0 0.337891 0.909180 0.031250 0.029297
0 0.410156 0.898438 0.023438 0.019531
0 0.656250 0.584961 0.035156 0.037109
0 0.623047 0.580078 0.015625 0.023438
0 0.479492 0.953125 0.021484 0.023438
