0 0.396484 0.835938 0.011719 0.015625
0 0.438477 0.837891 0.021484 0.031250
0 0.207031 0.875000 0.015625 0.015625
0 0.773438 0.775391 0.031250 0.023438
0 0.060547 0.832031 0.042969 0.042969
0 0.101562 0.888672 0.035156 0.019531
0 0.114258 0.791016 0.033203 0.019531
0 0.149414 0.779297 0.013672 0.015625
0 0.249023 0.784180 0.017578 0.029297
0 0.280273 0.790039 0.017578 0.013672
0 0.186523 0.573242 0.041016 0.041016
0 0.124023 0.727539 0.017578 0.017578
0 0.810547 0.775391 0.011719 0.011719
0 0.098633 0.579102 0.037109 0.029297
0 0.345703 0.746094 0.015625 0.023438
0 0.201172 0.725586 0.035156 0.017578
0 0.378906 0.473633 0.019531 0.029297
0 0.308594 0.693359 0.023438 0.015625
0 0.206055 0.681641 0.021484 0.031250
0 0.317383 0.830078 0.029297 0.031250
0 0.347656 0.838867 0.011719 0.009766
0 0.709961 0.793945 0.021484 0.025391
0 0.714844 0.762695 0.011719 0.009766
0 0.130859 0.834961 0.019531 0.025391
0 0.275391 0.838867 0.011719 0.009766
0 0.240234 0.826172 0.007812 0.015625
0 0.777344 0.563477 0.011719 0.021484
0 0.774414 0.612305 0.013672 0.021484
0 0.809570 0.644531 0.025391 0.031250
0 0.807617 0.603516 0.033203 0.019531
