0 0.706422 0.886047 0.022936 0.046512
0 0.761468 0.372093 0.018349 0.018605
0 0.741972 0.317442 0.011468 0.016279
0 0.880734 0.344186 0.018349 0.013953
0 0.431193 0.466279 0.013761 0.011628
0 0.813073 0.359302 0.016055 0.030233
0 0.704128 0.538372 0.032110 0.030233
0 0.454128 0.520930 0.022936 0.018605
0 0.450688 0.560465 0.029817 0.023256
0 0.719037 0.616279 0.011468 0.013953
0 0.744266 0.624419 0.020642 0.030233
0 0.508028 0.196512 0.025229 0.020930
0 0.665138 0.612791 0.013761 0.011628
0 0.625000 0.591860 0.034404 0.034884
0 0.465596 0.715116 0.022936 0.011628
0 0.549312 0.180233 0.011468 0.020930
0 0.423165 0.353488 0.029817 0.013953
0 0.408257 0.284884 0.013761 0.030233
0 0.545872 0.453488 0.032110 0.027907
0 0.467890 0.602326 0.022936 0.041860
0 0.541284 0.075581 0.032110 0.030233
0 0.540138 0.115116 0.025229 0.030233
0 0.706422 0.359302 0.013761 0.016279
0 0.705275 0.324419 0.020642 0.030233
0 0.452982 0.777907 0.025229 0.025581
0 0.860092 0.553488 0.027523 0.027907
0 0.579128 0.610465 0.025229 0.025581
0 0.529817 0.610465 0.018349 0.016279
0 0.772936 0.525581 0.018349 0.013953
0 0.458716 0.413953 0.036697 0.041860
0 0.463303 0.473256 0.018349 0.020930
