0 0.262127 0.255814 0.024254 0.016913
0 0.267724 0.283298 0.013060 0.016913
0 0.257463 0.339323 0.029851 0.027484
0 0.211754 0.405920 0.039179 0.038055
0 0.218284 0.438689 0.011194 0.010571
0 0.210821 0.328753 0.014925 0.014799
0 0.279851 0.192389 0.018657 0.025370
0 0.323694 0.257928 0.031716 0.025370
0 0.323694 0.286469 0.016791 0.010571
0 0.217351 0.284355 0.016791 0.019027
0 0.331157 0.359408 0.013060 0.012685
0 0.319963 0.198732 0.020522 0.029598
0 0.306903 0.406977 0.016791 0.019027
0 0.322761 0.435518 0.018657 0.021142
0 0.257463 0.383721 0.029851 0.019027
0 0.274254 0.409091 0.014925 0.014799
0 0.172575 0.384778 0.005597 0.012685
0 0.159515 0.150106 0.024254 0.021142
0 0.165112 0.337209 0.035448 0.044397
0 0.223881 0.186047 0.037313 0.038055
0 0.174440 0.281184 0.020522 0.008457
0 0.164179 0.245243 0.037313 0.046512
