0 0.312018 0.378082 0.026194 0.049315
0 0.301233 0.490411 0.016949 0.016438
0 0.294299 0.556164 0.006163 0.021918
0 0.445300 0.128767 0.009245 0.021918
0 0.405239 0.149315 0.009245 0.019178
0 0.275809 0.657534 0.015408 0.021918
0 0.183359 0.249315 0.009245 0.010959
0 0.183359 0.282192 0.009245 0.010959
0 0.510015 0.347945 0.015408 0.016438
0 0.191063 0.484932 0.024653 0.038356
0 0.536210 0.264384 0.009245 0.024658
0 0.685670 0.190411 0.009245 0.013699
0 0.389060 0.193151 0.020031 0.035616
0 0.466102 0.191781 0.020031 0.027397
0 0.394453 0.280822 0.021572 0.035616
0 0.429892 0.268493 0.012327 0.032877
0 0.234977 0.331507 0.010786 0.016438
0 0.255778 0.369863 0.024653 0.038356
0 0.442219 0.335616 0.009245 0.013699
0 0.394453 0.367123 0.021572 0.016438
0 0.181048 0.183562 0.013867 0.021918
0 0.327427 0.161644 0.007704 0.032877
0 0.406009 0.575342 0.007704 0.016438
0 0.369800 0.658904 0.009245 0.019178
0 0.362866 0.712329 0.026194 0.043836
0 0.333590 0.726027 0.020031 0.032877
0 0.550077 0.183562 0.015408 0.021918
0 0.452234 0.663014 0.013867 0.032877
0 0.660247 0.132877 0.023112 0.041096
0 0.705701 0.116438 0.024653 0.035616
