0 0.832031 0.084375 0.010937 0.006250
0 0.821875 0.121094 0.034375 0.023438
0 0.332813 0.386719 0.040625 0.042188
0 0.804688 0.324219 0.021875 0.020313
0 0.771875 0.328906 0.012500 0.014063
0 0.815625 0.435156 0.037500 0.032813
0 0.439063 0.303906 0.006250 0.017188
0 0.682031 0.154688 0.020313 0.028125
0 0.669531 0.329688 0.032813 0.031250
0 0.705469 0.333594 0.014063 0.014063
0 0.770312 0.233594 0.031250 0.039062
0 0.881250 0.243750 0.012500 0.009375
0 0.492188 0.740625 0.037500 0.025000
0 0.604688 0.709375 0.021875 0.015625
0 0.641406 0.713281 0.020313 0.023438
0 0.348438 0.717187 0.021875 0.021875
0 0.414844 0.717187 0.007812 0.015625
0 0.313281 0.443750 0.014063 0.015625
0 0.697656 0.272656 0.017188 0.020313
0 0.223438 0.312500 0.031250 0.031250
0 0.459375 0.250781 0.031250 0.042188
0 0.747656 0.307031 0.014063 0.007812
0 0.329688 0.319531 0.012500 0.014063
0 0.404687 0.318750 0.034375 0.037500
0 0.216406 0.382812 0.023438 0.025000
0 0.506250 0.659375 0.012500 0.012500
0 0.473438 0.660937 0.025000 0.018750
0 0.781250 0.369531 0.018750 0.017188
0 0.875000 0.264844 0.018750 0.017188
0 0.917188 0.267188 0.006250 0.012500
