0 0.600586 0.621094 0.029297 0.011719
0 0.959961 0.584961 0.033203 0.033203
0 0.095703 0.266602 0.035156 0.021484
0 0.128906 0.274414 0.011719 0.009766
0 0.666992 0.377930 0.037109 0.037109
0 0.636719 0.369141 0.007812 0.023438
0 0.706055 0.843750 0.013672 0.015625
0 0.549805 0.537109 0.029297 0.015625
0 0.707031 0.600586 0.011719 0.009766
0 0.546875 0.663086 0.023438 0.029297
0 0.247070 0.262695 0.013672 0.009766
0 0.133789 0.358398 0.033203 0.044922
0 0.847656 0.546875 0.019531 0.019531
0 0.851562 0.580078 0.015625 0.015625
0 0.543945 0.735352 0.033203 0.021484
0 0.516602 0.761719 0.009766 0.011719
0 0.614258 0.458008 0.013672 0.025391
0 0.654297 0.534180 0.023438 0.017578
0 0.656250 0.581055 0.011719 0.013672
0 0.616211 0.548828 0.013672 0.027344
0 0.163086 0.273438 0.029297 0.027344
0 0.683594 0.423828 0.015625 0.011719
0 0.646484 0.418945 0.031250 0.029297
0 0.914062 0.598633 0.019531 0.017578
0 0.040039 0.455078 0.033203 0.031250
0 0.090820 0.360352 0.029297 0.029297
0 0.554688 0.416992 0.019531 0.033203
0 0.594727 0.417969 0.029297 0.031250
0 0.082031 0.466797 0.027344 0.019531
0 0.083984 0.444336 0.011719 0.005859
