0 0.739216 0.430502 0.011765 0.034749
0 0.764706 0.440154 0.007843 0.015444
0 0.741176 0.341699 0.007843 0.027027
0 0.775490 0.341699 0.009804 0.027027
0 0.242157 0.542471 0.013725 0.027027
0 0.599020 0.550193 0.021569 0.034749
0 0.654902 0.594595 0.007843 0.023166
0 0.685294 0.596525 0.017647 0.019305
0 0.307843 0.496139 0.007843 0.019305
0 0.338235 0.403475 0.017647 0.042471
0 0.302941 0.409266 0.013725 0.023166
0 0.866667 0.500000 0.015686 0.019305
0 0.917647 0.463320 0.007843 0.015444
0 0.543137 0.561776 0.007843 0.027027
0 0.492157 0.581081 0.007843 0.011583
0 0.691176 0.503861 0.013725 0.027027
0 0.639216 0.505792 0.015686 0.038610
0 0.633333 0.590734 0.015686 0.023166
0 0.611765 0.592664 0.007843 0.019305
0 0.719608 0.463320 0.007843 0.023166
0 0.794118 0.474903 0.007843 0.015444
0 0.783333 0.233591 0.021569 0.034749
0 0.449020 0.492278 0.007843 0.019305
0 0.427451 0.503861 0.007843 0.027027
0 0.633333 0.285714 0.007843 0.023166
0 0.623529 0.229730 0.015686 0.034749
0 0.596078 0.650579 0.015686 0.027027
0 0.868627 0.430502 0.011765 0.034749
0 0.835294 0.422780 0.007843 0.019305
0 0.772549 0.507722 0.011765 0.027027
