0 0.637083 0.571111 0.009167 0.013333
0 0.620417 0.565185 0.010833 0.016296
0 0.199167 0.401481 0.015000 0.017778
0 0.112083 0.432593 0.019167 0.044444
0 0.121667 0.362963 0.010000 0.014815
0 0.819583 0.188148 0.015833 0.026667
0 0.570000 0.463704 0.016667 0.035556
0 0.492500 0.172593 0.008333 0.022222
0 0.536250 0.145185 0.007500 0.008889
0 0.761250 0.189630 0.014167 0.035556
0 0.366667 0.481481 0.016667 0.020741
0 0.398750 0.501481 0.005833 0.022222
0 0.733333 0.454815 0.011667 0.011852
0 0.418333 0.270370 0.008333 0.013333
0 0.681250 0.560000 0.010833 0.014815
0 0.662083 0.560741 0.009167 0.010370
0 0.600000 0.662222 0.018333 0.017778
0 0.850417 0.434074 0.007500 0.017778
0 0.830000 0.417778 0.008333 0.014815
0 0.525000 0.277037 0.006667 0.008889
0 0.850000 0.565185 0.021667 0.028148
0 0.595833 0.449630 0.021667 0.019259
0 0.632917 0.444444 0.017500 0.026667
0 0.326250 0.293333 0.022500 0.032593
0 0.842083 0.326667 0.017500 0.031111
0 0.077500 0.619259 0.016667 0.026667
0 0.698333 0.434815 0.013333 0.037037
0 0.738750 0.434815 0.010833 0.016296
0 0.371667 0.640741 0.015000 0.040000
0 0.480833 0.709630 0.016667 0.038519
