0 0.433594 0.276367 0.011719 0.017578
0 0.885742 0.212891 0.017578 0.035156
0 0.446289 0.331055 0.037109 0.029297
0 0.821289 0.474609 0.029297 0.031250
0 0.705078 0.299805 0.011719 0.029297
0 0.306641 0.873047 0.015625 0.019531
0 0.511719 0.274414 0.019531 0.017578
0 0.478516 0.276367 0.007812 0.013672
0 0.727539 0.121094 0.013672 0.007812
0 0.697266 0.145508 0.011719 0.013672
0 0.122070 0.912109 0.021484 0.023438
0 0.834961 0.172852 0.029297 0.017578
0 0.819336 0.224609 0.033203 0.046875
0 0.815430 0.054688 0.033203 0.019531
0 0.814453 0.125977 0.023438 0.037109
0 0.197266 0.920898 0.011719 0.009766
0 0.328125 0.275391 0.035156 0.023438
0 0.319336 0.326172 0.017578 0.011719
0 0.180664 0.885742 0.037109 0.021484
0 0.316406 0.304688 0.007812 0.015625
0 0.345703 0.305664 0.011719 0.013672
0 0.478516 0.243164 0.011719 0.017578
0 0.509766 0.250000 0.019531 0.011719
0 0.142578 0.798828 0.019531 0.027344
0 0.714844 0.448242 0.046875 0.048828
0 0.245117 0.832031 0.029297 0.023438
0 0.455078 0.296875 0.015625 0.015625
0 0.307617 0.239258 0.013672 0.009766
0 0.369141 0.299805 0.011719 0.013672
0 0.395508 0.304688 0.021484 0.023438
