0 0.932617 0.417969 0.029297 0.031250
0 0.949219 0.507812 0.035156 0.027344
0 0.893555 0.489258 0.029297 0.025391
0 0.740234 0.284180 0.031250 0.033203
0 0.676758 0.297852 0.013672 0.013672
0 0.707031 0.423828 0.031250 0.023438
0 0.693359 0.453125 0.019531 0.019531
0 0.780273 0.428711 0.021484 0.021484
0 0.602539 0.433594 0.037109 0.031250
0 0.907227 0.367188 0.033203 0.035156
0 0.979492 0.383789 0.013672 0.013672
0 0.826172 0.302734 0.027344 0.015625
0 0.582031 0.496094 0.015625 0.031250
0 0.634766 0.506836 0.039062 0.041016
0 0.613281 0.362305 0.039062 0.029297
0 0.553711 0.296875 0.013672 0.011719
0 0.794922 0.500000 0.019531 0.019531
0 0.737305 0.354492 0.025391 0.013672
0 0.781250 0.340820 0.023438 0.009766
0 0.910156 0.299805 0.015625 0.013672
0 0.754883 0.496094 0.017578 0.015625
