0 0.607812 0.341406 0.034375 0.029687
0 0.608594 0.292187 0.020313 0.009375
0 0.392969 0.207813 0.023438 0.021875
0 0.401562 0.152344 0.037500 0.023438
0 0.067187 0.576562 0.006250 0.012500
0 0.061719 0.520312 0.010937 0.009375
0 0.067187 0.506250 0.012500 0.006250
0 0.471094 0.475000 0.017188 0.040625
0 0.128125 0.519531 0.018750 0.014063
0 0.542969 0.070312 0.010937 0.015625
0 0.535937 0.100000 0.015625 0.012500
0 0.628906 0.096875 0.023438 0.025000
0 0.160156 0.617969 0.026562 0.026562
0 0.518750 0.344531 0.015625 0.010937
0 0.531250 0.296875 0.040625 0.031250
0 0.099219 0.585156 0.026562 0.032813
0 0.466406 0.057031 0.032813 0.035937
0 0.451562 0.089063 0.015625 0.009375
0 0.392969 0.314844 0.035937 0.042188
0 0.092969 0.628906 0.014063 0.010937
0 0.160156 0.523438 0.014063 0.021875
0 0.137500 0.582812 0.012500 0.015625
0 0.098437 0.517969 0.028125 0.029687
0 0.103906 0.548438 0.014063 0.015625
0 0.633594 0.188281 0.014063 0.010937
0 0.605469 0.172656 0.029687 0.023438
0 0.160938 0.582031 0.015625 0.017188
0 0.521094 0.186719 0.017188 0.020313
0 0.532031 0.220312 0.029687 0.031250
0 0.475781 0.282031 0.023438 0.023438
