0 0.664844 0.814844 0.042188 0.042188
0 0.652344 0.857031 0.014063 0.014063
0 0.478906 0.748437 0.017188 0.018750
0 0.856250 0.307031 0.025000 0.023438
0 0.824219 0.293750 0.020313 0.018750
0 0.359375 0.334375 0.012500 0.012500
0 0.355469 0.583594 0.035937 0.026562
0 0.359375 0.616406 0.015625 0.017188
0 0.232031 0.382031 0.014063 0.014063
0 0.225000 0.414844 0.015625 0.026562
0 0.369531 0.242969 0.023438 0.020313
0 0.357812 0.302344 0.034375 0.032813
0 0.767969 0.453125 0.014063 0.009375
0 0.542969 0.634375 0.032813 0.028125
0 0.262500 0.616406 0.012500 0.014063
0 0.274219 0.589063 0.017188 0.025000
0 0.482031 0.625000 0.035937 0.034375
0 0.272656 0.453906 0.026562 0.020313
0 0.270313 0.489844 0.028125 0.026562
0 0.575000 0.617969 0.012500 0.017188
0 0.597656 0.474219 0.014063 0.026562
0 0.611719 0.748437 0.020313 0.021875
0 0.581250 0.764062 0.015625 0.015625
0 0.653906 0.694531 0.048438 0.051562
0 0.685937 0.489063 0.021875 0.012500
0 0.325781 0.260937 0.014063 0.009375
0 0.211719 0.619531 0.017188 0.020313
0 0.220312 0.560937 0.037500 0.037500
0 0.841406 0.203125 0.014063 0.012500
0 0.805469 0.227344 0.020313 0.017188
