0 0.337891 0.215820 0.015625 0.013672
0 0.363281 0.213867 0.015625 0.017578
0 0.371094 0.247070 0.007812 0.013672
0 0.319336 0.245117 0.013672 0.017578
0 0.476562 0.676758 0.011719 0.005859
0 0.489258 0.716797 0.033203 0.035156
0 0.062500 0.338867 0.019531 0.017578
0 0.500977 0.462891 0.037109 0.042969
0 0.493164 0.396484 0.017578 0.015625
0 0.578125 0.722656 0.019531 0.019531
0 0.597656 0.684570 0.031250 0.041016
0 0.386719 0.679688 0.039062 0.035156
0 0.416992 0.559570 0.021484 0.021484
0 0.419922 0.520508 0.039062 0.025391
0 0.479492 0.187500 0.017578 0.027344
0 0.541992 0.191406 0.025391 0.023438
0 0.230469 0.283203 0.039062 0.035156
0 0.405273 0.190430 0.017578 0.017578
0 0.284180 0.236328 0.033203 0.031250
0 0.287109 0.204102 0.011719 0.017578
0 0.618164 0.282227 0.025391 0.029297
0 0.572266 0.291016 0.035156 0.019531
0 0.329102 0.688477 0.033203 0.029297
0 0.231445 0.390625 0.044922 0.042969
0 0.442383 0.457031 0.029297 0.023438
0 0.585938 0.241211 0.019531 0.009766
0 0.119141 0.348633 0.019531 0.025391
0 0.144531 0.340820 0.011719 0.037109
0 0.277344 0.291992 0.019531 0.021484
0 0.242188 0.233398 0.023438 0.025391
