0 0.752260 0.208861 0.021700 0.017722
0 0.120253 0.767089 0.016275 0.030380
0 0.471971 0.621519 0.007233 0.022785
0 0.401447 0.643038 0.014467 0.020253
0 0.438517 0.167089 0.034358 0.045570
0 0.676311 0.272152 0.007233 0.007595
0 0.835443 0.644304 0.036166 0.053165
0 0.964738 0.835443 0.023508 0.035443
0 0.327306 0.206329 0.010850 0.007595
0 0.350814 0.253165 0.010850 0.020253
0 0.762206 0.613924 0.019892 0.012658
0 0.794756 0.632911 0.027125 0.035443
0 0.627486 0.624051 0.025316 0.027848
0 0.643761 0.237975 0.028933 0.045570
0 0.625678 0.193671 0.025316 0.022785
0 0.389693 0.063291 0.023508 0.025316
0 0.734177 0.545570 0.018083 0.037975
0 0.710669 0.484810 0.010850 0.007595
0 0.844485 0.394937 0.025316 0.025316
0 0.684448 0.507595 0.023508 0.037975
0 0.711573 0.535443 0.012658 0.022785
0 0.779385 0.763291 0.014467 0.022785
0 0.784810 0.696203 0.007233 0.015190
0 0.356239 0.050633 0.025316 0.040506
0 0.584991 0.507595 0.009042 0.027848
0 0.532550 0.500000 0.027125 0.032911
0 0.335443 0.760759 0.030741 0.022785
0 0.380651 0.745570 0.009042 0.017722
0 0.548825 0.656962 0.027125 0.027848
0 0.584087 0.608861 0.025316 0.027848
