0 0.244724 0.620585 0.018669 0.032887
0 0.119724 0.714373 0.018669 0.030451
0 0.532468 0.237515 0.017857 0.031669
0 0.296672 0.406821 0.007305 0.036541
0 0.277192 0.438490 0.025162 0.038977
0 0.537744 0.621803 0.007305 0.020706
0 0.485795 0.624848 0.023539 0.031669
0 0.292208 0.293544 0.011364 0.014616
0 0.283279 0.332521 0.014610 0.034105
0 0.421266 0.424482 0.024351 0.042631
0 0.391640 0.398904 0.013799 0.023143
0 0.204140 0.777101 0.020292 0.014616
0 0.248782 0.422046 0.012175 0.015834
0 0.246753 0.455542 0.016234 0.031669
0 0.543425 0.439708 0.008929 0.017052
0 0.508929 0.437881 0.009740 0.020706
0 0.267045 0.665652 0.027597 0.032887
0 0.510958 0.283191 0.012175 0.010962
0 0.164367 0.581608 0.026786 0.042631
0 0.240260 0.568819 0.016234 0.014616
0 0.103896 0.746041 0.004870 0.013398
0 0.574675 0.236906 0.011364 0.018270
0 0.599432 0.232643 0.008929 0.014616
0 0.285714 0.366017 0.008117 0.013398
0 0.282062 0.397686 0.013799 0.032887
0 0.162744 0.785627 0.018669 0.029233
0 0.342532 0.309988 0.009740 0.015834
0 0.364854 0.448234 0.010552 0.019488
0 0.450487 0.666261 0.009740 0.017052
0 0.406250 0.665043 0.012175 0.021924
