0 0.215625 0.864844 0.006250 0.017188
0 0.292187 0.854688 0.006250 0.015625
0 0.272656 0.857812 0.007812 0.015625
0 0.324219 0.844531 0.007812 0.020313
0 0.253906 0.860938 0.007812 0.021875
0 0.856250 0.260937 0.028125 0.031250
0 0.226562 0.528125 0.034375 0.018750
0 0.169531 0.532813 0.035937 0.025000
0 0.176563 0.581250 0.034375 0.037500
0 0.245312 0.585938 0.025000 0.028125
0 0.791406 0.313281 0.026562 0.017188
0 0.217188 0.575781 0.018750 0.020313
0 0.503125 0.506250 0.034375 0.034375
0 0.760156 0.266406 0.026562 0.029687
0 0.176563 0.735156 0.015625 0.020313
0 0.196094 0.746094 0.010937 0.017188
0 0.146094 0.456250 0.010937 0.025000
0 0.126562 0.460156 0.009375 0.017188
0 0.487500 0.582812 0.028125 0.034375
0 0.455469 0.589844 0.014063 0.014063
0 0.152344 0.734375 0.014063 0.012500
0 0.139844 0.421875 0.023438 0.021875
0 0.686719 0.264062 0.017188 0.015625
0 0.713281 0.267188 0.020313 0.028125
0 0.152344 0.840625 0.020313 0.025000
0 0.575000 0.671094 0.046875 0.035937
0 0.354687 0.574219 0.043750 0.042188
0 0.751563 0.305469 0.034375 0.029687
0 0.803906 0.210938 0.042188 0.028125
0 0.523438 0.567969 0.028125 0.029687
0 0.187500 0.480469 0.031250 0.023438
0 0.421094 0.517188 0.020313 0.037500
0 0.742969 0.215625 0.029687 0.043750
0 0.592187 0.529687 0.018750 0.034375
0 0.546094 0.529687 0.026562 0.034375
