0 0.196094 0.631250 0.039062 0.037500
0 0.196094 0.597656 0.020313 0.007812
0 0.142969 0.331250 0.017188 0.012500
0 0.117188 0.333594 0.009375 0.017188
0 0.103125 0.345313 0.006250 0.015625
0 0.121875 0.612500 0.025000 0.021875
0 0.181250 0.831250 0.031250 0.025000
0 0.256250 0.612500 0.031250 0.037500
0 0.244531 0.643750 0.017188 0.012500
0 0.339844 0.737500 0.026562 0.025000
0 0.306250 0.737500 0.028125 0.034375
0 0.252344 0.546875 0.010937 0.012500
0 0.248438 0.572656 0.037500 0.026562
0 0.428125 0.757031 0.034375 0.014063
0 0.475000 0.750781 0.021875 0.017188
0 0.188281 0.474219 0.032813 0.026562
0 0.209375 0.509375 0.025000 0.021875
0 0.190625 0.540625 0.031250 0.025000
0 0.065625 0.789062 0.015625 0.015625
0 0.190625 0.776563 0.015625 0.015625
0 0.241406 0.695312 0.032813 0.031250
0 0.112500 0.302344 0.025000 0.020313
0 0.147656 0.569531 0.026562 0.026562
0 0.214062 0.740625 0.028125 0.028125
0 0.170313 0.745313 0.012500 0.018750
0 0.094531 0.748437 0.029687 0.025000
0 0.242188 0.478906 0.025000 0.039062
0 0.055469 0.367969 0.023438 0.020313
0 0.114844 0.368750 0.020313 0.018750
0 0.145313 0.306250 0.015625 0.012500
