0 0.842773 0.930664 0.013672 0.013672
0 0.475586 0.901367 0.033203 0.017578
0 0.444336 0.904297 0.013672 0.011719
0 0.621094 0.919922 0.015625 0.015625
0 0.546875 0.862305 0.015625 0.009766
0 0.973633 0.885742 0.009766 0.013672
0 0.329102 0.822266 0.025391 0.023438
0 0.395508 0.807617 0.017578 0.009766
0 0.408203 0.897461 0.011719 0.009766
0 0.383789 0.901367 0.009766 0.017578
0 0.873047 0.881836 0.007812 0.013672
0 0.892578 0.889648 0.015625 0.013672
0 0.458984 0.880859 0.015625 0.007812
0 0.927734 0.901367 0.011719 0.009766
0 0.622070 0.891602 0.013672 0.009766
0 0.668945 0.935547 0.013672 0.011719
0 0.941406 0.881836 0.011719 0.009766
0 0.271484 0.753906 0.023438 0.031250
0 0.584961 0.920898 0.021484 0.017578
0 0.561523 0.918945 0.009766 0.013672
0 0.777344 0.889648 0.011719 0.013672
0 0.385742 0.788086 0.017578 0.013672
0 0.150391 0.790039 0.027344 0.025391
0 0.185547 0.788086 0.027344 0.021484
0 0.887695 0.935547 0.017578 0.011719
0 0.865234 0.930664 0.011719 0.021484
0 0.730469 0.920898 0.023438 0.013672
0 0.535156 0.747070 0.011719 0.005859
0 0.617188 0.729492 0.011719 0.005859
0 0.224609 0.792969 0.015625 0.015625
