0 0.113281 0.714844 0.035156 0.035156
0 0.105469 0.827148 0.035156 0.025391
0 0.232422 0.763672 0.027344 0.027344
0 0.107422 0.759766 0.027344 0.027344
0 0.165039 0.709961 0.025391 0.021484
0 0.195312 0.704102 0.011719 0.017578
0 0.166016 0.763672 0.031250 0.039062
0 0.113281 0.667969 0.015625 0.011719
0 0.238281 0.688477 0.015625 0.017578
0 0.250977 0.722656 0.013672 0.011719
0 0.302734 0.815430 0.023438 0.025391
0 0.167969 0.830078 0.015625 0.011719
0 0.192383 0.822266 0.017578 0.027344
0 0.295898 0.708984 0.025391 0.023438
0 0.292969 0.683594 0.015625 0.007812
0 0.240234 0.838867 0.011719 0.009766
0 0.236328 0.803711 0.019531 0.025391
0 0.288086 0.653320 0.029297 0.029297
0 0.188477 0.665039 0.009766 0.025391
0 0.153320 0.649414 0.017578 0.017578
0 0.222656 0.662109 0.031250 0.011719
0 0.284180 0.764648 0.021484 0.025391
