0 0.364063 0.511719 0.078125 0.157812
0 0.822656 0.478125 0.089063 0.131250
0 0.007031 0.114844 0.014063 0.029687
0 0.635156 0.582031 0.020313 0.014063
0 0.633594 0.628906 0.020313 0.017188
0 0.958594 0.434375 0.026562 0.028125
0 0.667188 0.432812 0.021875 0.028125
0 0.580469 0.785937 0.035937 0.034375
0 0.561719 0.198437 0.032813 0.018750
0 0.557813 0.414062 0.015625 0.009375
0 0.564844 0.720313 0.020313 0.012500
0 0.565625 0.680469 0.021875 0.020313
0 0.632031 0.709375 0.023438 0.021875
0 0.624219 0.742188 0.032813 0.021875
0 0.562500 0.330469 0.028125 0.026562
0 0.905469 0.548438 0.007812 0.012500
0 0.667188 0.603906 0.031250 0.026562
0 0.667969 0.639844 0.023438 0.023438
0 0.632812 0.678125 0.021875 0.021875
0 0.728125 0.450781 0.025000 0.026562
0 0.725000 0.484375 0.018750 0.015625
0 0.755469 0.400781 0.007812 0.014063
0 0.393750 0.742969 0.012500 0.020313
0 0.605469 0.530469 0.023438 0.023438
0 0.867969 0.621875 0.020313 0.021875
0 0.871875 0.589844 0.012500 0.014063
0 0.540625 0.573438 0.012500 0.012500
0 0.500781 0.893750 0.023438 0.012500
0 0.791406 0.384375 0.010937 0.006250
0 0.775781 0.398438 0.007812 0.015625
0 0.905469 0.704688 0.017188 0.040625
0 0.907031 0.746094 0.010937 0.014063
0 0.879687 0.466406 0.012500 0.014063
