0 0.259386 0.528571 0.017065 0.020952
0 0.636519 0.653333 0.017065 0.015238
0 0.607509 0.682857 0.010239 0.017143
0 0.745734 0.575238 0.023891 0.034286
0 0.776451 0.606667 0.017065 0.013333
0 0.145051 0.271429 0.027304 0.043810
0 0.215017 0.293333 0.010239 0.011429
0 0.157850 0.338095 0.029010 0.040000
0 0.186860 0.361905 0.011945 0.011429
0 0.277304 0.448571 0.035836 0.040000
0 0.698805 0.643810 0.025597 0.034286
0 0.704778 0.688571 0.013652 0.017143
0 0.347270 0.349524 0.018771 0.020952
0 0.441980 0.354286 0.030717 0.038095
0 0.759386 0.672381 0.027304 0.041905
0 0.780717 0.534286 0.008532 0.013333
0 0.748294 0.521905 0.029010 0.041905
0 0.686860 0.506667 0.035836 0.034286
0 0.529010 0.447619 0.034130 0.030476
0 0.514505 0.506667 0.035836 0.041905
0 0.697099 0.745714 0.029010 0.032381
0 0.145904 0.531429 0.029010 0.015238
0 0.215017 0.489524 0.034130 0.034286
0 0.501706 0.377143 0.030717 0.026667
0 0.573379 0.357143 0.013652 0.017143
0 0.576792 0.293333 0.027304 0.038095
0 0.518771 0.271429 0.040956 0.043810
0 0.149317 0.411429 0.018771 0.015238
0 0.579352 0.569524 0.032423 0.022857
0 0.703072 0.608571 0.006826 0.013333
