0 0.648438 0.573438 0.021875 0.018750
0 0.611719 0.531250 0.020313 0.028125
0 0.561719 0.535937 0.045312 0.040625
0 0.563281 0.621094 0.007812 0.014063
0 0.480469 0.646094 0.017188 0.026562
0 0.507031 0.702344 0.014063 0.014063
0 0.497656 0.913281 0.020313 0.020313
0 0.439063 0.610156 0.025000 0.023438
0 0.422656 0.515625 0.023438 0.021875
0 0.436719 0.571094 0.026562 0.026562
0 0.480469 0.758594 0.035937 0.045312
0 0.502344 0.810937 0.023438 0.034375
0 0.558594 0.904687 0.017188 0.018750
0 0.506250 0.558594 0.037500 0.029687
0 0.545312 0.800000 0.028125 0.037500
0 0.575781 0.735156 0.017188 0.007812
0 0.621875 0.805469 0.009375 0.017188
0 0.657031 0.746875 0.032813 0.028125
0 0.664062 0.635156 0.012500 0.007812
0 0.626563 0.694531 0.028125 0.039062
0 0.637500 0.917969 0.025000 0.039062
0 0.405469 0.886719 0.029687 0.032813
0 0.426563 0.796094 0.043750 0.042188
0 0.432031 0.757031 0.014063 0.020313
