0 0.875000 0.512695 0.019531 0.021484
0 0.872070 0.547852 0.017578 0.013672
0 0.638672 0.594727 0.015625 0.021484
0 0.792969 0.660156 0.019531 0.019531
0 0.795898 0.463867 0.033203 0.033203
0 0.760742 0.740234 0.029297 0.019531
0 0.756836 0.769531 0.009766 0.015625
0 0.768555 0.562500 0.021484 0.019531
0 0.794922 0.556641 0.015625 0.007812
0 0.879883 0.481445 0.017578 0.025391
0 0.593750 0.652344 0.023438 0.023438
0 0.831055 0.547852 0.029297 0.029297
0 0.749023 0.667969 0.033203 0.031250
0 0.801758 0.596680 0.021484 0.013672
0 0.683594 0.594727 0.023438 0.025391
0 0.873047 0.587891 0.031250 0.027344
0 0.609375 0.748047 0.023438 0.031250
0 0.639648 0.743164 0.013672 0.009766
0 0.624023 0.699219 0.029297 0.015625
0 0.643555 0.678711 0.013672 0.009766
0 0.791992 0.513672 0.029297 0.023438
0 0.688477 0.541992 0.033203 0.021484
0 0.672852 0.567383 0.025391 0.013672
0 0.670898 0.623047 0.013672 0.015625
0 0.820312 0.677734 0.019531 0.023438
0 0.820312 0.638672 0.015625 0.007812
0 0.699219 0.800781 0.035156 0.031250
0 0.450195 0.480469 0.044922 0.046875
0 0.497070 0.490234 0.029297 0.035156
0 0.755859 0.601562 0.011719 0.019531
