0 0.647645 0.753153 0.019928 0.028829
0 0.361413 0.600000 0.016304 0.021622
0 0.367754 0.122523 0.014493 0.010811
0 0.297101 0.154955 0.018116 0.025225
0 0.537138 0.755856 0.041667 0.034234
0 0.548007 0.681982 0.019928 0.019820
0 0.589674 0.718018 0.019928 0.030631
0 0.610507 0.723423 0.007246 0.019820
0 0.363225 0.961261 0.034420 0.027027
0 0.203804 0.248649 0.023551 0.021622
0 0.639493 0.631532 0.014493 0.016216
0 0.364130 0.839640 0.028986 0.025225
0 0.418478 0.775676 0.025362 0.023423
0 0.402174 0.522523 0.010870 0.010811
0 0.488225 0.516216 0.027174 0.034234
0 0.264493 0.536937 0.028986 0.025225
0 0.589674 0.651351 0.019928 0.012613
0 0.235507 0.456757 0.025362 0.030631
0 0.231884 0.399099 0.032609 0.034234
0 0.022645 0.527027 0.012681 0.016216
0 0.254529 0.356757 0.016304 0.025225
0 0.183877 0.424324 0.016304 0.016216
0 0.193841 0.538739 0.025362 0.036036
0 0.372283 0.528829 0.019928 0.016216
0 0.356884 0.268468 0.043478 0.036036
0 0.261775 0.571171 0.016304 0.025225
0 0.295290 0.595495 0.036232 0.030631
0 0.230978 0.602703 0.016304 0.016216
0 0.196558 0.281982 0.023551 0.030631
0 0.026268 0.500901 0.009058 0.014414
