0 0.614062 0.421875 0.021875 0.018750
0 0.586719 0.394531 0.029687 0.023438
0 0.492969 0.392969 0.017188 0.026562
0 0.489844 0.476562 0.026562 0.025000
0 0.543750 0.396094 0.015625 0.010937
0 0.582812 0.419531 0.015625 0.010937
0 0.535937 0.453906 0.018750 0.017188
0 0.633594 0.453125 0.017188 0.015625
0 0.542969 0.423438 0.007812 0.015625
0 0.510156 0.442969 0.014063 0.017188
0 0.489844 0.450781 0.010937 0.014063
0 0.631250 0.396875 0.012500 0.009375
0 0.527344 0.480469 0.010937 0.014063
0 0.612500 0.482812 0.012500 0.015625
0 0.492969 0.420312 0.017188 0.015625
0 0.580469 0.474219 0.032813 0.023438
0 0.586719 0.446875 0.023438 0.018750
