0 0.145000 0.768000 0.022000 0.052000
0 0.605000 0.497000 0.010000 0.014000
0 0.561000 0.442000 0.022000 0.024000
0 0.703000 0.447000 0.022000 0.014000
0 0.764000 0.473000 0.016000 0.018000
0 0.730000 0.495000 0.024000 0.014000
0 0.696000 0.496000 0.020000 0.016000
0 0.783000 0.438000 0.014000 0.012000
0 0.813000 0.441000 0.018000 0.022000
0 0.502000 0.342000 0.008000 0.016000
0 0.532000 0.356000 0.016000 0.012000
0 0.595000 0.300000 0.018000 0.020000
0 0.639000 0.447000 0.038000 0.018000
0 0.803000 0.526000 0.018000 0.012000
0 0.769000 0.523000 0.022000 0.022000
0 0.662000 0.233000 0.048000 0.046000
0 0.549000 0.300000 0.018000 0.016000
0 0.722000 0.224000 0.020000 0.012000
0 0.667000 0.348000 0.038000 0.044000
0 0.714000 0.522000 0.016000 0.016000
0 0.744000 0.524000 0.012000 0.020000
0 0.520000 0.402000 0.016000 0.020000
0 0.545000 0.386000 0.018000 0.016000
0 0.648000 0.273000 0.020000 0.014000
0 0.668000 0.309000 0.016000 0.014000
0 0.676000 0.526000 0.020000 0.020000
0 0.636000 0.497000 0.024000 0.018000
0 0.571000 0.354000 0.014000 0.016000
0 0.608000 0.240000 0.016000 0.016000
0 0.580000 0.214000 0.016000 0.008000
0 0.702000 0.474000 0.016000 0.012000
