0 0.494141 0.557292 0.010156 0.014583
0 0.582031 0.584896 0.023438 0.038542
0 0.610156 0.588542 0.017188 0.029167
0 0.487891 0.631250 0.007031 0.012500
0 0.521094 0.509375 0.017188 0.014583
0 0.582031 0.507292 0.021875 0.031250
0 0.314063 0.511458 0.014063 0.018750
0 0.429297 0.509896 0.021094 0.030208
0 0.460938 0.496875 0.010937 0.012500
0 0.350000 0.630729 0.018750 0.019792
0 0.378516 0.623437 0.007031 0.019792
0 0.440234 0.582292 0.027344 0.031250
0 0.275391 0.557813 0.010156 0.013542
0 0.178906 0.502083 0.012500 0.016667
0 0.550391 0.622396 0.010156 0.015625
0 0.299609 0.582292 0.028906 0.033333
0 0.374609 0.592708 0.030469 0.025000
0 0.258203 0.638542 0.010156 0.012500
0 0.235937 0.620833 0.023438 0.029167
0 0.202734 0.573958 0.014844 0.014583
0 0.337891 0.533333 0.010156 0.014583
0 0.301953 0.543750 0.025781 0.025000
0 0.551172 0.558333 0.007031 0.012500
0 0.570703 0.545312 0.007031 0.009375
