0 0.211719 0.539062 0.017188 0.028125
0 0.512500 0.480469 0.034375 0.029687
0 0.471875 0.487500 0.012500 0.015625
0 0.181250 0.535937 0.018750 0.012500
0 0.171875 0.904687 0.025000 0.025000
0 0.380469 0.605469 0.032813 0.035937
0 0.246875 0.589063 0.018750 0.006250
0 0.235937 0.557031 0.012500 0.020313
0 0.210938 0.570312 0.021875 0.015625
0 0.474219 0.520312 0.020313 0.037500
0 0.511719 0.520312 0.029687 0.034375
0 0.135156 0.694531 0.023438 0.014063
0 0.139844 0.725781 0.023438 0.020313
0 0.177344 0.635156 0.029687 0.017188
0 0.177344 0.660156 0.017188 0.017188
0 0.497656 0.600000 0.020313 0.031250
0 0.438281 0.550781 0.020313 0.017188
0 0.382812 0.564063 0.037500 0.028125
0 0.175000 0.802344 0.021875 0.023438
0 0.171875 0.764062 0.021875 0.021875
0 0.210156 0.660937 0.020313 0.037500
0 0.222656 0.700781 0.020313 0.023438
0 0.400781 0.522656 0.020313 0.023438
0 0.257812 0.952344 0.034375 0.029687
0 0.265625 0.867188 0.021875 0.015625
0 0.135937 0.533594 0.037500 0.042188
0 0.333594 0.523438 0.026562 0.021875
0 0.258594 0.521875 0.029687 0.025000
0 0.221875 0.824219 0.034375 0.035937
0 0.378906 0.479687 0.035937 0.037500
