0 0.292969 0.618164 0.023438 0.017578
0 0.713867 0.481445 0.021484 0.021484
0 0.704102 0.447266 0.017578 0.015625
0 0.716797 0.548828 0.007812 0.019531
0 0.723633 0.596680 0.009766 0.017578
0 0.511719 0.374023 0.027344 0.033203
0 0.347656 0.761719 0.035156 0.031250
0 0.355469 0.731445 0.011719 0.009766
0 0.281250 0.721680 0.011719 0.017578
0 0.745117 0.701172 0.029297 0.039062
0 0.228516 0.404297 0.027344 0.031250
0 0.263672 0.371094 0.027344 0.023438
0 0.509766 0.741211 0.035156 0.025391
0 0.137695 0.619141 0.017578 0.011719
0 0.107422 0.598633 0.011719 0.009766
0 0.513672 0.465820 0.015625 0.013672
0 0.517578 0.530273 0.039062 0.041016
0 0.209961 0.653320 0.017578 0.025391
0 0.238281 0.660156 0.019531 0.019531
0 0.376953 0.503906 0.015625 0.015625
0 0.677734 0.592773 0.035156 0.025391
0 0.666992 0.627930 0.013672 0.017578
0 0.315430 0.407227 0.041016 0.029297
0 0.313477 0.362305 0.037109 0.041016
0 0.784180 0.699219 0.033203 0.039062
0 0.741211 0.350586 0.009766 0.021484
0 0.235352 0.615234 0.025391 0.035156
0 0.188477 0.617188 0.009766 0.015625
0 0.405273 0.705078 0.025391 0.035156
0 0.266602 0.644531 0.013672 0.011719
