0 0.414583 0.495370 0.018750 0.031481
0 0.396354 0.463889 0.007292 0.016667
0 0.450521 0.504630 0.019792 0.020370
0 0.680208 0.540741 0.014583 0.014815
0 0.613021 0.557407 0.015625 0.029630
0 0.415104 0.561111 0.013542 0.029630
0 0.388542 0.587037 0.020833 0.037037
0 0.274479 0.775000 0.009375 0.024074
0 0.445312 0.409259 0.021875 0.040741
0 0.567187 0.316667 0.017708 0.037037
0 0.500000 0.334259 0.027083 0.046296
0 0.870313 0.571296 0.026042 0.035185
0 0.897396 0.479630 0.017708 0.029630
0 0.860417 0.478704 0.010417 0.016667
0 0.539583 0.389815 0.008333 0.024074
0 0.502604 0.397222 0.017708 0.035185
0 0.398958 0.752778 0.027083 0.042593
0 0.473438 0.560185 0.021875 0.027778
0 0.542708 0.488889 0.010417 0.029630
0 0.481250 0.491667 0.004167 0.016667
0 0.510938 0.432407 0.011458 0.016667
0 0.525521 0.419444 0.007292 0.016667
0 0.135937 0.747222 0.015625 0.027778
0 0.379167 0.637963 0.008333 0.005556
0 0.180729 0.611111 0.011458 0.022222
0 0.709375 0.432407 0.010417 0.020370
0 0.689063 0.427778 0.009375 0.011111
0 0.729688 0.517593 0.005208 0.012963
0 0.707292 0.521296 0.010417 0.016667
0 0.773438 0.469444 0.013542 0.016667
