0 0.127930 0.555664 0.021484 0.021484
0 0.127930 0.508789 0.025391 0.017578
0 0.205078 0.637695 0.027344 0.017578
0 0.229492 0.565430 0.029297 0.029297
0 0.119141 0.594727 0.019531 0.021484
0 0.538086 0.914062 0.041016 0.039062
0 0.124023 0.690430 0.025391 0.029297
0 0.203125 0.693359 0.019531 0.011719
0 0.633789 0.552734 0.021484 0.011719
0 0.733398 0.467773 0.033203 0.037109
0 0.533203 0.777344 0.035156 0.039062
0 0.119141 0.199219 0.054688 0.054688
0 0.562500 0.702148 0.023438 0.021484
0 0.239258 0.785156 0.017578 0.019531
0 0.236328 0.837891 0.046875 0.046875
0 0.790039 0.357422 0.041016 0.039062
0 0.250000 0.295898 0.011719 0.009766
0 0.220703 0.357422 0.011719 0.023438
0 0.782227 0.470703 0.017578 0.023438
0 0.089844 0.798828 0.023438 0.011719
0 0.243164 0.190430 0.017578 0.025391
0 0.507812 0.609375 0.015625 0.019531
0 0.551758 0.594727 0.037109 0.037109
0 0.164062 0.243164 0.019531 0.025391
0 0.176758 0.191406 0.044922 0.046875
0 0.348633 0.780273 0.041016 0.029297
0 0.158203 0.535156 0.023438 0.019531
0 0.192383 0.588867 0.017578 0.017578
0 0.628906 0.477539 0.011719 0.017578
0 0.650391 0.470703 0.007812 0.015625
