0 0.624242 0.161885 0.012121 0.012295
0 0.389394 0.241803 0.015152 0.016393
0 0.403030 0.196721 0.018182 0.016393
0 0.581818 0.336066 0.012121 0.016393
0 0.584848 0.293033 0.012121 0.012295
0 0.500000 0.129098 0.012121 0.020492
0 0.613636 0.120902 0.021212 0.028689
0 0.521212 0.219262 0.012121 0.012295
0 0.496970 0.217213 0.012121 0.016393
0 0.510606 0.424180 0.021212 0.028689
0 0.466667 0.153689 0.012121 0.012295
0 0.439394 0.163934 0.012121 0.024590
0 0.519697 0.071721 0.039394 0.045082
0 0.516667 0.370902 0.027273 0.036885
0 0.539394 0.319672 0.024242 0.032787
0 0.598485 0.235656 0.039394 0.053279
0 0.577273 0.182377 0.033333 0.020492
0 0.413636 0.573770 0.033333 0.040984
0 0.412121 0.625000 0.012121 0.020492
0 0.439394 0.227459 0.012121 0.020492
0 0.468182 0.237705 0.015152 0.032787
0 0.390909 0.377049 0.024242 0.016393
0 0.415152 0.307377 0.030303 0.016393
0 0.503030 0.616803 0.012121 0.020492
0 0.557576 0.131148 0.012121 0.024590
0 0.584848 0.129098 0.012121 0.020492
0 0.583333 0.071721 0.027273 0.036885
0 0.460606 0.368852 0.012121 0.016393
0 0.578788 0.571721 0.024242 0.028689
0 0.396970 0.436475 0.018182 0.020492
