0 0.472826 0.600410 0.005435 0.020492
0 0.485734 0.618852 0.009511 0.012295
0 0.105299 0.692623 0.012228 0.016393
0 0.346467 0.698770 0.021739 0.020492
0 0.519022 0.431352 0.008152 0.010246
0 0.493207 0.453893 0.010870 0.030738
0 0.432065 0.445697 0.010870 0.014344
0 0.105299 0.864754 0.012228 0.016393
0 0.645380 0.523566 0.027174 0.030738
0 0.132473 0.890369 0.009511 0.010246
0 0.786005 0.729508 0.012228 0.008197
0 0.161685 0.797131 0.013587 0.020492
0 0.176630 0.767418 0.010870 0.018443
0 0.172554 0.902664 0.016304 0.022541
0 0.177310 0.851434 0.023098 0.014344
0 0.133832 0.683402 0.023098 0.030738
0 0.423913 0.634221 0.027174 0.026639
0 0.347147 0.646516 0.009511 0.018443
0 0.070652 0.717213 0.024457 0.024590
0 0.054348 0.743852 0.008152 0.012295
0 0.168478 0.612705 0.008152 0.016393
0 0.069293 0.587090 0.010870 0.014344
0 0.734375 0.550205 0.014946 0.026639
0 0.059783 0.785861 0.021739 0.030738
0 0.072690 0.824795 0.012228 0.014344
0 0.131793 0.775615 0.024457 0.034836
0 0.144022 0.828893 0.013587 0.018443
0 0.137908 0.620902 0.012228 0.020492
0 0.470788 0.722336 0.012228 0.010246
0 0.683424 0.452869 0.010870 0.020492
