0 0.582192 0.728438 0.013699 0.011655
0 0.167808 0.688811 0.020548 0.034965
0 0.228311 0.645688 0.018265 0.037296
0 0.296804 0.651515 0.041096 0.025641
0 0.339041 0.638695 0.011416 0.018648
0 0.397260 0.639860 0.018265 0.011655
0 0.565068 0.600233 0.020548 0.020979
0 0.507991 0.608392 0.020548 0.032634
0 0.273973 0.607226 0.027397 0.039627
0 0.256849 0.679487 0.015982 0.016317
0 0.320776 0.689977 0.020548 0.027972
0 0.554795 0.685315 0.036530 0.037296
0 0.498858 0.651515 0.015982 0.025641
0 0.216895 0.720280 0.018265 0.013986
0 0.163242 0.733100 0.025114 0.011655
0 0.457763 0.726107 0.029680 0.039627
0 0.433790 0.686480 0.018265 0.011655
0 0.461187 0.616550 0.018265 0.016317
0 0.375571 0.597902 0.025114 0.016317
0 0.194064 0.606061 0.031963 0.013986
0 0.144977 0.621212 0.015982 0.011655
0 0.270548 0.735431 0.011416 0.016317
0 0.305936 0.734266 0.013699 0.018648
