0 0.510742 0.478516 0.029297 0.023438
0 0.495117 0.436523 0.021484 0.009766
0 0.598633 0.736328 0.017578 0.035156
0 0.570312 0.749023 0.019531 0.033203
0 0.370117 0.825195 0.037109 0.044922
0 0.483398 0.326172 0.052734 0.054688
0 0.290039 0.764648 0.025391 0.033203
0 0.245117 0.775391 0.029297 0.035156
0 0.359375 0.769531 0.019531 0.027344
0 0.405273 0.727539 0.017578 0.013672
0 0.442383 0.732422 0.013672 0.011719
0 0.515625 0.541992 0.027344 0.033203
0 0.544922 0.536133 0.011719 0.013672
0 0.768555 0.487305 0.017578 0.017578
0 0.724609 0.475586 0.027344 0.037109
0 0.482422 0.725586 0.035156 0.029297
0 0.592773 0.800781 0.044922 0.042969
0 0.321289 0.683594 0.017578 0.019531
0 0.470703 0.817383 0.015625 0.009766
0 0.514648 0.822266 0.033203 0.042969
0 0.465820 0.923828 0.033203 0.035156
0 0.559570 0.626953 0.021484 0.039062
0 0.628906 0.617188 0.011719 0.011719
0 0.623047 0.375977 0.019531 0.017578
0 0.630859 0.420898 0.019531 0.009766
0 0.231445 0.930664 0.013672 0.017578
0 0.268555 0.920898 0.037109 0.037109
0 0.478516 0.765625 0.035156 0.031250
0 0.511719 0.757812 0.015625 0.007812
0 0.483398 0.624023 0.025391 0.033203
