0 0.213867 0.831055 0.033203 0.037109
0 0.195312 0.602539 0.023438 0.033203
0 0.483398 0.595703 0.029297 0.027344
0 0.451172 0.622070 0.019531 0.037109
0 0.286133 0.619141 0.033203 0.031250
0 0.333008 0.620117 0.013672 0.021484
0 0.315430 0.817383 0.041016 0.041016
0 0.269531 0.842773 0.019531 0.017578
0 0.457031 0.803711 0.015625 0.017578
0 0.467773 0.836914 0.041016 0.029297
0 0.200195 0.688477 0.017578 0.029297
0 0.229492 0.675781 0.013672 0.023438
0 0.392578 0.814453 0.019531 0.019531
0 0.366211 0.806641 0.013672 0.011719
0 0.330078 0.692383 0.019531 0.025391
0 0.269531 0.709961 0.011719 0.013672
0 0.387695 0.743164 0.037109 0.033203
0 0.481445 0.749023 0.025391 0.029297
0 0.435547 0.734375 0.031250 0.031250
0 0.284180 0.759766 0.025391 0.019531
0 0.333984 0.740234 0.011719 0.019531
0 0.485352 0.655273 0.017578 0.013672
0 0.443359 0.671875 0.031250 0.039062
0 0.229492 0.742188 0.021484 0.015625
0 0.389648 0.670898 0.048828 0.044922
0 0.393555 0.610352 0.029297 0.017578
