0 0.634766 0.297852 0.023438 0.037109
0 0.151367 0.514648 0.033203 0.033203
0 0.144531 0.601562 0.027344 0.023438
0 0.563477 0.225586 0.021484 0.025391
0 0.289062 0.557617 0.039062 0.041016
0 0.245117 0.588867 0.029297 0.017578
0 0.794922 0.696289 0.035156 0.037109
0 0.685547 0.812500 0.035156 0.015625
0 0.731445 0.797852 0.033203 0.033203
0 0.686523 0.111328 0.021484 0.019531
0 0.753906 0.062500 0.019531 0.019531
0 0.844727 0.329102 0.017578 0.013672
0 0.824219 0.067383 0.035156 0.037109
0 0.780273 0.817383 0.025391 0.033203
0 0.797852 0.783203 0.025391 0.019531
0 0.199219 0.522461 0.023438 0.025391
0 0.287109 0.473633 0.023438 0.021484
0 0.190430 0.599609 0.041016 0.039062
0 0.469727 0.333008 0.041016 0.033203
0 0.480469 0.236328 0.015625 0.019531
0 0.836914 0.664062 0.021484 0.027344
0 0.837891 0.703125 0.015625 0.007812
0 0.720703 0.697266 0.035156 0.035156
0 0.712891 0.635742 0.019531 0.017578
0 0.802734 0.758789 0.011719 0.009766
0 0.790039 0.519531 0.017578 0.011719
0 0.506836 0.409180 0.017578 0.009766
0 0.686523 0.981445 0.029297 0.009766
0 0.692383 0.924805 0.029297 0.013672
0 0.783203 0.454102 0.015625 0.033203
