0 0.225586 0.394531 0.037109 0.039062
0 0.273438 0.385742 0.015625 0.013672
0 0.353516 0.866211 0.031250 0.029297
0 0.313477 0.872070 0.017578 0.013672
0 0.583984 0.803711 0.015625 0.013672
0 0.599609 0.386719 0.015625 0.023438
0 0.591797 0.430664 0.019531 0.025391
0 0.551758 0.393555 0.013672 0.029297
0 0.554688 0.427734 0.015625 0.019531
0 0.458984 0.762695 0.023438 0.017578
0 0.351562 0.389648 0.027344 0.029297
0 0.313477 0.392578 0.017578 0.015625
0 0.477539 0.730469 0.025391 0.023438
0 0.462891 0.699219 0.015625 0.023438
0 0.650391 0.861328 0.019531 0.015625
0 0.600586 0.711914 0.017578 0.033203
0 0.595703 0.752930 0.031250 0.033203
0 0.327148 0.342773 0.025391 0.025391
0 0.625977 0.756836 0.013672 0.017578
0 0.478516 0.618164 0.015625 0.021484
0 0.488281 0.659180 0.007812 0.013672
0 0.471680 0.543945 0.025391 0.021484
0 0.236328 0.356445 0.011719 0.013672
0 0.208008 0.339844 0.025391 0.023438
0 0.319336 0.297852 0.033203 0.025391
0 0.372070 0.314453 0.025391 0.023438
0 0.232422 0.442383 0.031250 0.033203
0 0.454102 0.829102 0.037109 0.021484
0 0.566406 0.496094 0.015625 0.031250
0 0.514648 0.721680 0.017578 0.017578
