0 0.825195 0.210938 0.025391 0.027344
0 0.252930 0.696289 0.037109 0.037109
0 0.900391 0.281250 0.019531 0.011719
0 0.863281 0.174805 0.031250 0.025391
0 0.306641 0.345703 0.035156 0.027344
0 0.328125 0.401367 0.019531 0.029297
0 0.455078 0.733398 0.015625 0.021484
0 0.409180 0.717773 0.013672 0.017578
0 0.890625 0.212891 0.015625 0.019531
0 0.562500 0.469727 0.007812 0.013672
0 0.400391 0.265625 0.027344 0.031250
0 0.633789 0.540039 0.029297 0.029297
0 0.598633 0.554688 0.025391 0.031250
0 0.833008 0.255859 0.013672 0.007812
0 0.930664 0.170898 0.029297 0.033203
0 0.450195 0.220703 0.013672 0.011719
0 0.610352 0.807617 0.037109 0.037109
0 0.476562 0.850586 0.027344 0.017578
0 0.432617 0.844727 0.021484 0.033203
0 0.283203 0.843750 0.027344 0.035156
0 0.310547 0.834961 0.011719 0.013672
0 0.245117 0.543945 0.021484 0.025391
0 0.862305 0.246094 0.029297 0.031250
0 0.496094 0.808594 0.015625 0.011719
0 0.606445 0.705078 0.033203 0.031250
0 0.315430 0.182617 0.021484 0.021484
0 0.338867 0.189453 0.009766 0.011719
0 0.381836 0.403320 0.017578 0.009766
0 0.444336 0.373047 0.013672 0.027344
0 0.923828 0.215820 0.015625 0.017578
