0 0.647461 0.537109 0.033203 0.027344
0 0.687500 0.536133 0.023438 0.025391
0 0.757812 0.599609 0.019531 0.011719
0 0.239258 0.516602 0.025391 0.021484
0 0.886719 0.668945 0.023438 0.013672
0 0.300781 0.575195 0.027344 0.013672
0 0.860352 0.493164 0.029297 0.033203
0 0.860352 0.537109 0.021484 0.023438
0 0.503906 0.623047 0.011719 0.011719
0 0.543945 0.620117 0.017578 0.017578
0 0.295898 0.660156 0.013672 0.015625
0 0.262695 0.666992 0.021484 0.009766
0 0.661133 0.625000 0.025391 0.015625
0 0.950195 0.736328 0.029297 0.019531
0 0.208984 0.658203 0.015625 0.007812
0 0.234375 0.657227 0.011719 0.021484
0 0.170898 0.574219 0.025391 0.027344
0 0.140625 0.578125 0.015625 0.019531
0 0.574219 0.565430 0.007812 0.017578
0 0.859375 0.687500 0.011719 0.015625
0 0.860352 0.709961 0.013672 0.013672
0 0.756836 0.567383 0.017578 0.025391
0 0.716797 0.567383 0.015625 0.013672
0 0.285156 0.492188 0.039062 0.019531
0 0.345703 0.516602 0.011719 0.009766
0 0.372070 0.523438 0.017578 0.019531
0 0.284180 0.516602 0.021484 0.013672
0 0.167969 0.521484 0.019531 0.019531
0 0.146484 0.522461 0.007812 0.017578
0 0.952148 0.660156 0.021484 0.019531
