0 0.827344 0.679688 0.035937 0.031250
0 0.775781 0.654687 0.010937 0.015625
0 0.587500 0.719531 0.012500 0.026562
0 0.621094 0.704688 0.017188 0.015625
0 0.758594 0.547656 0.020313 0.026562
0 0.668750 0.678906 0.018750 0.014063
0 0.803906 0.760156 0.029687 0.029687
0 0.842187 0.369531 0.037500 0.039062
0 0.081250 0.639844 0.018750 0.017188
0 0.532813 0.689844 0.012500 0.023438
0 0.482031 0.675781 0.035937 0.026562
0 0.146875 0.588281 0.018750 0.017188
0 0.684375 0.716406 0.034375 0.023438
0 0.684375 0.761719 0.021875 0.023438
0 0.522656 0.814844 0.020313 0.017188
0 0.478125 0.834375 0.015625 0.009375
0 0.760938 0.451562 0.034375 0.012500
0 0.882812 0.746094 0.012500 0.004687
0 0.874219 0.697656 0.020313 0.020313
0 0.588281 0.668750 0.039062 0.037500
0 0.114062 0.523438 0.021875 0.015625
0 0.105469 0.457813 0.020313 0.012500
0 0.177344 0.805469 0.032813 0.026562
0 0.175781 0.832031 0.026562 0.014063
0 0.802344 0.459375 0.017188 0.034375
0 0.425781 0.621094 0.020313 0.010937
0 0.398438 0.615625 0.015625 0.018750
0 0.726562 0.503125 0.006250 0.012500
0 0.708594 0.676562 0.032813 0.021875
0 0.796094 0.720313 0.045312 0.037500
