0 0.263672 0.239258 0.019531 0.017578
0 0.550781 0.265625 0.035156 0.035156
0 0.434570 0.435547 0.029297 0.011719
0 0.401367 0.492188 0.013672 0.031250
0 0.638672 0.528320 0.015625 0.009766
0 0.606445 0.525391 0.017578 0.015625
0 0.770508 0.474609 0.021484 0.019531
0 0.208984 0.292969 0.015625 0.011719
0 0.500000 0.781250 0.019531 0.019531
0 0.461914 0.775391 0.025391 0.023438
0 0.495117 0.847656 0.025391 0.031250
0 0.467773 0.849609 0.013672 0.019531
0 0.504883 0.438477 0.033203 0.021484
0 0.405273 0.404297 0.017578 0.015625
0 0.864258 0.447266 0.017578 0.015625
0 0.279297 0.315430 0.023438 0.025391
0 0.699219 0.496094 0.011719 0.015625
0 0.679688 0.504883 0.007812 0.013672
0 0.335938 0.811523 0.031250 0.033203
0 0.792969 0.448242 0.015625 0.017578
0 0.560547 0.313477 0.019531 0.017578
0 0.613281 0.317383 0.023438 0.025391
0 0.349609 0.257812 0.011719 0.015625
0 0.781250 0.524414 0.031250 0.025391
0 0.545898 0.775391 0.033203 0.031250
0 0.622070 0.286133 0.017578 0.017578
0 0.595703 0.447266 0.031250 0.015625
0 0.846680 0.523438 0.025391 0.023438
0 0.357422 0.746094 0.011719 0.015625
0 0.325195 0.740234 0.033203 0.023438
