0 0.270313 0.107031 0.021875 0.026562
0 0.275000 0.075781 0.021875 0.023438
0 0.549219 0.681250 0.035937 0.034375
0 0.520312 0.677344 0.009375 0.010937
0 0.109375 0.207031 0.018750 0.020313
0 0.863281 0.672656 0.026562 0.023438
0 0.588281 0.773438 0.026562 0.025000
0 0.660156 0.776563 0.026562 0.040625
0 0.810156 0.734375 0.032813 0.043750
0 0.917969 0.804688 0.020313 0.037500
0 0.954688 0.776563 0.015625 0.009375
0 0.485156 0.754687 0.014063 0.015625
0 0.759375 0.852344 0.034375 0.026562
0 0.726562 0.853906 0.015625 0.010937
0 0.154688 0.138281 0.018750 0.020313
0 0.120313 0.153906 0.028125 0.026562
0 0.314844 0.593750 0.035937 0.037500
0 0.435156 0.643750 0.026562 0.015625
0 0.603906 0.682813 0.020313 0.021875
0 0.315625 0.664844 0.012500 0.007812
0 0.281250 0.635156 0.025000 0.026562
0 0.759375 0.625781 0.012500 0.010937
0 0.123438 0.654687 0.031250 0.028125
0 0.146094 0.087500 0.039062 0.040625
0 0.291406 0.817187 0.017188 0.015625
0 0.299219 0.845313 0.014063 0.015625
0 0.496875 0.670312 0.012500 0.009375
0 0.653906 0.628906 0.039062 0.026562
0 0.345313 0.213281 0.043750 0.029687
0 0.196094 0.199219 0.014063 0.007812
