0 0.417969 0.679688 0.026562 0.018750
0 0.442188 0.707812 0.025000 0.025000
0 0.942969 0.545312 0.020313 0.018750
0 0.474219 0.883594 0.029687 0.029687
0 0.491406 0.928906 0.026562 0.017188
0 0.125000 0.536719 0.021875 0.035937
0 0.914844 0.378906 0.020313 0.023438
0 0.121094 0.319531 0.020313 0.026562
0 0.857031 0.621094 0.042188 0.039062
0 0.429688 0.955469 0.025000 0.023438
0 0.394531 0.182031 0.032813 0.026562
0 0.396875 0.242969 0.028125 0.017188
0 0.518750 0.795312 0.009375 0.012500
0 0.465625 0.803906 0.015625 0.017188
0 0.437500 0.802344 0.018750 0.017188
0 0.421875 0.748437 0.031250 0.028125
0 0.439063 0.612500 0.037500 0.018750
0 0.708594 0.776563 0.010937 0.018750
0 0.731250 0.849219 0.025000 0.020313
0 0.667188 0.898438 0.012500 0.009375
0 0.089844 0.420312 0.017188 0.031250
0 0.089844 0.457813 0.029687 0.025000
0 0.055469 0.449219 0.017188 0.020313
0 0.339844 0.842187 0.020313 0.018750
0 0.782031 0.600000 0.029687 0.031250
0 0.810156 0.629687 0.014063 0.018750
0 0.313281 0.190625 0.014063 0.018750
0 0.304688 0.229687 0.012500 0.021875
0 0.807813 0.403125 0.028125 0.012500
0 0.781250 0.417969 0.012500 0.010937
