0 0.194336 0.627930 0.021484 0.029297
0 0.221680 0.589844 0.021484 0.027344
0 0.284180 0.678711 0.025391 0.033203
0 0.258789 0.627930 0.013672 0.017578
0 0.225586 0.678711 0.021484 0.033203
0 0.284180 0.568359 0.025391 0.023438
0 0.273438 0.753906 0.011719 0.019531
0 0.254883 0.698242 0.017578 0.037109
0 0.225586 0.636719 0.025391 0.019531
0 0.250977 0.739258 0.017578 0.025391
0 0.290039 0.631836 0.013672 0.029297
0 0.190430 0.574219 0.013672 0.011719
0 0.195312 0.688477 0.023438 0.017578
0 0.247070 0.559570 0.009766 0.013672
0 0.254883 0.594727 0.017578 0.013672
0 0.220703 0.745117 0.015625 0.025391
0 0.216797 0.721680 0.011719 0.005859
0 0.192383 0.764648 0.013672 0.009766
