0 0.625000 0.490234 0.027344 0.027344
0 0.611328 0.540039 0.019531 0.009766
0 0.669922 0.331055 0.019531 0.017578
0 0.613281 0.610352 0.031250 0.029297
0 0.724609 0.541992 0.019531 0.009766
0 0.728516 0.492188 0.035156 0.039062
0 0.324219 0.668945 0.027344 0.033203
0 0.726562 0.566406 0.023438 0.023438
0 0.691406 0.721680 0.019531 0.029297
0 0.691406 0.755859 0.027344 0.023438
0 0.362305 0.530273 0.021484 0.021484
0 0.682617 0.407227 0.033203 0.029297
0 0.699219 0.442383 0.015625 0.021484
0 0.683594 0.474609 0.015625 0.015625
0 0.319336 0.544922 0.033203 0.039062
0 0.620117 0.568359 0.029297 0.023438
0 0.853516 0.512695 0.035156 0.029297
0 0.858398 0.541992 0.017578 0.009766
0 0.776367 0.530273 0.033203 0.021484
0 0.767578 0.563477 0.019531 0.025391
0 0.623047 0.414062 0.035156 0.035156
0 0.636719 0.456055 0.019531 0.017578
0 0.628906 0.318359 0.027344 0.035156
0 0.632812 0.367188 0.015625 0.027344
0 0.672852 0.250000 0.041016 0.035156
0 0.290039 0.467773 0.025391 0.025391
0 0.653320 0.506836 0.013672 0.017578
0 0.681641 0.523438 0.015625 0.011719
0 0.834961 0.695312 0.013672 0.015625
0 0.393555 0.291016 0.013672 0.015625
