0 0.144531 0.344727 0.011719 0.005859
0 0.339844 0.624023 0.015625 0.013672
0 0.096680 0.541016 0.009766 0.015625
0 0.336914 0.352539 0.021484 0.017578
0 0.292969 0.325195 0.039062 0.044922
0 0.237305 0.618164 0.037109 0.037109
0 0.399414 0.428711 0.017578 0.009766
0 0.369141 0.464844 0.035156 0.027344
0 0.313477 0.502930 0.029297 0.029297
0 0.286133 0.569336 0.013672 0.025391
0 0.334961 0.759766 0.021484 0.007812
0 0.342773 0.786133 0.013672 0.013672
0 0.227539 0.833984 0.025391 0.035156
0 0.270508 0.836914 0.013672 0.013672
0 0.399414 0.618164 0.029297 0.025391
0 0.406250 0.678711 0.039062 0.037109
0 0.189453 0.717773 0.019531 0.029297
0 0.303711 0.419922 0.033203 0.035156
0 0.419922 0.723633 0.011719 0.025391
0 0.475586 0.804688 0.013672 0.015625
0 0.199219 0.400391 0.023438 0.015625
0 0.412109 0.779297 0.019531 0.019531
0 0.443359 0.781250 0.007812 0.023438
0 0.235352 0.284180 0.037109 0.029297
0 0.225586 0.312500 0.017578 0.011719
0 0.531250 0.740234 0.015625 0.007812
0 0.369141 0.353516 0.027344 0.027344
0 0.375977 0.283203 0.033203 0.035156
0 0.501953 0.810547 0.015625 0.011719
0 0.245117 0.563477 0.037109 0.033203
