0 0.043945 0.193359 0.087891 0.054688
0 0.587891 0.499023 0.199219 0.271484
0 0.854492 0.618164 0.013672 0.009766
0 0.843750 0.583984 0.027344 0.042969
0 0.806641 0.625977 0.011719 0.009766
0 0.796875 0.594727 0.011719 0.009766
0 0.328125 0.376953 0.011719 0.011719
0 0.287109 0.349609 0.027344 0.015625
0 0.832031 0.688477 0.011719 0.009766
0 0.837891 0.720703 0.011719 0.015625
0 0.417969 0.699219 0.019531 0.035156
0 0.847656 0.885742 0.031250 0.041016
0 0.319336 0.848633 0.013672 0.017578
0 0.880859 0.721680 0.007812 0.013672
0 0.357422 0.338867 0.011719 0.017578
0 0.454102 0.500977 0.025391 0.029297
0 0.266602 0.854492 0.017578 0.033203
0 0.227539 0.672852 0.033203 0.025391
0 0.535156 0.336914 0.023438 0.021484
0 0.367188 0.757812 0.023438 0.015625
0 0.763672 0.856445 0.023438 0.041016
0 0.376953 0.630859 0.042969 0.039062
0 0.375000 0.666016 0.015625 0.007812
0 0.763672 0.771484 0.019531 0.023438
0 0.772461 0.796875 0.017578 0.011719
0 0.385742 0.806641 0.021484 0.019531
0 0.353516 0.796875 0.011719 0.027344
0 0.405273 0.519531 0.025391 0.035156
0 0.804688 0.815430 0.019531 0.029297
0 0.800781 0.766602 0.031250 0.025391
0 0.375977 0.294922 0.029297 0.031250
0 0.408203 0.299805 0.019531 0.037109
