0 0.564453 0.296875 0.011719 0.011719
0 0.563477 0.315430 0.013672 0.009766
0 0.525391 0.396484 0.031250 0.035156
0 0.591797 0.579102 0.027344 0.025391
0 0.565430 0.612305 0.021484 0.021484
0 0.416992 0.186523 0.037109 0.025391
0 0.556641 0.241211 0.019531 0.021484
0 0.437500 0.289062 0.031250 0.023438
0 0.389648 0.314453 0.021484 0.019531
0 0.418945 0.541992 0.013672 0.013672
0 0.425781 0.500977 0.039062 0.041016
0 0.793945 0.554688 0.013672 0.023438
0 0.757812 0.542969 0.035156 0.039062
0 0.908203 0.578125 0.007812 0.015625
0 0.951172 0.605469 0.011719 0.019531
0 0.593750 0.277344 0.031250 0.023438
0 0.631836 0.279297 0.021484 0.019531
0 0.913086 0.484375 0.048828 0.046875
0 0.486328 0.333008 0.015625 0.005859
0 0.525391 0.351562 0.027344 0.015625
0 0.237305 0.822266 0.013672 0.019531
0 0.244141 0.798828 0.015625 0.011719
0 0.595703 0.312500 0.011719 0.011719
0 0.489258 0.273438 0.037109 0.019531
0 0.388672 0.215820 0.015625 0.009766
0 0.490234 0.397461 0.023438 0.013672
0 0.105469 0.727539 0.023438 0.017578
0 0.493164 0.306641 0.029297 0.023438
0 0.923828 0.525391 0.011719 0.015625
0 0.952148 0.533203 0.025391 0.027344
