0 0.937500 0.054688 0.019531 0.054688
0 0.961914 0.055664 0.017578 0.048828
0 0.730469 0.874023 0.011719 0.009766
0 0.504883 0.503906 0.025391 0.019531
0 0.345703 0.228516 0.015625 0.007812
0 0.409180 0.239258 0.025391 0.033203
0 0.296875 0.576172 0.011719 0.015625
0 0.345703 0.630859 0.031250 0.027344
0 0.309570 0.243164 0.029297 0.021484
0 0.239258 0.219727 0.017578 0.037109
0 0.392578 0.333984 0.015625 0.011719
0 0.372070 0.365234 0.017578 0.015625
0 0.357422 0.430664 0.011719 0.009766
0 0.385742 0.397461 0.037109 0.025391
0 0.516602 0.927734 0.025391 0.027344
0 0.511719 0.237305 0.019531 0.017578
0 0.452148 0.248047 0.013672 0.023438
0 0.524414 0.895508 0.009766 0.021484
0 0.562500 0.900391 0.019531 0.011719
0 0.567383 0.754883 0.021484 0.021484
0 0.611328 0.719727 0.015625 0.029297
0 0.549805 0.367188 0.017578 0.015625
0 0.575195 0.349609 0.013672 0.015625
0 0.500000 0.312500 0.027344 0.031250
0 0.451172 0.320312 0.035156 0.039062
0 0.393555 0.503906 0.041016 0.031250
0 0.627930 0.898438 0.037109 0.027344
0 0.670898 0.891602 0.021484 0.013672
0 0.222656 0.602539 0.015625 0.009766
0 0.259766 0.573242 0.023438 0.033203
0 0.445312 0.870117 0.015625 0.021484
0 0.128906 0.592773 0.015625 0.017578
