0 0.137695 0.593750 0.017578 0.015625
0 0.090820 0.585938 0.013672 0.015625
0 0.481445 0.288086 0.017578 0.025391
0 0.139648 0.559570 0.029297 0.029297
0 0.520508 0.343750 0.021484 0.027344
0 0.298828 0.539062 0.035156 0.031250
0 0.758789 0.180664 0.017578 0.013672
0 0.452148 0.318359 0.013672 0.011719
0 0.720703 0.319336 0.023438 0.017578
0 0.714844 0.279297 0.046875 0.046875
0 0.312500 0.484375 0.015625 0.027344
0 0.665039 0.371094 0.021484 0.027344
0 0.661133 0.410156 0.021484 0.015625
0 0.588867 0.227539 0.037109 0.025391
0 0.238281 0.556641 0.019531 0.039062
0 0.533203 0.285156 0.011719 0.015625
0 0.514648 0.281250 0.009766 0.019531
0 0.674805 0.501953 0.029297 0.011719
0 0.498047 0.379883 0.015625 0.029297
0 0.638672 0.199219 0.027344 0.023438
0 0.678711 0.204102 0.017578 0.021484
0 0.441406 0.453125 0.015625 0.015625
0 0.437500 0.419922 0.015625 0.015625
0 0.464844 0.250977 0.011719 0.017578
0 0.688477 0.143555 0.017578 0.013672
0 0.547852 0.196289 0.013672 0.017578
0 0.603516 0.193359 0.015625 0.007812
0 0.451172 0.287109 0.019531 0.027344
0 0.275391 0.595703 0.023438 0.027344
0 0.321289 0.607422 0.033203 0.031250
