0 0.250000 0.863281 0.007812 0.019531
0 0.206055 0.883789 0.033203 0.033203
0 0.093750 0.815430 0.035156 0.029297
0 0.242188 0.958984 0.015625 0.015625
0 0.158203 0.956055 0.023438 0.021484
0 0.480469 0.889648 0.023438 0.021484
0 0.420898 0.870117 0.017578 0.017578
0 0.370117 0.806641 0.021484 0.015625
0 0.330078 0.816406 0.023438 0.027344
0 0.291016 0.896484 0.015625 0.007812
0 0.119141 0.872070 0.011719 0.009766
0 0.124023 0.785156 0.025391 0.011719
0 0.450195 0.825195 0.013672 0.013672
0 0.416992 0.833008 0.029297 0.021484
0 0.463867 0.943359 0.044922 0.042969
0 0.405273 0.927734 0.013672 0.031250
0 0.413086 0.775391 0.037109 0.023438
0 0.469727 0.766602 0.037109 0.041016
0 0.273438 0.927734 0.015625 0.015625
0 0.341797 0.942383 0.023438 0.033203
0 0.153320 0.841797 0.017578 0.019531
0 0.232422 0.768555 0.035156 0.021484
0 0.185547 0.771484 0.015625 0.007812
0 0.279297 0.779297 0.023438 0.027344
0 0.342773 0.773438 0.037109 0.019531
0 0.047852 0.943359 0.033203 0.019531
0 0.097656 0.945312 0.015625 0.015625
