0 0.199427 0.143403 0.028626 0.034417
0 0.732824 0.141491 0.011450 0.019120
0 0.710878 0.136711 0.017176 0.021033
0 0.287214 0.327916 0.024809 0.021033
0 0.569656 0.138623 0.013359 0.028681
0 0.541031 0.140535 0.024809 0.024857
0 0.644084 0.110899 0.024809 0.011472
0 0.607824 0.098470 0.009542 0.013384
0 0.619275 0.165392 0.028626 0.024857
0 0.260496 0.282027 0.020992 0.009560
0 0.259542 0.224665 0.030534 0.024857
0 0.290076 0.138623 0.026718 0.032505
0 0.200382 0.037285 0.022901 0.024857
0 0.557252 0.073614 0.011450 0.013384
0 0.587786 0.082218 0.015267 0.019120
0 0.231870 0.271511 0.013359 0.015296
0 0.226145 0.081262 0.017176 0.036329
0 0.644084 0.081262 0.032443 0.021033
0 0.229008 0.327916 0.026718 0.024857
0 0.230916 0.402486 0.015267 0.009560
0 0.805344 0.085086 0.007634 0.013384
0 0.261450 0.047801 0.022901 0.019120
0 0.259542 0.086042 0.026718 0.026769
0 0.193702 0.288719 0.017176 0.019120
0 0.294847 0.263862 0.017176 0.022945
0 0.293893 0.074570 0.022901 0.011472
0 0.288168 0.036329 0.015267 0.015296
0 0.754771 0.165392 0.017176 0.021033
0 0.791031 0.168260 0.024809 0.030593
0 0.630725 0.130975 0.017176 0.009560
