0 0.567103 0.572744 0.034370 0.022099
0 0.555646 0.528545 0.024550 0.036832
0 0.298691 0.244015 0.021277 0.020258
0 0.307692 0.211786 0.022913 0.014733
0 0.455810 0.731123 0.021277 0.033149
0 0.530278 0.718232 0.019640 0.014733
0 0.203764 0.749540 0.024550 0.025783
0 0.204583 0.776243 0.009820 0.009208
0 0.385434 0.406077 0.018003 0.023941
0 0.230769 0.747698 0.016367 0.014733
0 0.232406 0.767956 0.016367 0.011050
0 0.512275 0.273481 0.022913 0.034991
0 0.578560 0.287293 0.024550 0.025783
0 0.292144 0.522099 0.021277 0.027624
0 0.296236 0.558011 0.022913 0.014733
0 0.245499 0.502762 0.019640 0.029466
0 0.250409 0.542357 0.026187 0.031308
0 0.353519 0.518416 0.022913 0.027624
0 0.259411 0.588398 0.021277 0.023941
0 0.258592 0.631676 0.022913 0.014733
0 0.336334 0.270718 0.034370 0.036832
0 0.502455 0.395948 0.013093 0.014733
0 0.546645 0.230203 0.016367 0.014733
0 0.576923 0.405157 0.014730 0.018416
0 0.364975 0.565378 0.026187 0.029466
0 0.453355 0.308471 0.013093 0.016575
0 0.551555 0.358195 0.013093 0.012891
0 0.550736 0.195212 0.024550 0.029466
0 0.336334 0.451197 0.014730 0.014733
0 0.277414 0.436464 0.014730 0.014733
