0 0.383789 0.035156 0.013672 0.039062
0 0.079102 0.953125 0.017578 0.019531
0 0.854492 0.738281 0.013672 0.015625
0 0.230469 0.888672 0.015625 0.007812
0 0.217773 0.907227 0.013672 0.009766
0 0.875977 0.696289 0.017578 0.017578
0 0.874023 0.648438 0.017578 0.015625
0 0.837891 0.821289 0.031250 0.037109
0 0.166992 0.894531 0.013672 0.019531
0 0.187500 0.891602 0.011719 0.013672
0 0.868164 0.838867 0.013672 0.017578
0 0.887695 0.809570 0.025391 0.025391
0 0.917969 0.848633 0.019531 0.033203
0 0.231445 0.953125 0.033203 0.027344
0 0.114258 0.899414 0.025391 0.021484
0 0.894531 0.754883 0.011719 0.017578
0 0.955078 0.854492 0.019531 0.017578
0 0.167969 0.981445 0.027344 0.025391
0 0.235352 0.982422 0.017578 0.015625
0 0.208984 0.986328 0.019531 0.007812
0 0.964844 0.902344 0.035156 0.035156
0 0.956055 0.731445 0.025391 0.025391
0 0.878906 0.898438 0.031250 0.023438
0 0.883789 0.940430 0.033203 0.033203
0 0.166016 0.949219 0.039062 0.019531
0 0.961914 0.676758 0.029297 0.029297
0 0.963867 0.642578 0.033203 0.023438
0 0.054688 0.979492 0.011719 0.013672
0 0.079102 0.983398 0.017578 0.013672
0 0.076172 0.895508 0.019531 0.009766
0 0.041016 0.891602 0.011719 0.005859
