0 0.639844 0.432031 0.060937 0.107813
0 0.288281 0.212500 0.029687 0.028125
0 0.442188 0.152344 0.028125 0.029687
0 0.476562 0.153906 0.021875 0.026562
0 0.355469 0.154688 0.032813 0.018750
0 0.200000 0.182812 0.018750 0.025000
0 0.246094 0.150781 0.014063 0.017188
0 0.545312 0.182031 0.028125 0.023438
0 0.511719 0.189844 0.010937 0.014063
0 0.338281 0.124219 0.014063 0.010937
0 0.560937 0.149219 0.021875 0.023438
0 0.605469 0.155469 0.029687 0.020313
0 0.518750 0.119531 0.018750 0.014063
0 0.612500 0.120313 0.012500 0.021875
0 0.465625 0.219531 0.012500 0.004687
0 0.410938 0.212500 0.031250 0.025000
0 0.218750 0.221875 0.009375 0.009375
0 0.176563 0.210156 0.012500 0.026562
0 0.186719 0.120313 0.035937 0.018750
0 0.244531 0.119531 0.014063 0.017188
0 0.534375 0.214844 0.028125 0.023438
0 0.607031 0.214062 0.026562 0.021875
0 0.400000 0.120313 0.012500 0.021875
0 0.487500 0.121875 0.021875 0.012500
0 0.481250 0.186719 0.015625 0.017188
0 0.284375 0.177344 0.012500 0.014063
0 0.339062 0.185156 0.018750 0.020313
