0 0.347656 0.553711 0.042969 0.041016
0 0.803711 0.602539 0.033203 0.037109
0 0.496094 0.558594 0.035156 0.039062
0 0.572266 0.591797 0.011719 0.015625
0 0.269531 0.769531 0.019531 0.011719
0 0.298828 0.572266 0.011719 0.011719
0 0.301758 0.804688 0.017578 0.035156
0 0.300781 0.839844 0.015625 0.011719
0 0.335938 0.670898 0.023438 0.021484
0 0.662109 0.357422 0.015625 0.011719
0 0.659180 0.316406 0.037109 0.019531
0 0.593750 0.694336 0.015625 0.013672
0 0.723633 0.356445 0.025391 0.021484
0 0.259766 0.608398 0.031250 0.017578
0 0.256836 0.563477 0.025391 0.017578
0 0.349609 0.761719 0.039062 0.035156
0 0.357422 0.825195 0.019531 0.029297
0 0.400391 0.677734 0.011719 0.015625
0 0.252930 0.717773 0.033203 0.033203
0 0.347656 0.468750 0.019531 0.039062
0 0.507812 0.321289 0.031250 0.025391
0 0.250977 0.495117 0.029297 0.025391
0 0.256836 0.434570 0.021484 0.025391
0 0.310547 0.708984 0.015625 0.011719
0 0.298828 0.656250 0.031250 0.031250
0 0.391602 0.428711 0.033203 0.021484
0 0.395508 0.458984 0.017578 0.011719
0 0.422852 0.570312 0.017578 0.015625
0 0.413086 0.629883 0.037109 0.021484
0 0.377930 0.385742 0.017578 0.041016
