0 0.784615 0.741477 0.010256 0.009470
0 0.780128 0.683712 0.011538 0.011364
0 0.551923 0.725379 0.024359 0.041667
0 0.576282 0.675189 0.019231 0.024621
0 0.327564 0.759470 0.026923 0.034091
0 0.375000 0.683712 0.011538 0.018939
0 0.598718 0.722538 0.017949 0.024621
0 0.637821 0.703598 0.008974 0.009470
0 0.416026 0.679924 0.008974 0.022727
0 0.537179 0.671402 0.033333 0.043561
0 0.479487 0.673295 0.015385 0.020833
0 0.485897 0.625947 0.005128 0.017045
0 0.792949 0.591856 0.021795 0.013258
0 0.844872 0.761364 0.012821 0.007576
0 0.778846 0.816288 0.014103 0.026515
0 0.708974 0.720644 0.012821 0.035985
0 0.573718 0.811553 0.014103 0.020833
0 0.478846 0.538826 0.021795 0.020833
0 0.592949 0.750947 0.011538 0.013258
0 0.578846 0.775568 0.008974 0.013258
0 0.600000 0.618371 0.015385 0.024621
0 0.723077 0.648674 0.012821 0.017045
0 0.571795 0.592803 0.025641 0.034091
0 0.469872 0.621212 0.014103 0.037879
0 0.512179 0.768939 0.016667 0.034091
0 0.355769 0.724432 0.011538 0.017045
0 0.447436 0.767045 0.007692 0.015152
0 0.379487 0.753788 0.010256 0.015152
0 0.635256 0.672348 0.014103 0.015152
0 0.489103 0.788826 0.008974 0.013258
