0 0.280273 0.646484 0.021484 0.023438
0 0.453125 0.652344 0.007812 0.015625
0 0.497070 0.581055 0.021484 0.021484
0 0.400391 0.619141 0.019531 0.011719
0 0.426758 0.535156 0.017578 0.027344
0 0.340820 0.579102 0.029297 0.021484
0 0.389648 0.563477 0.025391 0.013672
0 0.444336 0.618164 0.025391 0.013672
0 0.474609 0.611328 0.019531 0.015625
0 0.325195 0.650391 0.017578 0.015625
0 0.266602 0.534180 0.021484 0.021484
0 0.594727 0.643555 0.021484 0.029297
0 0.542969 0.645508 0.031250 0.025391
0 0.585938 0.604492 0.019531 0.021484
0 0.225586 0.572266 0.013672 0.011719
0 0.267578 0.581055 0.007812 0.017578
0 0.534180 0.569336 0.029297 0.009766
0 0.347656 0.526367 0.015625 0.017578
0 0.285156 0.611328 0.015625 0.027344
0 0.534180 0.524414 0.009766 0.013672
