0 0.279687 0.128906 0.015625 0.010937
0 0.236719 0.136719 0.007812 0.014063
0 0.250781 0.196094 0.029687 0.029687
0 0.296094 0.191406 0.014063 0.023438
0 0.174219 0.193750 0.035937 0.028125
0 0.349219 0.135937 0.032813 0.021875
0 0.296094 0.162500 0.010937 0.012500
0 0.256250 0.161719 0.034375 0.023438
0 0.282813 0.096094 0.018750 0.017188
0 0.161719 0.109375 0.010937 0.012500
0 0.133594 0.161719 0.014063 0.010937
0 0.192188 0.159375 0.012500 0.021875
0 0.350000 0.102344 0.015625 0.014063
0 0.335156 0.169531 0.020313 0.020313
0 0.375000 0.165625 0.021875 0.021875
0 0.434375 0.160938 0.025000 0.025000
0 0.471875 0.161719 0.018750 0.026562
0 0.426563 0.186719 0.009375 0.014063
0 0.454688 0.197656 0.018750 0.014063
0 0.338281 0.197656 0.014063 0.007812
0 0.186719 0.124219 0.014063 0.014063
0 0.444531 0.101562 0.023438 0.021875
0 0.415625 0.105469 0.015625 0.010937
0 0.475000 0.128906 0.015625 0.020313
