0 0.971680 0.863281 0.025391 0.023438
0 0.890625 0.833984 0.007812 0.015625
0 0.861328 0.836914 0.011719 0.013672
0 0.935547 0.782227 0.011719 0.005859
0 0.926758 0.765625 0.013672 0.007812
0 0.920898 0.831055 0.025391 0.013672
0 0.946289 0.833008 0.009766 0.025391
0 0.838867 0.804688 0.017578 0.019531
0 0.939453 0.806641 0.015625 0.011719
0 0.908203 0.791992 0.011719 0.009766
0 0.831055 0.855469 0.025391 0.019531
0 0.814453 0.823242 0.011719 0.005859
0 0.975586 0.803711 0.025391 0.025391
0 0.876953 0.772461 0.035156 0.029297
0 0.837891 0.771484 0.019531 0.019531
0 0.874023 0.806641 0.017578 0.019531
0 0.965820 0.774414 0.009766 0.017578
0 0.987305 0.770508 0.017578 0.025391
0 0.984375 0.833984 0.015625 0.019531
0 0.887695 0.861328 0.021484 0.015625
0 0.864258 0.862305 0.009766 0.013672
0 0.912109 0.867188 0.011719 0.015625
