0 0.769467 0.465392 0.020492 0.038251
0 0.748975 0.469945 0.008197 0.018215
0 0.642418 0.361566 0.012295 0.016393
0 0.605533 0.361566 0.010246 0.016393
0 0.368852 0.651184 0.008197 0.012750
0 0.331967 0.705829 0.016393 0.027322
0 0.436988 0.508197 0.013320 0.036430
0 0.706967 0.415301 0.008197 0.010929
0 0.434939 0.416211 0.015369 0.038251
0 0.468238 0.423497 0.014344 0.030965
0 0.537398 0.759563 0.011270 0.025501
0 0.532787 0.411658 0.008197 0.014572
0 0.483607 0.408015 0.008197 0.007286
0 0.757684 0.506375 0.007172 0.014572
0 0.601434 0.412568 0.016393 0.012750
0 0.686988 0.415301 0.009221 0.007286
0 0.558402 0.831512 0.008197 0.012750
0 0.560451 0.730419 0.016393 0.032787
0 0.918545 0.806922 0.011270 0.021858
0 0.810963 0.405282 0.009221 0.012750
0 0.590676 0.833333 0.015369 0.034608
0 0.119365 0.590164 0.023566 0.036430
0 0.681865 0.829690 0.021516 0.034608
0 0.655738 0.847905 0.006148 0.012750
0 0.543033 0.831512 0.006148 0.016393
0 0.528176 0.840619 0.009221 0.016393
0 0.814549 0.745902 0.014344 0.016393
0 0.248975 0.622951 0.008197 0.010929
0 0.414447 0.377960 0.009221 0.009107
0 0.235143 0.664845 0.011270 0.029144
