0 0.068627 0.641544 0.009804 0.018382
0 0.085784 0.606618 0.009804 0.022059
0 0.468137 0.674632 0.019608 0.033088
0 0.433824 0.639706 0.009804 0.022059
0 0.278186 0.878676 0.026961 0.029412
0 0.801471 0.812500 0.009804 0.022059
0 0.823529 0.790441 0.009804 0.014706
0 0.419118 0.805147 0.014706 0.036765
0 0.379902 0.761029 0.019608 0.029412
0 0.215686 0.792279 0.009804 0.011029
0 0.192402 0.827206 0.012255 0.014706
0 0.225490 0.733456 0.029412 0.040441
0 0.180147 0.750000 0.026961 0.036765
0 0.867647 0.806985 0.014706 0.011029
0 0.250000 0.818015 0.009804 0.011029
0 0.306373 0.801471 0.029412 0.051471
0 0.155637 0.441176 0.022059 0.029412
0 0.158088 0.483456 0.026961 0.018382
0 0.093137 0.332721 0.014706 0.025735
0 0.284314 0.718750 0.009804 0.018382
0 0.316176 0.711397 0.009804 0.018382
0 0.078431 0.450368 0.024510 0.025735
0 0.075980 0.413603 0.014706 0.018382
0 0.085784 0.555147 0.009804 0.014706
0 0.419118 0.693015 0.019608 0.011029
0 0.529412 0.856618 0.024510 0.036765
0 0.556373 0.840074 0.009804 0.011029
0 0.367647 0.805147 0.024510 0.022059
0 0.850490 0.775735 0.014706 0.014706
0 0.878676 0.762868 0.017157 0.018382
