0 0.789062 0.838867 0.015625 0.017578
0 0.306641 0.446289 0.015625 0.025391
0 0.272461 0.468750 0.013672 0.011719
0 0.509766 0.815430 0.007812 0.017578
0 0.532227 0.475586 0.029297 0.029297
0 0.554688 0.827148 0.027344 0.033203
0 0.658203 0.834961 0.023438 0.025391
0 0.388672 0.625000 0.019531 0.019531
0 0.445312 0.580078 0.035156 0.042969
0 0.365234 0.323242 0.023438 0.025391
0 0.286133 0.508789 0.013672 0.025391
0 0.150391 0.679688 0.011719 0.019531
0 0.541016 0.793945 0.039062 0.017578
0 0.296875 0.549805 0.015625 0.021484
0 0.717773 0.366211 0.021484 0.041016
0 0.195312 0.633789 0.015625 0.013672
0 0.294922 0.673828 0.046875 0.046875
0 0.279297 0.713867 0.015625 0.017578
0 0.676758 0.782227 0.021484 0.021484
0 0.571289 0.458008 0.025391 0.033203
0 0.534180 0.523438 0.013672 0.015625
0 0.229492 0.555664 0.025391 0.025391
0 0.243164 0.593750 0.025391 0.035156
0 0.254883 0.626953 0.021484 0.015625
0 0.334961 0.618164 0.013672 0.017578
0 0.330078 0.582031 0.023438 0.015625
0 0.292969 0.628906 0.019531 0.007812
0 0.272461 0.587891 0.013672 0.031250
0 0.597656 0.311523 0.011719 0.009766
0 0.574219 0.318359 0.015625 0.015625
