0 0.933594 0.756250 0.035937 0.037500
0 0.189844 0.601562 0.023438 0.018750
0 0.184375 0.491406 0.031250 0.035937
0 0.218750 0.468750 0.012500 0.006250
0 0.875000 0.257031 0.025000 0.032813
0 0.837500 0.252344 0.021875 0.023438
0 0.191406 0.428906 0.017188 0.017188
0 0.882031 0.360156 0.010937 0.026562
0 0.749219 0.257812 0.039062 0.034375
0 0.069531 0.761719 0.020313 0.017188
0 0.121094 0.769531 0.023438 0.014063
0 0.201563 0.857031 0.031250 0.026562
0 0.249219 0.854688 0.020313 0.025000
0 0.844531 0.289844 0.010937 0.029687
0 0.329688 0.498437 0.015625 0.009375
0 0.378906 0.374219 0.014063 0.020313
0 0.572656 0.349219 0.017188 0.010937
0 0.680469 0.328125 0.029687 0.031250
0 0.635938 0.327344 0.028125 0.026562
0 0.279687 0.795312 0.012500 0.021875
0 0.325781 0.794531 0.020313 0.017188
0 0.296094 0.289062 0.026562 0.034375
0 0.812500 0.323437 0.018750 0.021875
0 0.841406 0.332031 0.020313 0.017188
0 0.268750 0.545312 0.028125 0.034375
0 0.278906 0.516406 0.014063 0.007812
0 0.783594 0.866406 0.026562 0.020313
0 0.321094 0.393750 0.014063 0.021875
0 0.560937 0.257812 0.018750 0.015625
0 0.531250 0.250781 0.012500 0.014063
