0 0.555664 0.364258 0.025391 0.025391
0 0.613281 0.364258 0.011719 0.009766
0 0.336914 0.653320 0.041016 0.037109
0 0.270508 0.586914 0.017578 0.041016
0 0.398438 0.256836 0.027344 0.037109
0 0.452148 0.445312 0.021484 0.019531
0 0.504883 0.441406 0.021484 0.019531
0 0.463867 0.688477 0.025391 0.037109
0 0.301758 0.876953 0.009766 0.015625
0 0.266602 0.868164 0.017578 0.017578
0 0.393555 0.345703 0.017578 0.019531
0 0.455078 0.414062 0.011719 0.011719
0 0.517578 0.414062 0.019531 0.015625
0 0.748047 0.503906 0.011719 0.011719
0 0.679688 0.531250 0.031250 0.039062
0 0.792969 0.696289 0.031250 0.037109
0 0.494141 0.364258 0.027344 0.021484
0 0.445312 0.369141 0.011719 0.015625
0 0.741211 0.630859 0.033203 0.027344
0 0.727539 0.581055 0.013672 0.009766
0 0.401367 0.418945 0.017578 0.021484
0 0.358398 0.416016 0.025391 0.023438
0 0.446289 0.337891 0.025391 0.027344
0 0.568359 0.510742 0.023438 0.021484
0 0.618164 0.531250 0.029297 0.031250
0 0.476562 0.398438 0.015625 0.011719
0 0.513672 0.390625 0.015625 0.015625
0 0.130859 0.831055 0.027344 0.021484
0 0.605469 0.391602 0.019531 0.025391
0 0.526367 0.250977 0.021484 0.017578
