0 0.651563 0.697656 0.015625 0.014063
0 0.586719 0.700781 0.017188 0.014063
0 0.704688 0.748437 0.012500 0.021875
0 0.632031 0.725781 0.017188 0.020313
0 0.577344 0.726562 0.020313 0.015625
0 0.389844 0.598437 0.017188 0.018750
0 0.347656 0.685156 0.020313 0.026562
0 0.349219 0.710938 0.010937 0.012500
0 0.512500 0.538281 0.040625 0.026562
0 0.473438 0.526563 0.015625 0.015625
0 0.485938 0.744531 0.018750 0.017188
0 0.312500 0.772656 0.021875 0.023438
0 0.312500 0.738281 0.021875 0.029687
0 0.582812 0.542188 0.031250 0.025000
0 0.646875 0.582812 0.006250 0.018750
0 0.632812 0.608594 0.015625 0.017188
0 0.381250 0.656250 0.012500 0.021875
0 0.378906 0.689844 0.029687 0.026562
0 0.835156 0.727344 0.014063 0.010937
0 0.793750 0.724219 0.015625 0.010937
0 0.647656 0.478125 0.048438 0.046875
0 0.678125 0.705469 0.015625 0.007812
0 0.589063 0.610938 0.028125 0.028125
0 0.567187 0.582031 0.012500 0.017188
0 0.833594 0.678125 0.017188 0.018750
0 0.780469 0.676562 0.020313 0.015625
0 0.525000 0.675781 0.015625 0.010937
0 0.470313 0.679688 0.028125 0.021875
0 0.634375 0.645312 0.006250 0.012500
0 0.503125 0.603906 0.034375 0.045312
