0 0.891011 0.640191 0.006173 0.019965
0 0.632422 0.358734 0.024219 0.030481
0 0.610156 0.359906 0.007812 0.009379
0 0.702734 0.348183 0.014844 0.028136
0 0.691016 0.500000 0.022656 0.036342
0 0.881641 0.291911 0.017969 0.030481
0 0.845703 0.274326 0.021094 0.039859
0 0.737500 0.446659 0.009375 0.011723
0 0.798438 0.359906 0.025000 0.039859
0 0.673828 0.284877 0.016406 0.016413
0 0.711719 0.288394 0.026562 0.044549
0 0.766406 0.267878 0.020313 0.031653
0 0.741797 0.273740 0.016406 0.036342
0 0.629687 0.451934 0.028125 0.031653
0 0.581250 0.430246 0.018750 0.023447
0 0.773828 0.501172 0.017969 0.026964
0 0.839453 0.349355 0.027344 0.042204
0 0.577734 0.263189 0.022656 0.029308
0 0.621094 0.283118 0.028125 0.041032
0 0.585938 0.521102 0.009375 0.005862
0 0.838281 0.515826 0.014063 0.035170
0 0.885156 0.492380 0.010937 0.007034
0 0.701953 0.454279 0.022656 0.031653
0 0.670703 0.426143 0.027344 0.048066
0 0.851953 0.447245 0.019531 0.036342
0 0.882422 0.442556 0.010156 0.017585
