0 0.733398 0.539062 0.029297 0.027344
0 0.680664 0.540039 0.037109 0.041016
0 0.569336 0.402344 0.029297 0.039062
0 0.524414 0.408203 0.029297 0.031250
0 0.651367 0.369141 0.037109 0.031250
0 0.367188 0.737305 0.035156 0.044922
0 0.202148 0.670898 0.017578 0.013672
0 0.578125 0.293945 0.023438 0.021484
0 0.772461 0.453125 0.025391 0.027344
0 0.508789 0.446289 0.017578 0.025391
0 0.105469 0.672852 0.039062 0.048828
0 0.059570 0.678711 0.029297 0.029297
0 0.648438 0.307617 0.023438 0.017578
0 0.675781 0.273438 0.035156 0.035156
0 0.407227 0.616211 0.037109 0.029297
0 0.372070 0.622070 0.017578 0.017578
0 0.654297 0.236328 0.031250 0.015625
0 0.683594 0.196289 0.031250 0.033203
0 0.817383 0.538086 0.041016 0.044922
0 0.211914 0.748047 0.033203 0.035156
0 0.522461 0.659180 0.017578 0.025391
0 0.824219 0.395508 0.027344 0.037109
0 0.767578 0.401367 0.019531 0.021484
0 0.651367 0.436523 0.033203 0.041016
0 0.372070 0.401367 0.029297 0.029297
0 0.706055 0.841797 0.017578 0.019531
0 0.602539 0.451172 0.037109 0.035156
0 0.566406 0.448242 0.011719 0.017578
0 0.388672 0.515625 0.027344 0.031250
0 0.423828 0.509766 0.011719 0.015625
