0 0.534180 0.302786 0.025391 0.027859
0 0.487793 0.283724 0.008789 0.010264
0 0.363281 0.661290 0.013672 0.026393
0 0.350586 0.614370 0.027344 0.035191
0 0.505371 0.620235 0.010742 0.023460
0 0.362793 0.358504 0.012695 0.024927
0 0.393066 0.564516 0.016602 0.026393
0 0.332520 0.560117 0.008789 0.005865
0 0.447754 0.396628 0.028320 0.045455
0 0.266113 0.616569 0.008789 0.010264
0 0.320312 0.668622 0.005859 0.014663
0 0.412598 0.651026 0.016602 0.032258
0 0.441895 0.598974 0.012695 0.019062
0 0.429688 0.328446 0.027344 0.043988
0 0.422852 0.273460 0.007812 0.010264
0 0.274902 0.333578 0.014648 0.027859
0 0.307617 0.296921 0.019531 0.021994
0 0.305664 0.568915 0.011719 0.020528
0 0.415527 0.504399 0.024414 0.038123
0 0.530273 0.397361 0.011719 0.014663
0 0.499023 0.559384 0.019531 0.042522
0 0.539062 0.532258 0.015625 0.032258
0 0.392578 0.422287 0.009766 0.041056
0 0.258301 0.395894 0.014648 0.026393
