0 0.678333 0.602374 0.020000 0.023739
0 0.594167 0.594955 0.025000 0.044510
0 0.631667 0.528190 0.010000 0.023739
0 0.682500 0.553412 0.008333 0.032641
0 0.615000 0.491098 0.010000 0.038576
0 0.646667 0.492582 0.010000 0.023739
0 0.629167 0.645401 0.025000 0.038576
0 0.738333 0.672107 0.010000 0.014837
0 0.628333 0.591988 0.016667 0.026706
0 0.600833 0.655786 0.008333 0.011869
0 0.577500 0.651335 0.008333 0.014837
0 0.716667 0.537092 0.016667 0.041543
0 0.737500 0.543027 0.011667 0.023739
0 0.717500 0.611276 0.005000 0.011869
0 0.677500 0.646884 0.008333 0.017804
0 0.659167 0.666172 0.011667 0.020772
0 0.705000 0.486647 0.010000 0.023739
0 0.577500 0.538576 0.015000 0.026706
0 0.575833 0.480712 0.008333 0.029674
0 0.679167 0.501484 0.015000 0.023739
