0 0.595703 0.539062 0.042969 0.042969
0 0.580078 0.709961 0.046875 0.048828
0 0.658203 0.641602 0.019531 0.025391
0 0.711914 0.673828 0.021484 0.015625
0 0.509766 0.699219 0.023438 0.027344
0 0.579102 0.246094 0.013672 0.007812
0 0.762695 0.723633 0.041016 0.033203
0 0.724609 0.708984 0.015625 0.015625
0 0.598633 0.602539 0.033203 0.029297
0 0.562500 0.602539 0.019531 0.033203
0 0.716797 0.770508 0.027344 0.029297
0 0.534180 0.500000 0.017578 0.019531
0 0.693359 0.705078 0.027344 0.023438
0 0.651367 0.693359 0.013672 0.015625
0 0.843750 0.785156 0.015625 0.011719
0 0.548828 0.648438 0.019531 0.019531
0 0.597656 0.650391 0.035156 0.023438
0 0.655273 0.317383 0.013672 0.013672
0 0.697266 0.339844 0.015625 0.019531
0 0.585938 0.793945 0.035156 0.021484
0 0.549805 0.793945 0.009766 0.013672
0 0.388672 0.666016 0.015625 0.035156
0 0.416016 0.668945 0.019531 0.013672
0 0.810547 0.629883 0.019531 0.041016
0 0.860352 0.621094 0.013672 0.023438
0 0.699219 0.169922 0.011719 0.011719
0 0.666016 0.188477 0.011719 0.013672
0 0.516602 0.538086 0.021484 0.021484
0 0.756836 0.646484 0.013672 0.023438
0 0.723633 0.641602 0.017578 0.013672
