0 0.844531 0.642969 0.029687 0.035937
0 0.307031 0.862500 0.023438 0.025000
0 0.900781 0.742969 0.023438 0.035937
0 0.952344 0.725000 0.017188 0.012500
0 0.689844 0.768750 0.035937 0.037500
0 0.419531 0.771094 0.014063 0.014063
0 0.468750 0.750000 0.012500 0.018750
0 0.070312 0.646094 0.018750 0.017188
0 0.272656 0.886719 0.017188 0.023438
0 0.470313 0.665625 0.025000 0.028125
0 0.860156 0.781250 0.045312 0.037500
0 0.689844 0.682031 0.014063 0.020313
0 0.578125 0.701562 0.043750 0.034375
0 0.044531 0.643750 0.020313 0.012500
0 0.205469 0.813281 0.014063 0.020313
0 0.132812 0.611719 0.012500 0.014063
0 0.151562 0.632031 0.012500 0.010937
0 0.707031 0.891406 0.029687 0.035937
0 0.679688 0.890625 0.009375 0.018750
0 0.304688 0.812500 0.028125 0.025000
0 0.369531 0.655469 0.035937 0.039062
0 0.306250 0.668750 0.015625 0.028125
0 0.707031 0.821094 0.014063 0.017188
0 0.935937 0.650000 0.031250 0.028125
0 0.903125 0.639844 0.009375 0.014063
0 0.103906 0.612500 0.017188 0.015625
0 0.753125 0.592969 0.043750 0.042188
0 0.821094 0.827344 0.014063 0.007812
0 0.792969 0.839063 0.007812 0.012500
0 0.648438 0.796875 0.028125 0.034375
