0 0.498047 0.541992 0.023438 0.025391
0 0.465820 0.548828 0.013672 0.015625
0 0.791992 0.537109 0.029297 0.023438
0 0.863281 0.540039 0.015625 0.013672
0 0.791016 0.492188 0.011719 0.015625
0 0.616211 0.507812 0.029297 0.027344
0 0.687500 0.501953 0.042969 0.039062
0 0.647461 0.506836 0.009766 0.021484
0 0.498047 0.578125 0.019531 0.019531
0 0.827148 0.625000 0.029297 0.031250
0 0.711914 0.545898 0.017578 0.017578
0 0.680664 0.551758 0.017578 0.009766
0 0.494141 0.500000 0.027344 0.035156
0 0.435547 0.498047 0.015625 0.031250
0 0.614258 0.551758 0.009766 0.017578
0 0.682617 0.625977 0.029297 0.029297
0 0.732422 0.570312 0.015625 0.015625
0 0.799805 0.576172 0.021484 0.023438
0 0.827148 0.575195 0.017578 0.021484
0 0.427734 0.621094 0.019531 0.039062
0 0.489258 0.622070 0.037109 0.033203
0 0.597656 0.590820 0.007812 0.013672
0 0.569336 0.586914 0.021484 0.017578
0 0.587891 0.620117 0.023438 0.021484
0 0.540039 0.617188 0.033203 0.027344
