0 0.322266 0.852083 0.032031 0.041667
0 0.221094 0.731771 0.017188 0.026042
0 0.552734 0.503646 0.013281 0.036458
0 0.569141 0.494792 0.008594 0.014583
0 0.606250 0.790625 0.014063 0.027083
0 0.645312 0.608333 0.028125 0.041667
0 0.641797 0.573438 0.014844 0.019792
0 0.320703 0.806771 0.016406 0.026042
0 0.663281 0.804167 0.017188 0.025000
0 0.654297 0.766667 0.013281 0.029167
0 0.558203 0.772917 0.030469 0.047917
0 0.570312 0.816146 0.021875 0.011458
0 0.564063 0.609375 0.010937 0.022917
0 0.567969 0.570312 0.026562 0.015625
0 0.267188 0.681771 0.018750 0.028125
0 0.600391 0.707292 0.010156 0.016667
0 0.616016 0.720833 0.014844 0.018750
0 0.617969 0.609896 0.014063 0.021875
0 0.597266 0.574479 0.024219 0.038542
0 0.286719 0.736458 0.009375 0.006250
0 0.331641 0.704167 0.014844 0.022917
0 0.158203 0.722396 0.008594 0.011458
0 0.183594 0.740104 0.007812 0.015625
0 0.643750 0.718229 0.017188 0.017708
0 0.325391 0.747396 0.021094 0.023958
0 0.155859 0.686458 0.027344 0.041667
0 0.526563 0.663021 0.012500 0.017708
0 0.510156 0.711458 0.023438 0.025000
0 0.216406 0.793229 0.032813 0.040625
0 0.196484 0.866667 0.007031 0.022917
