0 0.345703 0.435547 0.027344 0.031250
0 0.363281 0.661133 0.031250 0.029297
0 0.206055 0.620117 0.009766 0.017578
0 0.239258 0.620117 0.037109 0.021484
0 0.478516 0.322266 0.019531 0.023438
0 0.440430 0.021484 0.013672 0.011719
0 0.470703 0.061523 0.011719 0.005859
0 0.258789 0.499023 0.013672 0.009766
0 0.222656 0.473633 0.023438 0.017578
0 0.395508 0.629883 0.017578 0.017578
0 0.196289 0.647461 0.013672 0.017578
0 0.239258 0.654297 0.025391 0.023438
0 0.375977 0.401367 0.021484 0.021484
0 0.339844 0.400391 0.027344 0.023438
0 0.058594 0.693359 0.035156 0.015625
0 0.041016 0.650391 0.011719 0.019531
0 0.458008 0.281250 0.017578 0.023438
0 0.423828 0.258789 0.019531 0.013672
0 0.543945 0.284180 0.029297 0.025391
0 0.308594 0.594727 0.019531 0.029297
0 0.273438 0.591797 0.015625 0.007812
0 0.424805 0.375000 0.037109 0.035156
0 0.384766 0.333984 0.027344 0.011719
0 0.609375 0.411133 0.015625 0.017578
0 0.148438 0.533203 0.019531 0.011719
0 0.161133 0.606445 0.033203 0.037109
0 0.356445 0.369141 0.013672 0.007812
0 0.326172 0.367188 0.019531 0.019531
0 0.431641 0.125000 0.042969 0.035156
0 0.507812 0.308594 0.015625 0.023438
