0 0.900391 0.125977 0.031250 0.037109
0 0.355469 0.845703 0.035156 0.035156
0 0.347656 0.805664 0.031250 0.017578
0 0.519531 0.416992 0.027344 0.033203
0 0.469727 0.427734 0.013672 0.011719
0 0.596680 0.311523 0.025391 0.017578
0 0.583984 0.348633 0.027344 0.021484
0 0.410156 0.516602 0.031250 0.033203
0 0.384766 0.556641 0.011719 0.011719
0 0.653320 0.291016 0.037109 0.031250
0 0.676758 0.330078 0.013672 0.027344
0 0.723633 0.410156 0.025391 0.023438
0 0.697266 0.457031 0.019531 0.015625
0 0.966797 0.117188 0.015625 0.011719
0 0.964844 0.140625 0.015625 0.015625
0 0.508789 0.513672 0.017578 0.011719
0 0.511719 0.543945 0.019531 0.025391
0 0.312500 0.500977 0.015625 0.029297
0 0.361328 0.496094 0.015625 0.015625
0 0.867188 0.168945 0.031250 0.025391
0 0.409180 0.713867 0.013672 0.017578
0 0.412109 0.758789 0.011719 0.013672
0 0.789062 0.238281 0.015625 0.019531
0 0.788086 0.294922 0.025391 0.019531
0 0.779297 0.332031 0.031250 0.031250
0 0.641602 0.402344 0.013672 0.019531
0 0.648438 0.443359 0.015625 0.019531
0 0.781250 0.382812 0.027344 0.031250
0 0.591797 0.393555 0.023438 0.021484
0 0.588867 0.445312 0.029297 0.023438
