0 0.667500 0.928035 0.020000 0.021277
0 0.688750 0.926783 0.005833 0.021277
0 0.552500 0.876721 0.015000 0.016270
0 0.970000 0.761577 0.008333 0.011264
0 0.576250 0.958698 0.014167 0.022528
0 0.895833 0.968085 0.008333 0.008761
0 0.595417 0.909262 0.027500 0.026283
0 0.636250 0.901752 0.009167 0.026283
0 0.723333 0.949312 0.011667 0.016270
0 0.700000 0.948060 0.008333 0.013767
0 0.958333 0.884230 0.011667 0.013767
0 0.880833 0.775344 0.008333 0.008761
0 0.922917 0.775970 0.007500 0.010013
0 0.762917 0.903004 0.010833 0.023780
0 0.904583 0.748436 0.010833 0.010013
0 0.856250 0.958073 0.009167 0.006258
0 0.304583 0.914894 0.004167 0.012516
0 0.251250 0.913016 0.012500 0.018773
0 0.576250 0.854193 0.007500 0.026283
0 0.594583 0.850438 0.012500 0.016270
0 0.967500 0.930538 0.011667 0.008761
0 0.821667 0.967459 0.015000 0.010013
0 0.902083 0.734043 0.010833 0.008761
0 0.471667 0.884230 0.008333 0.011264
0 0.567500 0.897997 0.010000 0.016270
0 0.549167 0.903004 0.010000 0.016270
0 0.627500 0.959324 0.010000 0.023780
0 0.873333 0.923655 0.008333 0.010013
0 0.771250 0.949937 0.012500 0.022528
0 0.795000 0.949937 0.013333 0.022528
