0 0.274414 0.404297 0.021484 0.031250
0 0.235352 0.408203 0.021484 0.039062
0 0.447266 0.307617 0.027344 0.033203
0 0.486328 0.323242 0.031250 0.021484
0 0.414062 0.469727 0.011719 0.009766
0 0.528320 0.364258 0.033203 0.025391
0 0.335938 0.320312 0.031250 0.027344
0 0.340820 0.361328 0.025391 0.039062
0 0.523438 0.412109 0.035156 0.027344
0 0.268555 0.457031 0.013672 0.015625
0 0.580078 0.438477 0.015625 0.009766
0 0.365234 0.425781 0.011719 0.015625
0 0.325195 0.410156 0.033203 0.035156
0 0.374023 0.462891 0.041016 0.035156
0 0.432617 0.410156 0.044922 0.042969
0 0.535156 0.318359 0.031250 0.035156
0 0.568359 0.322266 0.019531 0.007812
0 0.264648 0.367188 0.017578 0.015625
0 0.460938 0.358398 0.023438 0.025391
0 0.236328 0.318359 0.031250 0.035156
