0 0.864844 0.695312 0.020313 0.031250
0 0.282813 0.785156 0.012500 0.014063
0 0.726562 0.727344 0.012500 0.017188
0 0.771875 0.728125 0.012500 0.006250
0 0.427344 0.902344 0.020313 0.017188
0 0.460938 0.827344 0.028125 0.032813
0 0.271094 0.656250 0.017188 0.018750
0 0.309375 0.671094 0.015625 0.017188
0 0.266406 0.871875 0.007812 0.012500
0 0.861719 0.486719 0.017188 0.014063
0 0.858594 0.515625 0.017188 0.015625
0 0.497656 0.811719 0.014063 0.014063
0 0.872656 0.621875 0.014063 0.015625
0 0.438281 0.780469 0.039062 0.032813
0 0.269531 0.746875 0.014063 0.012500
0 0.893750 0.510156 0.021875 0.017188
0 0.890625 0.485156 0.015625 0.014063
0 0.867969 0.437500 0.023438 0.015625
0 0.371875 0.883594 0.028125 0.017188
0 0.388281 0.905469 0.014063 0.014063
0 0.647656 0.731250 0.017188 0.015625
0 0.682813 0.725000 0.037500 0.018750
0 0.315625 0.860156 0.025000 0.029687
0 0.325000 0.828906 0.034375 0.017188
0 0.550781 0.895312 0.017188 0.021875
0 0.547656 0.867188 0.014063 0.009375
0 0.210156 0.714063 0.029687 0.028125
0 0.167187 0.721094 0.009375 0.020313
0 0.271094 0.913281 0.039062 0.032813
0 0.898438 0.546875 0.028125 0.031250
