0 0.275781 0.421354 0.028125 0.030208
0 0.643750 0.510938 0.014063 0.030208
0 0.646875 0.450000 0.010937 0.014583
0 0.330078 0.281771 0.019531 0.028125
0 0.280859 0.275521 0.010156 0.015625
0 0.762500 0.333333 0.029687 0.037500
0 0.763672 0.399479 0.011719 0.017708
0 0.652344 0.258333 0.015625 0.012500
0 0.626563 0.278646 0.018750 0.034375
0 0.423438 0.425000 0.021875 0.025000
0 0.387109 0.420833 0.022656 0.022917
0 0.767969 0.108854 0.012500 0.028125
0 0.763281 0.146875 0.031250 0.035417
0 0.485547 0.435937 0.010156 0.019792
0 0.534766 0.422917 0.025781 0.025000
0 0.265625 0.379688 0.003125 0.011458
0 0.285938 0.377083 0.009375 0.025000
0 0.488672 0.335938 0.022656 0.009375
0 0.517188 0.326042 0.025000 0.029167
0 0.695312 0.320833 0.018750 0.025000
0 0.731250 0.345833 0.025000 0.022917
0 0.758984 0.482292 0.019531 0.039583
0 0.728516 0.505729 0.008594 0.013542
0 0.170703 0.434375 0.013281 0.016667
0 0.230078 0.431771 0.014844 0.017708
0 0.196094 0.339583 0.031250 0.029167
0 0.232813 0.344271 0.012500 0.017708
0 0.516797 0.286458 0.010156 0.008333
0 0.210547 0.286458 0.028906 0.037500
0 0.496484 0.378646 0.033594 0.044792
