0 0.382031 0.897656 0.026562 0.035937
0 0.692187 0.567187 0.018750 0.015625
0 0.692187 0.653125 0.012500 0.006250
0 0.325781 0.857812 0.014063 0.015625
0 0.278906 0.572656 0.020313 0.023438
0 0.322656 0.565625 0.026562 0.018750
0 0.262500 0.492969 0.025000 0.014063
0 0.332813 0.496094 0.018750 0.020313
0 0.589844 0.172656 0.026562 0.020313
0 0.623437 0.160156 0.012500 0.014063
0 0.660937 0.620313 0.028125 0.021875
0 0.354687 0.712500 0.015625 0.015625
0 0.682813 0.168750 0.009375 0.012500
0 0.655469 0.153906 0.023438 0.029687
0 0.471875 0.191406 0.015625 0.014063
0 0.548438 0.242188 0.018750 0.015625
0 0.542188 0.203125 0.028125 0.031250
0 0.411719 0.896094 0.014063 0.010937
0 0.410938 0.968750 0.012500 0.009375
0 0.479687 0.603906 0.025000 0.035937
0 0.634375 0.571094 0.025000 0.020313
0 0.630469 0.642188 0.007812 0.015625
0 0.683594 0.251563 0.035937 0.040625
0 0.647656 0.246875 0.020313 0.018750
0 0.477344 0.150000 0.017188 0.012500
0 0.453906 0.152344 0.014063 0.017188
0 0.132031 0.508594 0.007812 0.014063
0 0.162500 0.500000 0.040625 0.031250
0 0.588281 0.207031 0.014063 0.007812
0 0.612500 0.206250 0.012500 0.015625
