0 0.223915 0.947658 0.015697 0.030303
0 0.274700 0.971763 0.023084 0.026171
0 0.349030 0.932507 0.016620 0.016529
0 0.321330 0.942149 0.011080 0.030303
0 0.705910 0.584711 0.010157 0.006887
0 0.679132 0.604683 0.010157 0.027548
0 0.479686 0.497245 0.013850 0.027548
0 0.483841 0.530303 0.027701 0.024793
0 0.321330 0.770661 0.022161 0.028926
0 0.458449 0.507576 0.015697 0.012397
0 0.386888 0.895317 0.016620 0.030303
0 0.446445 0.898072 0.019391 0.041322
0 0.513850 0.371212 0.024931 0.034435
0 0.354571 0.225895 0.009234 0.013774
0 0.387350 0.188017 0.015697 0.031680
0 0.517544 0.798209 0.015697 0.028926
0 0.482918 0.811295 0.022161 0.033058
0 0.445983 0.944215 0.020314 0.023416
0 0.654663 0.799587 0.020314 0.031680
0 0.258079 0.293388 0.021237 0.030303
0 0.691597 0.504132 0.012927 0.022039
0 0.712373 0.478650 0.021237 0.023416
0 0.760388 0.618457 0.015697 0.030303
0 0.308403 0.129477 0.027701 0.038567
0 0.331025 0.084711 0.023084 0.037190
0 0.867498 0.628099 0.019391 0.016529
0 0.885503 0.597796 0.014774 0.019284
0 0.632964 0.940771 0.024931 0.035813
0 0.838873 0.544077 0.019391 0.033058
0 0.412742 0.714187 0.009234 0.012397
