0 0.308594 0.358594 0.017188 0.020313
0 0.315625 0.329688 0.006250 0.015625
0 0.369531 0.430469 0.014063 0.010937
0 0.371875 0.457813 0.018750 0.012500
0 0.300781 0.682031 0.014063 0.017188
0 0.289844 0.627344 0.017188 0.020313
0 0.248438 0.282813 0.028125 0.040625
0 0.310937 0.438281 0.028125 0.029687
0 0.342187 0.507031 0.028125 0.026562
0 0.350000 0.470313 0.009375 0.018750
0 0.330469 0.782813 0.023438 0.015625
0 0.335156 0.755469 0.017188 0.020313
0 0.282031 0.374219 0.023438 0.023438
0 0.304688 0.269531 0.015625 0.020313
0 0.303125 0.304688 0.012500 0.018750
0 0.296094 0.471875 0.014063 0.015625
0 0.341406 0.439063 0.014063 0.015625
0 0.343750 0.395313 0.015625 0.015625
0 0.364063 0.759375 0.021875 0.021875
0 0.364844 0.799219 0.020313 0.017188
0 0.349219 0.290625 0.014063 0.034375
0 0.296094 0.539062 0.026562 0.037500
0 0.404687 0.545312 0.034375 0.037500
0 0.407031 0.497656 0.032813 0.026562
0 0.274219 0.440625 0.020313 0.018750
0 0.411719 0.728125 0.023438 0.018750
0 0.406250 0.769531 0.012500 0.010937
0 0.342187 0.340625 0.025000 0.021875
0 0.342969 0.371094 0.020313 0.010937
0 0.346875 0.414062 0.012500 0.006250
