0 0.398438 0.645508 0.035156 0.033203
0 0.447266 0.648438 0.027344 0.027344
0 0.345703 0.646484 0.015625 0.015625
0 0.308594 0.646484 0.023438 0.031250
0 0.421875 0.601562 0.019531 0.019531
0 0.296875 0.559570 0.023438 0.021484
0 0.340820 0.577148 0.017578 0.021484
0 0.541016 0.606445 0.031250 0.033203
0 0.423828 0.687500 0.015625 0.011719
0 0.623047 0.568359 0.027344 0.015625
0 0.331055 0.696289 0.037109 0.029297
0 0.291992 0.689453 0.017578 0.015625
0 0.625977 0.692383 0.025391 0.025391
0 0.582031 0.699219 0.015625 0.019531
0 0.545898 0.689453 0.033203 0.035156
0 0.484375 0.695312 0.035156 0.035156
0 0.622070 0.607422 0.017578 0.019531
0 0.289062 0.605469 0.035156 0.031250
0 0.333984 0.610352 0.015625 0.017578
0 0.384766 0.556641 0.015625 0.019531
0 0.541016 0.657227 0.015625 0.013672
0 0.489258 0.656250 0.025391 0.023438
0 0.517578 0.564453 0.011719 0.011719
0 0.472656 0.567383 0.007812 0.013672
0 0.616211 0.649414 0.025391 0.029297
0 0.650391 0.651367 0.011719 0.009766
