0 0.121094 0.225000 0.032813 0.025000
0 0.381250 0.438281 0.015625 0.010937
0 0.223438 0.420312 0.018750 0.018750
0 0.174219 0.100781 0.042188 0.042188
0 0.492188 0.432031 0.018750 0.020313
0 0.434375 0.435937 0.028125 0.028125
0 0.048438 0.060156 0.018750 0.010937
0 0.639062 0.168750 0.015625 0.012500
0 0.600781 0.150781 0.023438 0.010937
0 0.127344 0.053125 0.017188 0.021875
0 0.106250 0.035937 0.009375 0.018750
0 0.575000 0.369531 0.031250 0.029687
0 0.617969 0.382812 0.035937 0.037500
0 0.135156 0.091406 0.023438 0.023438
0 0.100000 0.112500 0.025000 0.031250
0 0.862500 0.200781 0.015625 0.017188
0 0.622656 0.111719 0.023438 0.014063
0 0.378125 0.375000 0.034375 0.021875
0 0.335156 0.381250 0.029687 0.025000
0 0.608594 0.228906 0.026562 0.035937
0 0.660156 0.230469 0.032813 0.029687
0 0.057813 0.156250 0.040625 0.043750
0 0.107031 0.145313 0.010937 0.009375
0 0.501563 0.244531 0.050000 0.048438
0 0.793750 0.157812 0.018750 0.021875
0 0.867188 0.166406 0.015625 0.014063
0 0.746875 0.156250 0.031250 0.034375
0 0.555469 0.229687 0.032813 0.037500
0 0.732031 0.224219 0.029687 0.026562
0 0.767969 0.230469 0.014063 0.029687
