0 0.052542 0.346386 0.010169 0.018072
0 0.053390 0.397590 0.008475 0.018072
0 0.150000 0.362952 0.011864 0.039157
0 0.167797 0.353916 0.010169 0.021084
0 0.137288 0.295181 0.010169 0.018072
0 0.207627 0.361446 0.022034 0.030120
0 0.111864 0.405120 0.006780 0.021084
0 0.094068 0.400602 0.008475 0.018072
0 0.108475 0.329819 0.013559 0.009036
0 0.055932 0.248494 0.027119 0.045181
0 0.225424 0.200301 0.006780 0.033133
0 0.188136 0.183735 0.013559 0.024096
0 0.153390 0.189759 0.018644 0.036145
0 0.105932 0.266566 0.018644 0.027108
0 0.210169 0.248494 0.027119 0.039157
0 0.116949 0.162651 0.006780 0.024096
0 0.102542 0.210843 0.015254 0.030120
0 0.148305 0.450301 0.011864 0.033133
0 0.138983 0.406627 0.010169 0.024096
0 0.056780 0.170181 0.018644 0.027108
0 0.198305 0.408133 0.020339 0.033133
0 0.203390 0.447289 0.010169 0.021084
