0 0.304297 0.655556 0.021094 0.027778
0 0.300000 0.684028 0.010937 0.018056
0 0.062891 0.470139 0.005469 0.018056
0 0.189844 0.503472 0.010937 0.012500
0 0.039844 0.506250 0.012500 0.015278
0 0.446875 0.693750 0.015625 0.026389
0 0.487891 0.696528 0.007031 0.015278
0 0.354687 0.828472 0.012500 0.023611
0 0.215625 0.731944 0.014063 0.022222
0 0.239453 0.655556 0.019531 0.036111
0 0.256250 0.647917 0.007812 0.015278
0 0.056250 0.555556 0.015625 0.036111
0 0.144922 0.445833 0.005469 0.019444
0 0.335547 0.486111 0.010156 0.011111
0 0.379688 0.497222 0.015625 0.025000
0 0.514453 0.725000 0.010156 0.022222
0 0.555078 0.722222 0.010156 0.027778
0 0.546484 0.643056 0.007031 0.011111
0 0.367578 0.638889 0.016406 0.016667
0 0.235156 0.448611 0.009375 0.036111
0 0.193359 0.665278 0.007031 0.030556
0 0.160156 0.568056 0.015625 0.027778
0 0.331641 0.825694 0.005469 0.018056
0 0.476562 0.639583 0.015625 0.026389
0 0.453516 0.638889 0.007031 0.011111
0 0.616016 0.659722 0.007031 0.011111
0 0.511719 0.696528 0.015625 0.023611
0 0.383594 0.676389 0.009375 0.030556
0 0.194531 0.800000 0.010937 0.016667
0 0.189062 0.773611 0.010937 0.019444
