0 0.328125 0.763672 0.015625 0.027344
0 0.349609 0.764648 0.011719 0.021484
0 0.363281 0.611328 0.019531 0.031250
0 0.480469 0.880859 0.019531 0.027344
0 0.452148 0.885742 0.013672 0.021484
0 0.231445 0.807617 0.017578 0.017578
0 0.242188 0.786133 0.011719 0.009766
0 0.251953 0.757812 0.015625 0.015625
0 0.436523 0.754883 0.017578 0.009766
0 0.301758 0.903320 0.025391 0.021484
0 0.277344 0.760742 0.015625 0.017578
0 0.527344 0.876953 0.027344 0.031250
0 0.318359 0.694336 0.019531 0.025391
0 0.504883 0.607422 0.029297 0.031250
0 0.393555 0.702148 0.021484 0.037109
0 0.322266 0.737305 0.011719 0.009766
0 0.738281 0.568359 0.027344 0.035156
0 0.708984 0.568359 0.015625 0.035156
0 0.337891 0.799805 0.011719 0.013672
0 0.236328 0.834961 0.023438 0.013672
0 0.356445 0.649414 0.013672 0.009766
0 0.366211 0.667969 0.017578 0.011719
0 0.651367 0.554688 0.017578 0.007812
0 0.676758 0.575195 0.025391 0.017578
0 0.312500 0.865234 0.015625 0.015625
0 0.304688 0.821289 0.015625 0.013672
0 0.266602 0.885742 0.025391 0.017578
0 0.214844 0.777344 0.011719 0.019531
0 0.152344 0.723633 0.023438 0.041016
0 0.639648 0.607422 0.029297 0.035156
