0 0.747070 0.765625 0.033203 0.035156
0 0.726562 0.794922 0.015625 0.007812
0 0.452148 0.659180 0.037109 0.025391
0 0.592773 0.332031 0.029297 0.023438
0 0.516602 0.286133 0.013672 0.017578
0 0.778320 0.419922 0.021484 0.019531
0 0.626953 0.301758 0.019531 0.021484
0 0.296875 0.658203 0.031250 0.031250
0 0.448242 0.406250 0.025391 0.035156
0 0.480469 0.407227 0.007812 0.017578
0 0.579102 0.366211 0.029297 0.029297
0 0.773438 0.902344 0.027344 0.027344
0 0.740234 0.914062 0.019531 0.019531
0 0.670898 0.922852 0.017578 0.013672
0 0.675781 0.892578 0.023438 0.019531
0 0.662109 0.316406 0.015625 0.015625
0 0.521484 0.367188 0.019531 0.023438
0 0.516602 0.330078 0.025391 0.023438
0 0.674805 0.418945 0.025391 0.041016
0 0.649414 0.699219 0.029297 0.011719
0 0.551758 0.311523 0.013672 0.029297
0 0.548828 0.207031 0.027344 0.039062
0 0.521484 0.443359 0.011719 0.023438
0 0.113281 0.510742 0.007812 0.017578
0 0.601562 0.280273 0.011719 0.013672
0 0.614258 0.254883 0.021484 0.009766
0 0.777344 0.834961 0.019531 0.009766
0 0.763672 0.863281 0.023438 0.015625
0 0.679688 0.281250 0.023438 0.019531
0 0.546875 0.387695 0.007812 0.013672
