0 0.566154 0.138462 0.036923 0.036923
0 0.520000 0.132308 0.012308 0.018462
0 0.198462 0.567692 0.021538 0.027692
0 0.513846 0.596923 0.018462 0.012308
0 0.210769 0.650769 0.027692 0.021538
0 0.327692 0.124615 0.021538 0.015385
0 0.310769 0.176923 0.018462 0.021538
0 0.441538 0.141538 0.027692 0.012308
0 0.473846 0.121538 0.012308 0.015385
0 0.535385 0.540000 0.012308 0.027692
0 0.635385 0.556923 0.027692 0.030769
0 0.540000 0.181538 0.033846 0.018462
0 0.549231 0.224615 0.021538 0.024615
0 0.640000 0.489231 0.024615 0.043077
0 0.293846 0.933846 0.027692 0.027692
0 0.316923 0.856923 0.012308 0.015385
0 0.487692 0.353846 0.033846 0.030769
0 0.381538 0.356923 0.036923 0.036923
0 0.198462 0.736923 0.027692 0.027692
0 0.310769 0.753846 0.024615 0.012308
0 0.298462 0.796923 0.018462 0.030769
0 0.478462 0.218462 0.040000 0.030769
0 0.427692 0.210769 0.018462 0.015385
0 0.436923 0.260000 0.030769 0.027692
0 0.483077 0.252308 0.018462 0.012308
0 0.636923 0.675385 0.030769 0.027692
0 0.441538 0.360000 0.027692 0.036923
0 0.535385 0.369231 0.024615 0.012308
0 0.243077 0.749231 0.018462 0.021538
0 0.256923 0.800000 0.027692 0.024615
