0 0.657227 0.095703 0.029297 0.031250
0 0.289062 0.323242 0.019531 0.017578
0 0.623047 0.427734 0.031250 0.039062
0 0.571289 0.439453 0.013672 0.015625
0 0.468750 0.713867 0.035156 0.033203
0 0.457031 0.748047 0.011719 0.015625
0 0.561523 0.406250 0.029297 0.027344
0 0.262695 0.319336 0.017578 0.017578
0 0.265625 0.291992 0.011719 0.013672
0 0.235352 0.314453 0.021484 0.019531
0 0.695312 0.343750 0.015625 0.007812
0 0.617188 0.301758 0.015625 0.013672
0 0.342773 0.618164 0.017578 0.009766
0 0.341797 0.277344 0.027344 0.011719
0 0.418945 0.269531 0.025391 0.027344
0 0.647461 0.375977 0.029297 0.029297
0 0.424805 0.569336 0.013672 0.009766
0 0.404297 0.535156 0.027344 0.023438
0 0.293945 0.575195 0.025391 0.021484
0 0.309570 0.531250 0.025391 0.035156
0 0.465820 0.496094 0.017578 0.015625
0 0.475586 0.447266 0.029297 0.023438
0 0.282227 0.467773 0.009766 0.017578
0 0.287109 0.441406 0.019531 0.015625
0 0.321289 0.429688 0.017578 0.015625
0 0.327148 0.490234 0.013672 0.011719
0 0.262695 0.460938 0.013672 0.035156
0 0.491211 0.337891 0.025391 0.011719
0 0.471680 0.313477 0.037109 0.017578
0 0.552734 0.089844 0.015625 0.015625
