0 0.826923 0.659443 0.014793 0.018576
0 0.866864 0.662539 0.017751 0.030960
0 0.461538 0.555728 0.011834 0.015480
0 0.399408 0.174923 0.029586 0.034056
0 0.168639 0.716718 0.011834 0.034056
0 0.071006 0.738390 0.017751 0.015480
0 0.477811 0.616099 0.026627 0.024768
0 0.470414 0.718266 0.023669 0.043344
0 0.181953 0.208978 0.026627 0.027864
0 0.553254 0.473684 0.017751 0.018576
0 0.389053 0.719814 0.038462 0.021672
0 0.242604 0.778638 0.011834 0.015480
0 0.202663 0.781734 0.032544 0.027864
0 0.480769 0.503096 0.026627 0.027864
0 0.482249 0.465944 0.011834 0.009288
0 0.841716 0.724458 0.044379 0.049536
0 0.798817 0.704334 0.011834 0.021672
0 0.260355 0.314241 0.035503 0.040248
0 0.579882 0.445820 0.011834 0.024768
0 0.653846 0.487616 0.011834 0.015480
0 0.680473 0.503096 0.011834 0.015480
0 0.193787 0.255418 0.026627 0.027864
0 0.235207 0.260062 0.014793 0.012384
0 0.517751 0.869969 0.029586 0.037152
0 0.942308 0.500000 0.032544 0.040248
0 0.915680 0.600619 0.014793 0.018576
0 0.044379 0.165635 0.029586 0.027864
0 0.144970 0.318885 0.017751 0.012384
0 0.782544 0.653251 0.020710 0.030960
0 0.525148 0.509288 0.020710 0.015480
