0 0.202148 0.595703 0.033203 0.023438
0 0.205078 0.638672 0.015625 0.011719
0 0.055664 0.813477 0.029297 0.029297
0 0.183594 0.694336 0.011719 0.005859
0 0.208984 0.749023 0.011719 0.013672
0 0.301758 0.283203 0.041016 0.039062
0 0.279297 0.234375 0.015625 0.011719
0 0.462891 0.267578 0.019531 0.019531
0 0.422852 0.267578 0.017578 0.027344
0 0.487305 0.164062 0.021484 0.011719
0 0.069336 0.502930 0.021484 0.037109
0 0.270508 0.551758 0.021484 0.025391
0 0.252930 0.496094 0.017578 0.015625
0 0.285156 0.712891 0.031250 0.027344
0 0.533203 0.299805 0.019531 0.013672
0 0.525391 0.245117 0.027344 0.017578
0 0.417969 0.388672 0.015625 0.011719
0 0.191406 0.826172 0.031250 0.035156
0 0.134766 0.526367 0.035156 0.037109
0 0.523438 0.441406 0.046875 0.035156
0 0.530273 0.476562 0.013672 0.015625
0 0.142578 0.596680 0.039062 0.017578
0 0.311523 0.451172 0.033203 0.039062
0 0.375977 0.363281 0.017578 0.015625
0 0.349609 0.242188 0.019531 0.015625
0 0.452148 0.416992 0.013672 0.017578
0 0.438477 0.465820 0.017578 0.013672
0 0.161133 0.697266 0.017578 0.015625
0 0.125000 0.683594 0.011719 0.011719
0 0.080078 0.609375 0.015625 0.015625
