0 0.636542 0.867188 0.011788 0.011161
0 0.491159 0.243304 0.011788 0.013393
0 0.642436 0.543527 0.023576 0.020089
0 0.658153 0.685268 0.019646 0.026786
0 0.640472 0.639509 0.015717 0.020089
0 0.466601 0.603795 0.017682 0.015625
0 0.321218 0.206473 0.017682 0.020089
0 0.592338 0.675223 0.033399 0.042411
0 0.573674 0.724330 0.011788 0.015625
0 0.634578 0.329241 0.007859 0.015625
0 0.657171 0.338170 0.009823 0.015625
0 0.649312 0.405134 0.021611 0.011161
0 0.614931 0.354911 0.011788 0.008929
0 0.611002 0.771205 0.011788 0.011161
0 0.574656 0.821429 0.009823 0.013393
0 0.260314 0.332589 0.025540 0.017857
0 0.244597 0.273438 0.021611 0.011161
0 0.531434 0.160714 0.017682 0.017857
0 0.458743 0.742188 0.037328 0.037946
0 0.708251 0.168527 0.029470 0.033482
0 0.808448 0.580357 0.005894 0.013393
0 0.781925 0.520089 0.027505 0.022321
0 0.769155 0.929688 0.013752 0.015625
0 0.447937 0.425223 0.023576 0.020089
0 0.483301 0.385045 0.023576 0.024554
0 0.536346 0.339286 0.019646 0.013393
0 0.591356 0.458705 0.019646 0.020089
0 0.691552 0.393973 0.043222 0.051339
0 0.736739 0.369420 0.011788 0.020089
0 0.574656 0.541295 0.017682 0.020089
