0 0.294531 0.436719 0.048438 0.051562
0 0.309375 0.483594 0.012500 0.010937
0 0.680469 0.421094 0.023438 0.017188
0 0.729688 0.401562 0.021875 0.028125
0 0.154688 0.683594 0.009375 0.020313
0 0.436719 0.593750 0.026562 0.025000
0 0.204687 0.697656 0.009375 0.017188
0 0.199219 0.653906 0.020313 0.017188
0 0.328125 0.480469 0.012500 0.017188
0 0.599219 0.459375 0.014063 0.021875
0 0.117969 0.473438 0.017188 0.012500
0 0.091406 0.260156 0.035937 0.032813
0 0.329688 0.166406 0.018750 0.020313
0 0.428125 0.629687 0.015625 0.031250
0 0.303125 0.398438 0.009375 0.009375
0 0.248438 0.445312 0.015625 0.009375
0 0.421094 0.528125 0.039062 0.031250
0 0.351562 0.522656 0.018750 0.017188
0 0.137500 0.769531 0.037500 0.035937
0 0.135937 0.725000 0.018750 0.021875
0 0.117969 0.373437 0.020313 0.021875
0 0.157031 0.350000 0.032813 0.028125
0 0.181250 0.539062 0.021875 0.018750
0 0.686719 0.535156 0.032813 0.020313
0 0.673438 0.567969 0.031250 0.032813
0 0.369531 0.590625 0.032813 0.021875
0 0.222656 0.362500 0.020313 0.015625
0 0.275781 0.347656 0.045312 0.032813
0 0.631250 0.546875 0.031250 0.015625
0 0.327344 0.375781 0.014063 0.014063
