0 0.531667 0.728333 0.036667 0.016667
0 0.576667 0.718333 0.026667 0.023333
0 0.683333 0.408333 0.020000 0.030000
0 0.676667 0.446667 0.033333 0.013333
0 0.323333 0.778333 0.033333 0.030000
0 0.330000 0.736667 0.020000 0.013333
0 0.706667 0.473333 0.020000 0.013333
0 0.713333 0.408333 0.013333 0.010000
0 0.680000 0.575000 0.013333 0.016667
0 0.686667 0.506667 0.020000 0.020000
0 0.665000 0.210000 0.030000 0.026667
0 0.696667 0.246667 0.020000 0.013333
0 0.713333 0.550000 0.026667 0.033333
0 0.213333 0.698333 0.013333 0.016667
0 0.743333 0.635000 0.013333 0.016667
0 0.453333 0.893333 0.033333 0.040000
0 0.503333 0.895000 0.013333 0.023333
0 0.823333 0.205000 0.013333 0.016667
0 0.808333 0.250000 0.010000 0.013333
0 0.400000 0.785000 0.020000 0.016667
0 0.446667 0.800000 0.013333 0.026667
0 0.216667 0.808333 0.013333 0.030000
0 0.210000 0.848333 0.013333 0.016667
0 0.886667 0.236667 0.026667 0.026667
0 0.910000 0.195000 0.026667 0.023333
0 0.665000 0.536667 0.016667 0.013333
0 0.283333 0.775000 0.013333 0.016667
0 0.285000 0.743333 0.016667 0.020000
0 0.740000 0.751667 0.026667 0.036667
0 0.235000 0.731667 0.023333 0.016667
