0 0.384766 0.604492 0.027344 0.033203
0 0.340820 0.496094 0.025391 0.019531
0 0.326172 0.462891 0.035156 0.027344
0 0.716797 0.867188 0.019531 0.019531
0 0.621094 0.573242 0.031250 0.033203
0 0.661133 0.568359 0.033203 0.035156
0 0.211914 0.241211 0.037109 0.037109
0 0.507812 0.497070 0.015625 0.017578
0 0.712891 0.523438 0.011719 0.011719
0 0.766602 0.532227 0.017578 0.021484
0 0.755859 0.490234 0.023438 0.035156
0 0.768555 0.861328 0.021484 0.023438
0 0.755859 0.820312 0.011719 0.019531
0 0.659180 0.715820 0.017578 0.021484
0 0.165039 0.447266 0.041016 0.042969
0 0.772461 0.558594 0.017578 0.015625
0 0.772461 0.580078 0.021484 0.011719
0 0.400391 0.534180 0.023438 0.021484
0 0.438477 0.531250 0.013672 0.011719
0 0.791992 0.414062 0.009766 0.023438
0 0.798828 0.375000 0.019531 0.015625
0 0.723633 0.660156 0.029297 0.027344
0 0.731445 0.603516 0.013672 0.015625
0 0.122070 0.502930 0.033203 0.025391
0 0.121094 0.427734 0.023438 0.023438
0 0.836914 0.563477 0.017578 0.033203
0 0.835938 0.632812 0.023438 0.042969
0 0.644531 0.650391 0.015625 0.015625
0 0.647461 0.624023 0.025391 0.021484
0 0.835938 0.439453 0.039062 0.039062
