0 0.877778 0.806716 0.025000 0.025373
0 0.177083 0.431343 0.040278 0.044776
0 0.024306 0.223881 0.031944 0.041791
0 0.018750 0.267164 0.009722 0.008955
0 0.422917 0.664925 0.012500 0.013433
0 0.093056 0.352239 0.022222 0.023881
0 0.086806 0.425373 0.012500 0.017910
0 0.323611 0.325373 0.011111 0.008955
0 0.154861 0.103731 0.023611 0.025373
0 0.148611 0.164179 0.022222 0.032836
0 0.352083 0.476119 0.034722 0.023881
0 0.524306 0.518657 0.012500 0.016418
0 0.524306 0.492537 0.015278 0.014925
0 0.234028 0.529851 0.040278 0.032836
0 0.213889 0.247015 0.019444 0.025373
0 0.820139 0.323134 0.037500 0.034328
0 0.706250 0.725373 0.029167 0.017910
0 0.157639 0.526119 0.015278 0.007463
0 0.200694 0.518657 0.009722 0.013433
0 0.187500 0.538806 0.013889 0.011940
0 0.943056 0.247761 0.022222 0.032836
0 0.359028 0.744030 0.040278 0.040299
0 0.322222 0.710448 0.016667 0.023881
0 0.736111 0.847761 0.027778 0.029851
0 0.875694 0.221642 0.034722 0.031343
0 0.803472 0.847015 0.029167 0.028358
0 0.826389 0.181343 0.033333 0.037313
0 0.434722 0.448507 0.013889 0.022388
0 0.787500 0.739552 0.011111 0.022388
0 0.822917 0.741045 0.029167 0.022388
