0 0.426563 0.256250 0.015625 0.021875
0 0.433594 0.226562 0.017188 0.018750
0 0.109375 0.386719 0.025000 0.014063
0 0.104688 0.426563 0.034375 0.031250
0 0.335938 0.835156 0.025000 0.032813
0 0.366406 0.867188 0.014063 0.015625
0 0.223438 0.554688 0.025000 0.021875
0 0.642188 0.928906 0.018750 0.014063
0 0.175781 0.518750 0.023438 0.028125
0 0.181250 0.477344 0.031250 0.035937
0 0.221094 0.412500 0.029687 0.034375
0 0.096094 0.516406 0.010937 0.014063
0 0.103906 0.483594 0.020313 0.017188
0 0.296875 0.147656 0.028125 0.020313
0 0.308594 0.186719 0.032813 0.045312
0 0.603125 0.808594 0.025000 0.017188
0 0.462500 0.796875 0.015625 0.015625
0 0.653125 0.765625 0.031250 0.031250
0 0.642969 0.722656 0.017188 0.014063
0 0.123438 0.646094 0.018750 0.026562
0 0.103906 0.696094 0.023438 0.026562
0 0.389062 0.143750 0.021875 0.021875
0 0.365625 0.351562 0.037500 0.040625
0 0.394531 0.309375 0.035937 0.018750
0 0.285938 0.337500 0.009375 0.015625
0 0.232031 0.355469 0.026562 0.020313
0 0.645312 0.880469 0.028125 0.023438
0 0.635938 0.905469 0.012500 0.010937
0 0.607031 0.720313 0.014063 0.012500
0 0.739844 0.821875 0.035937 0.037500
