0 0.584961 0.707031 0.029297 0.035156
0 0.827148 0.917969 0.041016 0.027344
0 0.798828 0.868164 0.007812 0.013672
0 0.857422 0.885742 0.011719 0.013672
0 0.509766 0.641602 0.042969 0.029297
0 0.588867 0.772461 0.041016 0.037109
0 0.614258 0.914062 0.017578 0.015625
0 0.586914 0.915039 0.017578 0.025391
0 0.878906 0.732422 0.019531 0.031250
0 0.820312 0.721680 0.046875 0.029297
0 0.227539 0.413086 0.029297 0.029297
0 0.625000 0.884766 0.031250 0.019531
0 0.509766 0.598633 0.015625 0.013672
0 0.302734 0.548828 0.015625 0.015625
0 0.265625 0.529297 0.015625 0.011719
0 0.774414 0.876953 0.021484 0.027344
0 0.724609 0.887695 0.011719 0.013672
0 0.688477 0.811523 0.029297 0.009766
0 0.668945 0.790039 0.009766 0.013672
0 0.568359 0.614258 0.027344 0.025391
0 0.385742 0.762695 0.017578 0.013672
0 0.397461 0.798828 0.025391 0.027344
0 0.109375 0.439453 0.027344 0.027344
0 0.139648 0.404297 0.017578 0.015625
0 0.768555 0.915039 0.029297 0.021484
0 0.612305 0.835938 0.041016 0.031250
0 0.576172 0.845703 0.007812 0.019531
0 0.756836 0.792969 0.017578 0.019531
0 0.500000 0.770508 0.019531 0.037109
0 0.907227 0.627930 0.037109 0.025391
