0 0.411364 0.502770 0.013636 0.019391
0 0.429545 0.584488 0.022727 0.038781
0 0.405303 0.601108 0.013636 0.027701
0 0.451515 0.231302 0.012121 0.013850
0 0.429545 0.238227 0.007576 0.022161
0 0.483333 0.576177 0.009091 0.033241
0 0.521212 0.565097 0.015152 0.027701
0 0.593939 0.574792 0.009091 0.019391
0 0.542424 0.524931 0.015152 0.019391
0 0.349242 0.245152 0.010606 0.019391
0 0.333333 0.210526 0.009091 0.011080
0 0.481818 0.281163 0.012121 0.008310
0 0.521212 0.286704 0.015152 0.024931
0 0.564394 0.430748 0.019697 0.030471
0 0.574242 0.495845 0.021212 0.016620
0 0.543939 0.347645 0.024242 0.041551
0 0.578788 0.332410 0.018182 0.044321
0 0.353030 0.601108 0.006061 0.016620
0 0.340152 0.444598 0.022727 0.030471
0 0.446970 0.372576 0.012121 0.019391
0 0.439394 0.342105 0.018182 0.019391
0 0.569697 0.222992 0.006061 0.013850
0 0.494697 0.441828 0.022727 0.024931
0 0.348485 0.353186 0.015152 0.036011
0 0.473485 0.333795 0.010606 0.036011
