0 0.347656 0.921094 0.035937 0.035937
0 0.394531 0.909375 0.029687 0.028125
0 0.404687 0.732812 0.012500 0.009375
0 0.184375 0.592969 0.025000 0.014063
0 0.200000 0.560156 0.015625 0.010937
0 0.202344 0.635938 0.026562 0.037500
0 0.178125 0.640625 0.009375 0.015625
0 0.431250 0.451562 0.015625 0.009375
0 0.514062 0.382031 0.031250 0.023438
0 0.189062 0.764062 0.037500 0.021875
0 0.187500 0.737500 0.021875 0.018750
0 0.091406 0.632812 0.026562 0.028125
0 0.171875 0.679688 0.018750 0.015625
0 0.127344 0.674219 0.026562 0.026562
0 0.436719 0.408594 0.026562 0.023438
0 0.257812 0.941406 0.015625 0.014063
0 0.290625 0.903906 0.015625 0.020313
0 0.420312 0.376563 0.009375 0.009375
0 0.619531 0.419531 0.023438 0.014063
0 0.427344 0.491406 0.029687 0.023438
0 0.496094 0.928125 0.017188 0.012500
0 0.139844 0.835156 0.039062 0.045312
0 0.207813 0.701562 0.015625 0.037500
0 0.180469 0.707031 0.020313 0.020313
0 0.643750 0.469531 0.015625 0.007812
0 0.619531 0.464844 0.017188 0.010937
0 0.565625 0.416406 0.040625 0.039062
0 0.489063 0.464062 0.037500 0.021875
0 0.272656 0.681250 0.017188 0.015625
0 0.235937 0.558594 0.006250 0.014063
