0 0.903000 0.565000 0.010000 0.014000
0 0.937000 0.570000 0.034000 0.028000
0 0.261000 0.768000 0.030000 0.040000
0 0.205000 0.611000 0.030000 0.030000
0 0.202000 0.544000 0.016000 0.012000
0 0.199000 0.865000 0.018000 0.022000
0 0.216000 0.902000 0.020000 0.036000
0 0.504000 0.462000 0.032000 0.024000
0 0.464000 0.706000 0.032000 0.024000
0 0.453000 0.675000 0.010000 0.014000
0 0.469000 0.877000 0.022000 0.018000
0 0.505000 0.853000 0.018000 0.014000
0 0.496000 0.879000 0.008000 0.014000
0 0.854000 0.397000 0.052000 0.046000
0 0.192000 0.810000 0.024000 0.020000
0 0.193000 0.758000 0.034000 0.036000
0 0.759000 0.363000 0.018000 0.018000
0 0.772000 0.400000 0.028000 0.016000
0 0.462000 0.611000 0.012000 0.010000
0 0.465000 0.568000 0.034000 0.044000
0 0.760000 0.446000 0.032000 0.016000
0 0.754000 0.471000 0.016000 0.018000
0 0.528000 0.625000 0.012000 0.014000
0 0.533000 0.569000 0.018000 0.014000
0 0.686000 0.582000 0.024000 0.024000
0 0.718000 0.565000 0.016000 0.022000
0 0.800000 0.452000 0.008000 0.020000
0 0.826000 0.456000 0.020000 0.024000
0 0.426000 0.601000 0.020000 0.022000
0 0.425000 0.563000 0.022000 0.026000
