0 0.331055 0.160069 0.005078 0.015972
0 0.396875 0.628472 0.009375 0.018056
0 0.444922 0.633333 0.011719 0.019444
0 0.667969 0.702083 0.021875 0.026389
0 0.569141 0.595833 0.017969 0.025000
0 0.488281 0.668750 0.009375 0.018056
0 0.482422 0.589583 0.014844 0.026389
0 0.644141 0.663194 0.019531 0.020833
0 0.678906 0.655556 0.009375 0.016667
0 0.445312 0.696528 0.007812 0.004167
0 0.399609 0.696528 0.007031 0.012500
0 0.509375 0.699306 0.020313 0.029167
0 0.535156 0.690972 0.007812 0.009722
0 0.410156 0.662500 0.012500 0.022222
0 0.453906 0.669444 0.012500 0.016667
0 0.666797 0.586111 0.008594 0.016667
0 0.641406 0.589583 0.018750 0.031944
0 0.624219 0.627083 0.012500 0.026389
0 0.569141 0.696528 0.016406 0.034722
0 0.453906 0.592361 0.015625 0.026389
0 0.485938 0.637500 0.020313 0.013889
0 0.565234 0.625000 0.007031 0.019444
0 0.586719 0.614583 0.010937 0.012500
0 0.585547 0.665278 0.016406 0.016667
0 0.558594 0.659028 0.010937 0.018056
