0 0.419531 0.551562 0.017188 0.025000
0 0.375781 0.700000 0.032813 0.031250
0 0.367188 0.664844 0.025000 0.014063
0 0.802344 0.475000 0.017188 0.015625
0 0.770312 0.495312 0.012500 0.012500
0 0.614062 0.585156 0.037500 0.042188
0 0.789062 0.836719 0.012500 0.035937
0 0.680469 0.600000 0.010937 0.015625
0 0.710938 0.592187 0.034375 0.021875
0 0.510156 0.483594 0.026562 0.035937
0 0.554688 0.476562 0.028125 0.025000
0 0.753125 0.522656 0.006250 0.014063
0 0.713281 0.764844 0.017188 0.029687
0 0.667969 0.751563 0.017188 0.015625
0 0.520312 0.679688 0.028125 0.040625
0 0.488281 0.737500 0.020313 0.015625
0 0.554688 0.360156 0.012500 0.014063
0 0.579688 0.358594 0.009375 0.014063
0 0.860156 0.773438 0.032813 0.028125
0 0.652344 0.592187 0.007812 0.015625
0 0.623437 0.758594 0.037500 0.029687
0 0.424219 0.752344 0.017188 0.014063
0 0.432031 0.788281 0.042188 0.042188
0 0.302344 0.710156 0.029687 0.023438
0 0.296094 0.675781 0.029687 0.020313
0 0.758594 0.775000 0.017188 0.028125
0 0.804688 0.780469 0.025000 0.023438
0 0.454688 0.450000 0.031250 0.025000
0 0.444531 0.508594 0.023438 0.039062
0 0.707031 0.717187 0.032813 0.034375
