0 0.658203 0.288086 0.023438 0.037109
0 0.694336 0.278320 0.033203 0.029297
0 0.914062 0.325195 0.031250 0.025391
0 0.671875 0.224609 0.039062 0.046875
0 0.640625 0.774414 0.023438 0.029297
0 0.583008 0.778320 0.029297 0.021484
0 0.410156 0.642578 0.019531 0.023438
0 0.437500 0.634766 0.019531 0.019531
0 0.149414 0.285156 0.021484 0.027344
0 0.149414 0.323242 0.017578 0.013672
0 0.843750 0.248047 0.031250 0.011719
0 0.779297 0.221680 0.035156 0.041016
0 0.581055 0.721680 0.013672 0.009766
0 0.592773 0.229492 0.033203 0.041016
0 0.633789 0.232422 0.021484 0.019531
0 0.945312 0.223633 0.023438 0.029297
0 0.904297 0.218750 0.035156 0.035156
0 0.271484 0.788086 0.039062 0.041016
0 0.327148 0.806641 0.021484 0.035156
0 0.287109 0.591797 0.023438 0.042969
0 0.313477 0.608398 0.009766 0.013672
0 0.505859 0.733398 0.035156 0.033203
0 0.537109 0.697266 0.019531 0.019531
0 0.254883 0.711914 0.009766 0.021484
0 0.098633 0.201172 0.025391 0.027344
0 0.149414 0.164062 0.025391 0.023438
0 0.625977 0.571289 0.021484 0.013672
0 0.628906 0.601562 0.031250 0.027344
0 0.025391 0.257812 0.027344 0.031250
0 0.032227 0.305664 0.021484 0.033203
