0 0.313497 0.231674 0.013497 0.029046
0 0.244172 0.309129 0.019632 0.023513
0 0.102454 0.295297 0.018405 0.017981
0 0.139264 0.291840 0.011043 0.011065
0 0.114110 0.237898 0.019632 0.024896
0 0.057669 0.307746 0.022086 0.017981
0 0.403681 0.570539 0.014724 0.023513
0 0.431288 0.558091 0.020859 0.023513
0 0.432515 0.268326 0.028221 0.030429
0 0.474847 0.266943 0.017178 0.027663
0 0.742945 0.575380 0.020859 0.038728
0 0.274847 0.307054 0.012270 0.016598
0 0.301840 0.300830 0.009816 0.012448
0 0.152147 0.257261 0.014724 0.013831
0 0.098160 0.271784 0.017178 0.012448
0 0.454601 0.671508 0.035583 0.026279
0 0.418405 0.702628 0.017178 0.033195
0 0.283436 0.233748 0.019632 0.019364
0 0.244785 0.240664 0.015951 0.019364
0 0.412270 0.346473 0.017178 0.017981
0 0.379755 0.308437 0.015951 0.011065
0 0.184049 0.600968 0.022086 0.029046
0 0.208589 0.572614 0.014724 0.019364
0 0.711656 0.502075 0.029448 0.033195
0 0.276687 0.336100 0.025767 0.027663
0 0.035583 0.645920 0.029448 0.030429
0 0.738037 0.632089 0.011043 0.011065
0 0.276074 0.367911 0.012270 0.022130
0 0.174233 0.336100 0.022086 0.030429
0 0.087730 0.329876 0.008589 0.012448
