0 0.042969 0.609875 0.010937 0.018081
0 0.021875 0.586926 0.010937 0.038943
0 0.112500 0.611266 0.026562 0.048679
0 0.366797 0.312239 0.016406 0.018081
0 0.385937 0.285118 0.012500 0.022253
0 0.819141 0.349791 0.007031 0.015299
0 0.303906 0.181502 0.020313 0.045897
0 0.327344 0.194715 0.009375 0.011127
0 0.887109 0.401252 0.010156 0.018081
0 0.953125 0.402643 0.014063 0.012517
0 0.320312 0.577886 0.015625 0.020862
0 0.812891 0.431154 0.010156 0.016690
0 0.834766 0.429764 0.005469 0.013908
0 0.204297 0.312935 0.014844 0.027816
0 0.229687 0.308067 0.014063 0.037552
0 0.727734 0.353268 0.008594 0.016690
0 0.267578 0.242698 0.019531 0.037552
0 0.246484 0.246871 0.013281 0.040334
0 0.144141 0.896384 0.011719 0.015299
0 0.161719 0.865090 0.023438 0.033380
0 0.174609 0.719054 0.014844 0.036161
0 0.121094 0.778860 0.021875 0.044506
0 0.273828 0.317803 0.005469 0.020862
0 0.230469 0.598748 0.004687 0.012517
0 0.242188 0.634910 0.007812 0.012517
0 0.263672 0.175243 0.016406 0.022253
0 0.284766 0.156467 0.010156 0.026426
0 0.876172 0.360918 0.007031 0.006954
0 0.816016 0.405424 0.007031 0.018081
0 0.837109 0.403338 0.011719 0.022253
