0 0.498047 0.192383 0.019531 0.029297
0 0.467773 0.250000 0.017578 0.015625
0 0.846680 0.609375 0.029297 0.027344
0 0.804688 0.588867 0.027344 0.025391
0 0.465820 0.936523 0.021484 0.025391
0 0.434570 0.937500 0.017578 0.011719
0 0.458984 0.868164 0.023438 0.017578
0 0.424805 0.866211 0.017578 0.037109
0 0.341797 0.936523 0.023438 0.025391
0 0.391602 0.936523 0.025391 0.021484
0 0.521484 0.863281 0.015625 0.015625
0 0.493164 0.874023 0.025391 0.021484
0 0.106445 0.875977 0.017578 0.021484
0 0.506836 0.706055 0.025391 0.029297
0 0.510742 0.746094 0.017578 0.019531
0 0.165039 0.924805 0.041016 0.037109
0 0.713867 0.982422 0.025391 0.023438
0 0.687500 0.979492 0.011719 0.017578
0 0.697266 0.939453 0.042969 0.035156
0 0.747070 0.933594 0.013672 0.007812
0 0.470703 0.124023 0.031250 0.025391
0 0.483398 0.307617 0.029297 0.029297
0 0.818359 0.508789 0.015625 0.013672
0 0.799805 0.547852 0.021484 0.009766
0 0.279297 0.732422 0.019531 0.015625
0 0.235352 0.738281 0.013672 0.011719
0 0.738281 0.623047 0.039062 0.035156
0 0.331055 0.359375 0.017578 0.015625
0 0.423828 0.414062 0.019531 0.019531
0 0.629883 0.945312 0.037109 0.027344
