0 0.122070 0.657227 0.017578 0.009766
0 0.214844 0.637695 0.023438 0.017578
0 0.294922 0.565430 0.035156 0.037109
0 0.285156 0.504883 0.019531 0.017578
0 0.683594 0.350586 0.011719 0.005859
0 0.672852 0.331055 0.013672 0.017578
0 0.675781 0.438477 0.015625 0.005859
0 0.765625 0.380859 0.023438 0.023438
0 0.719727 0.346680 0.021484 0.033203
0 0.798828 0.295898 0.019531 0.029297
0 0.826172 0.340820 0.027344 0.017578
0 0.810547 0.492188 0.015625 0.011719
0 0.817383 0.441406 0.025391 0.023438
0 0.806641 0.187500 0.023438 0.019531
0 0.839844 0.228516 0.015625 0.042969
0 0.306641 0.639648 0.042969 0.033203
0 0.678711 0.562500 0.033203 0.027344
0 0.154297 0.307617 0.023438 0.013672
0 0.160156 0.337891 0.019531 0.019531
0 0.731445 0.544922 0.037109 0.039062
0 0.737305 0.596680 0.033203 0.037109
0 0.411133 0.433594 0.017578 0.019531
0 0.455078 0.415039 0.019531 0.013672
0 0.542969 0.508789 0.019531 0.021484
0 0.626953 0.283203 0.015625 0.015625
0 0.601562 0.339844 0.046875 0.050781
0 0.292969 0.330078 0.007812 0.015625
0 0.323242 0.313477 0.013672 0.025391
0 0.506836 0.615234 0.025391 0.035156
0 0.727539 0.454102 0.029297 0.029297
