0 0.766602 0.625000 0.048828 0.156250
0 0.861328 0.632812 0.042969 0.144531
0 0.958984 0.618164 0.035156 0.154297
0 0.906250 0.615234 0.039062 0.164062
0 0.032227 0.559570 0.029297 0.083984
0 0.814453 0.620117 0.054688 0.154297
0 0.583008 0.621094 0.033203 0.160156
0 0.693359 0.630859 0.035156 0.152344
0 0.868164 0.970703 0.041016 0.058594
0 0.276367 0.671875 0.037109 0.105469
0 0.662109 0.628906 0.035156 0.148438
0 0.159180 0.651367 0.041016 0.138672
0 0.608398 0.623047 0.029297 0.152344
0 0.490234 0.622070 0.019531 0.134766
0 0.633789 0.630859 0.025391 0.140625
0 0.421875 0.641602 0.046875 0.142578
0 0.474609 0.641602 0.031250 0.099609
0 0.123047 0.645508 0.031250 0.126953
0 0.062500 0.631836 0.027344 0.021484
0 0.922852 0.785156 0.013672 0.011719
0 0.197266 0.820312 0.042969 0.035156
0 0.355469 0.469727 0.011719 0.017578
0 0.504883 0.356445 0.029297 0.025391
0 0.431641 0.548828 0.031250 0.027344
0 0.496094 0.316406 0.015625 0.011719
0 0.082031 0.815430 0.011719 0.009766
0 0.637695 0.879883 0.021484 0.017578
0 0.687500 0.892578 0.027344 0.011719
0 0.374023 0.283203 0.029297 0.015625
0 0.364258 0.305664 0.021484 0.009766
0 0.667969 0.523438 0.042969 0.039062
0 0.448242 0.283203 0.021484 0.023438
0 0.497070 0.429688 0.013672 0.019531
0 0.511719 0.478516 0.027344 0.031250
0 0.809570 0.815430 0.029297 0.041016
0 0.198242 0.686523 0.013672 0.013672
0 0.528320 0.441406 0.017578 0.015625
0 0.478516 0.431641 0.007812 0.019531
0 0.728516 0.608398 0.011719 0.013672
0 0.271484 0.574219 0.011719 0.019531
0 0.241211 0.571289 0.009766 0.013672
0 0.420898 0.515625 0.009766 0.015625
0 0.446289 0.513672 0.013672 0.011719
0 0.355469 0.376953 0.023438 0.035156
0 0.393555 0.341797 0.025391 0.023438
0 0.719727 0.420898 0.029297 0.037109
0 0.239258 0.517578 0.041016 0.019531
0 0.506836 0.524414 0.029297 0.029297
