0 0.504687 0.742188 0.025000 0.018750
0 0.512500 0.686719 0.015625 0.014063
0 0.536719 0.526563 0.014063 0.012500
0 0.503906 0.648438 0.020313 0.018750
0 0.705469 0.848437 0.026562 0.025000
0 0.462500 0.378125 0.009375 0.009375
0 0.338281 0.374219 0.014063 0.010937
0 0.450000 0.618750 0.025000 0.021875
0 0.452344 0.650781 0.023438 0.014063
0 0.555469 0.321094 0.026562 0.026562
0 0.600000 0.321875 0.009375 0.012500
0 0.472656 0.316406 0.014063 0.014063
0 0.539844 0.596875 0.014063 0.018750
0 0.701562 0.748437 0.025000 0.028125
0 0.474219 0.578906 0.017188 0.020313
0 0.602344 0.789062 0.032813 0.021875
0 0.619531 0.814063 0.017188 0.009375
0 0.615625 0.692969 0.018750 0.017188
0 0.602344 0.718750 0.020313 0.015625
0 0.741406 0.747656 0.017188 0.017188
0 0.450000 0.484375 0.021875 0.031250
0 0.445312 0.532813 0.012500 0.006250
0 0.860938 0.650781 0.021875 0.017188
0 0.825781 0.577344 0.020313 0.017188
0 0.503125 0.476562 0.018750 0.018750
0 0.510938 0.506250 0.015625 0.025000
0 0.703125 0.714844 0.028125 0.026562
0 0.448437 0.578125 0.012500 0.006250
0 0.443750 0.553906 0.009375 0.020313
0 0.797656 0.560156 0.023438 0.017188
