0 0.176758 0.292969 0.029297 0.015625
0 0.343750 0.834961 0.042969 0.037109
0 0.386719 0.835938 0.027344 0.035156
0 0.636719 0.867188 0.015625 0.015625
0 0.554688 0.876953 0.019531 0.027344
0 0.185547 0.622070 0.011719 0.013672
0 0.111328 0.667969 0.019531 0.031250
0 0.114258 0.629883 0.021484 0.021484
0 0.233398 0.411133 0.033203 0.029297
0 0.113281 0.339844 0.027344 0.019531
0 0.373047 0.868164 0.015625 0.009766
0 0.219727 0.257812 0.033203 0.027344
0 0.289062 0.233398 0.035156 0.021484
0 0.267578 0.208984 0.019531 0.011719
0 0.276367 0.372070 0.021484 0.009766
0 0.261719 0.330078 0.019531 0.031250
0 0.168945 0.527344 0.025391 0.035156
0 0.176758 0.433594 0.029297 0.019531
0 0.174805 0.361328 0.029297 0.031250
0 0.184570 0.327148 0.013672 0.009766
0 0.235352 0.333008 0.009766 0.017578
0 0.549805 0.763672 0.005859 0.011719
0 0.076172 0.511719 0.015625 0.027344
0 0.820312 0.718750 0.023438 0.019531
0 0.774414 0.725586 0.021484 0.017578
0 0.234375 0.797852 0.019531 0.013672
0 0.189453 0.801758 0.023438 0.029297
0 0.081055 0.625000 0.005859 0.011719
0 0.078125 0.645508 0.015625 0.013672
0 0.175781 0.487305 0.015625 0.017578
