0 0.910636 0.680373 0.010599 0.018092
0 0.512109 0.787222 0.022656 0.038687
0 0.935156 0.195780 0.015625 0.009379
0 0.916797 0.194607 0.010156 0.021102
0 0.918750 0.060961 0.010937 0.025791
0 0.896875 0.145955 0.015625 0.029308
0 0.893750 0.239742 0.023438 0.010551
0 0.891406 0.222157 0.010937 0.012896
0 0.862500 0.150645 0.020313 0.038687
0 0.864453 0.189332 0.021094 0.029308
0 0.243750 0.570926 0.007812 0.025791
0 0.867188 0.060375 0.012500 0.026964
0 0.868750 0.252052 0.012500 0.014068
0 0.216016 0.742673 0.011719 0.012896
0 0.178906 0.703400 0.021875 0.028136
0 0.455078 0.228019 0.014844 0.033998
0 0.865625 0.105510 0.009375 0.018757
0 0.848047 0.099062 0.008594 0.012896
0 0.451562 0.387456 0.009375 0.012896
0 0.465625 0.364009 0.010937 0.029308
0 0.276953 0.566823 0.007031 0.010551
0 0.801172 0.257913 0.013281 0.018757
0 0.783594 0.268464 0.014063 0.016413
0 0.237109 0.825909 0.003906 0.012896
0 0.516406 0.384525 0.026562 0.030481
0 0.523438 0.352286 0.007812 0.012896
0 0.960547 0.123681 0.027344 0.031653
0 0.314453 0.576202 0.022656 0.026964
0 0.280469 0.613130 0.006250 0.021102
0 0.483203 0.345252 0.010156 0.015240
0 0.485156 0.382767 0.020313 0.031653
