0 0.119141 0.958008 0.007812 0.017578
0 0.064453 0.944336 0.015625 0.013672
0 0.229492 0.792969 0.021484 0.023438
0 0.801758 0.448242 0.041016 0.041016
0 0.193359 0.262695 0.035156 0.037109
0 0.756836 0.742188 0.013672 0.027344
0 0.750000 0.783203 0.027344 0.027344
0 0.210938 0.864258 0.011719 0.009766
0 0.252930 0.858398 0.025391 0.025391
0 0.105469 0.816406 0.019531 0.027344
0 0.546875 0.266602 0.015625 0.013672
0 0.579102 0.375977 0.017578 0.017578
0 0.291016 0.363281 0.023438 0.027344
0 0.269531 0.333008 0.015625 0.013672
0 0.464844 0.226562 0.031250 0.023438
0 0.228516 0.348633 0.031250 0.029297
0 0.369141 0.262695 0.011719 0.029297
0 0.103516 0.260742 0.035156 0.037109
0 0.051758 0.257812 0.021484 0.027344
0 0.551758 0.667969 0.013672 0.011719
0 0.351562 0.214844 0.027344 0.035156
0 0.718750 0.672852 0.015625 0.009766
0 0.720703 0.633789 0.015625 0.017578
0 0.569336 0.401367 0.017578 0.013672
0 0.720703 0.557617 0.023438 0.025391
0 0.693359 0.720703 0.027344 0.019531
0 0.245117 0.263672 0.037109 0.035156
0 0.285156 0.266602 0.019531 0.013672
0 0.569336 0.226562 0.021484 0.023438
0 0.533203 0.207031 0.019531 0.007812
