0 0.391602 0.419922 0.009766 0.019531
0 0.424805 0.465820 0.009766 0.021484
0 0.453125 0.288086 0.027344 0.041016
0 0.449219 0.323242 0.023438 0.013672
0 0.444336 0.571289 0.013672 0.017578
0 0.454102 0.606445 0.021484 0.009766
0 0.455078 0.375977 0.023438 0.033203
0 0.448242 0.427734 0.017578 0.015625
0 0.420898 0.291992 0.009766 0.013672
0 0.480469 0.286133 0.011719 0.013672
0 0.481445 0.325195 0.021484 0.009766
0 0.424805 0.376953 0.017578 0.015625
0 0.479492 0.434570 0.017578 0.017578
0 0.396484 0.599609 0.023438 0.015625
0 0.391602 0.566406 0.013672 0.015625
0 0.452148 0.511719 0.025391 0.011719
0 0.458984 0.462891 0.015625 0.011719
0 0.482422 0.571289 0.015625 0.017578
0 0.486328 0.481445 0.015625 0.017578
0 0.490234 0.515625 0.011719 0.019531
0 0.394531 0.295898 0.011719 0.009766
0 0.394531 0.280273 0.015625 0.005859
0 0.392578 0.508789 0.007812 0.017578
0 0.420898 0.546875 0.017578 0.019531
