0 0.581319 0.765934 0.037363 0.041758
0 0.790110 0.857143 0.028571 0.021978
0 0.837363 0.859341 0.013187 0.021978
0 0.542857 0.684615 0.035165 0.041758
0 0.301099 0.853846 0.017582 0.006593
0 0.250549 0.871429 0.030769 0.041758
0 0.252747 0.778022 0.008791 0.013187
0 0.814286 0.829670 0.015385 0.015385
0 0.295604 0.589011 0.019780 0.008791
0 0.243956 0.551648 0.008791 0.017582
0 0.702198 0.827473 0.024176 0.010989
0 0.665934 0.835165 0.017582 0.017582
0 0.756044 0.805495 0.017582 0.019780
0 0.589011 0.608791 0.017582 0.008791
0 0.596703 0.580220 0.015385 0.013187
0 0.868132 0.881319 0.017582 0.021978
0 0.913187 0.885714 0.015385 0.017582
0 0.471429 0.658242 0.037363 0.032967
0 0.434066 0.651648 0.015385 0.015385
0 0.353846 0.865934 0.043956 0.039560
0 0.859341 0.851648 0.013187 0.010989
0 0.919780 0.851648 0.015385 0.010989
0 0.697802 0.884615 0.019780 0.024176
0 0.470330 0.814286 0.017582 0.015385
0 0.264835 0.660440 0.050549 0.050549
0 0.334066 0.735165 0.013187 0.041758
0 0.561538 0.835165 0.019780 0.021978
0 0.731868 0.814286 0.013187 0.010989
0 0.662637 0.808791 0.015385 0.017582
0 0.342857 0.637363 0.017582 0.013187
